2 0.8056640625 0.8623046875 0.1513671875 0.0751953125
1 0.6591796875 0.638671875 0.4091796875 0.3388671875
1 0.65625 0.3056640625 0.025390625 0.0390625
1 0.263671875 0.6982421875 0.3623046875 0.4697265625
1 0.310546875 0.2919921875 0.015625 0.02734375
1 0.283203125 0.3232421875 0.025390625 0.0419921875
1 0.4560546875 0.306640625 0.0439453125 0.0859375
1 0.1875 0.330078125 0.037109375 0.033203125
1 0.2490234375 0.3291015625 0.0205078125 0.0361328125
1 0.5322265625 0.4609375 0.1826171875 0.1552734375
1 0.826171875 0.4501953125 0.220703125 0.205078125
1 0.384765625 0.453125 0.1064453125 0.1611328125
1 0.091796875 0.4833984375 0.1748046875 0.2607421875
1 0.509765625 0.330078125 0.060546875 0.1162109375
1 0.32421875 0.3388671875 0.0546875 0.0888671875
1 0.67578125 0.3876953125 0.0888671875 0.169921875
1 0.755859375 0.2802734375 0.025390625 0.033203125
1 0.9013671875 0.318359375 0.041015625 0.0634765625
1 0.607421875 0.3193359375 0.0390625 0.072265625
1 0.63671875 0.294921875 0.017578125 0.0390625
1 0.796875 0.33203125 0.0810546875 0.125
1 0.712890625 0.2919921875 0.0205078125 0.033203125
1 0.4072265625 0.3515625 0.0390625 0.0751953125
1 0.580078125 0.3154296875 0.0283203125 0.0634765625
1 0.8681640625 0.3017578125 0.048828125 0.0751953125
0 0.869140625 0.5654296875 0.087890625 0.0361328125
1 0.193359375 0.3837890625 0.09375 0.099609375
1 0.0732421875 0.375 0.041015625 0.044921875
1 0.6943359375 0.3056640625 0.013671875 0.02734375
1 0.98046875 0.306640625 0.0205078125 0.0361328125
0 0.443359375 0.568359375 0.0546875 0.0361328125
1 0.955078125 0.3291015625 0.0419921875 0.05859375
0 0.37890625 0.53515625 0.0517578125 0.0419921875
1 0.380859375 0.3427734375 0.0185546875 0.052734375
0 0.46875 0.4482421875 0.056640625 0.0419921875
0 0.412109375 0.3984375 0.0185546875 0.01953125
1 0.873046875 0.3515625 0.0390625 0.046875
1 0.64453125 0.3447265625 0.0263671875 0.0390625
1 0.4951171875 0.3134765625 0.015625 0.0390625
2 0.541015625 0.5498046875 0.0673828125 0.044921875
0 0.4677734375 0.35546875 0.0263671875 0.0224609375
1 0.306640625 0.330078125 0.0185546875 0.0224609375
0 0.4931640625 0.400390625 0.0263671875 0.0166015625
0 0.42578125 0.4345703125 0.029296875 0.01953125
0 0.625 0.3916015625 0.03125 0.0224609375
1 0.9697265625 0.6376953125 0.060546875 0.275390625
0 0.3544921875 0.345703125 0.025390625 0.025390625
0 0.576171875 0.3515625 0.0205078125 0.013671875
0 0.01953125 0.4677734375 0.0263671875 0.025390625
0 0.3046875 0.3984375 0.021484375 0.01953125
1 0.244140625 0.35546875 0.017578125 0.0224609375
0 0.7548828125 0.404296875 0.025390625 0.025390625
0 0.576171875 0.4306640625 0.033203125 0.0390625
0 0.88671875 0.3779296875 0.033203125 0.0166015625
1 0.4365234375 0.3740234375 0.0263671875 0.0419921875
1 0.955078125 0.494140625 0.0830078125 0.0615234375
1 0.591796875 0.341796875 0.0126953125 0.02734375
1 0.3642578125 0.3154296875 0.025390625 0.046875
0 0.67578125 0.33203125 0.017578125 0.01953125
0 0.603515625 0.44140625 0.0263671875 0.0224609375
0 0.498046875 0.54296875 0.029296875 0.025390625
1 0.8388671875 0.33203125 0.0283203125 0.025390625