2 0.8349609375 0.923828125 0.1640625 0.080078125
1 0.681640625 0.69140625 0.4482421875 0.3447265625
1 0.255859375 0.7197265625 0.408203125 0.400390625
1 0.548828125 0.4794921875 0.1533203125 0.1865234375
1 0.3681640625 0.4912109375 0.1328125 0.177734375
1 0.693359375 0.431640625 0.130859375 0.203125
1 0.830078125 0.30859375 0.0234375 0.02734375
1 0.748046875 0.33984375 0.0263671875 0.046875
1 0.44140625 0.40234375 0.1015625 0.150390625
1 0.5068359375 0.37109375 0.0673828125 0.1142578125
1 0.0791015625 0.5068359375 0.154296875 0.2861328125
1 0.2841796875 0.33984375 0.0185546875 0.025390625
1 0.1884765625 0.4443359375 0.1298828125 0.2109375
0 0.1591796875 0.943359375 0.2216796875 0.1083984375
1 0.943359375 0.4599609375 0.1123046875 0.23046875
1 0.3037109375 0.3291015625 0.017578125 0.0302734375
1 0.6435546875 0.3291015625 0.0185546875 0.046875
1 0.205078125 0.3681640625 0.0390625 0.052734375
1 0.662109375 0.322265625 0.0205078125 0.044921875
1 0.4990234375 0.330078125 0.017578125 0.033203125
1 0.546875 0.3740234375 0.037109375 0.05859375
1 0.8671875 0.35546875 0.046875 0.0556640625
1 0.3544921875 0.3427734375 0.0185546875 0.0361328125
1 0.841796875 0.3349609375 0.025390625 0.0419921875
1 0.2783203125 0.4052734375 0.0751953125 0.2333984375
1 0.724609375 0.318359375 0.03125 0.0419921875
1 0.369140625 0.35546875 0.013671875 0.0390625
1 0.5966796875 0.359375 0.0625 0.119140625
1 0.7939453125 0.3515625 0.0625 0.09765625
1 0.419921875 0.3681640625 0.0234375 0.05859375
0 0.87890625 0.5986328125 0.142578125 0.080078125
1 0.896484375 0.3291015625 0.037109375 0.0634765625
0 0.4072265625 0.427734375 0.0234375 0.0224609375
0 0.3759765625 0.578125 0.0546875 0.0390625
1 0.95703125 0.69140625 0.0830078125 0.3056640625
0 0.4384765625 0.609375 0.0546875 0.0419921875
1 0.509765625 0.3056640625 0.0126953125 0.0166015625
1 0.92578125 0.35546875 0.0361328125 0.0556640625
1 0.9814453125 0.365234375 0.037109375 0.046875
0 0.478515625 0.4833984375 0.046875 0.0390625
0 0.705078125 0.48046875 0.048828125 0.0390625
1 0.900390625 0.380859375 0.029296875 0.044921875
0 0.4169921875 0.451171875 0.021484375 0.0361328125
0 0.359375 0.9248046875 0.150390625 0.14453125
2 0.54296875 0.591796875 0.0703125 0.044921875
0 0.583984375 0.4609375 0.037109375 0.044921875
1 0.701171875 0.35546875 0.029296875 0.044921875
0 0.349609375 0.3779296875 0.0205078125 0.02734375
0 0.4921875 0.4306640625 0.025390625 0.0224609375
0 0.32421875 0.4052734375 0.0263671875 0.0166015625
0 0.46875 0.3857421875 0.0185546875 0.0166015625
0 0.2734375 0.423828125 0.056640625 0.0302734375
1 0.099609375 0.4208984375 0.0439453125 0.0751953125
0 0.6435546875 0.4248046875 0.037109375 0.0166015625
1 0.6005859375 0.3291015625 0.0234375 0.0302734375
1 0.806640625 0.3291015625 0.0185546875 0.025390625
0 0.7978515625 0.3779296875 0.017578125 0.0107421875
1 0.763671875 0.2919921875 0.0185546875 0.0224609375
0 0.30078125 0.4990234375 0.0234375 0.0302734375
0 0.611328125 0.556640625 0.0283203125 0.025390625
1 0.478515625 0.3017578125 0.015625 0.013671875
0 0.7685546875 0.365234375 0.0185546875 0.01953125
0 0.59375 0.37890625 0.0185546875 0.013671875
0 0.0390625 0.546875 0.078125 0.0556640625
0 0.912109375 0.4072265625 0.029296875 0.013671875
2 0.029296875 0.943359375 0.0576171875 0.0859375
0 0.6171875 0.4892578125 0.03125 0.02734375
0 0.6064453125 0.390625 0.025390625 0.01953125
1 0.46875 0.3515625 0.0185546875 0.025390625
0 0.2314453125 0.400390625 0.025390625 0.033203125
0 0.822265625 0.35546875 0.029296875 0.0224609375
0 0.130859375 0.46484375 0.0185546875 0.01953125
1 0.357421875 0.4169921875 0.013671875 0.0390625