0 0.833984375 0.9267578125 0.166015625 0.0859375
1 0.654296875 0.6552734375 0.4111328125 0.39453125
1 0.431640625 0.4052734375 0.099609375 0.14453125
1 0.537109375 0.462890625 0.158203125 0.1806640625
1 0.712890625 0.4072265625 0.119140625 0.1474609375
1 0.884765625 0.50390625 0.2080078125 0.236328125
1 0.2919921875 0.4013671875 0.078125 0.1865234375
1 0.3330078125 0.349609375 0.021484375 0.044921875
1 0.240234375 0.7412109375 0.4248046875 0.494140625
1 0.1904296875 0.4345703125 0.1220703125 0.1806640625
1 0.2314453125 0.3447265625 0.0498046875 0.0830078125
1 0.587890625 0.3330078125 0.0439453125 0.0830078125
0 0.197265625 0.9443359375 0.216796875 0.099609375
1 0.064453125 0.451171875 0.1279296875 0.224609375
1 0.71875 0.33203125 0.0439453125 0.0751953125
1 0.486328125 0.3486328125 0.017578125 0.0302734375
1 0.8115234375 0.3388671875 0.0673828125 0.0888671875
1 0.181640625 0.361328125 0.025390625 0.033203125
1 0.9189453125 0.3525390625 0.0810546875 0.111328125
1 0.673828125 0.3212890625 0.0185546875 0.0361328125
2 0.529296875 0.5927734375 0.0419921875 0.046875
0 0.474609375 0.4833984375 0.0361328125 0.0390625
1 0.5224609375 0.3544921875 0.0205078125 0.025390625
0 0.3818359375 0.9423828125 0.095703125 0.115234375
1 0.423828125 0.330078125 0.033203125 0.0556640625
1 0.9814453125 0.35546875 0.037109375 0.044921875
0 0.3798828125 0.578125 0.1123046875 0.0498046875
0 0.4384765625 0.6083984375 0.0517578125 0.0390625
0 0.4189453125 0.453125 0.0185546875 0.033203125
0 0.39453125 0.4306640625 0.044921875 0.0224609375
0 0.349609375 0.3779296875 0.025390625 0.02734375
2 0.7998046875 0.4365234375 0.025390625 0.033203125
1 0.462890625 0.3388671875 0.025390625 0.0390625
0 0.69140625 0.4775390625 0.0361328125 0.0166015625
0 0.455078125 0.3916015625 0.0419921875 0.02734375
0 0.609375 0.3974609375 0.0185546875 0.0166015625
1 0.630859375 0.3486328125 0.0205078125 0.0302734375
1 0.8466796875 0.3291015625 0.015625 0.0361328125
1 0.8173828125 0.3212890625 0.0185546875 0.025390625
0 0.4912109375 0.4306640625 0.0205078125 0.0166015625
0 0.330078125 0.404296875 0.0185546875 0.013671875
0 0.236328125 0.4013671875 0.033203125 0.025390625
2 0.8798828125 0.619140625 0.0283203125 0.0166015625
0 0.79296875 0.380859375 0.0234375 0.0166015625
1 0.7626953125 0.3115234375 0.0185546875 0.0166015625
0 0.650390625 0.41796875 0.0361328125 0.0302734375
0 0.14453125 0.4638671875 0.0263671875 0.0224609375
0 0.283203125 0.4306640625 0.041015625 0.02734375
0 0.31640625 0.369140625 0.013671875 0.033203125
2 0.025390625 0.955078125 0.0498046875 0.0888671875
2 0.4580078125 0.955078125 0.025390625 0.0830078125