2 0.833984375 0.923828125 0.166015625 0.080078125
1 0.638671875 0.625 0.3671875 0.466796875
1 0.25390625 0.755859375 0.3486328125 0.4501953125
1 0.3623046875 0.49609375 0.162109375 0.1640625
1 0.638671875 0.328125 0.021484375 0.033203125
1 0.484375 0.341796875 0.021484375 0.0390625
1 0.6748046875 0.369140625 0.03125 0.0390625
1 0.4619140625 0.3525390625 0.048828125 0.0888671875
1 0.080078125 0.5087890625 0.1513671875 0.2607421875
1 0.1923828125 0.4306640625 0.1064453125 0.1611328125
1 0.234375 0.3515625 0.025390625 0.0361328125
1 0.291015625 0.337890625 0.013671875 0.0302734375
1 0.171875 0.357421875 0.037109375 0.0361328125
1 0.8193359375 0.33203125 0.060546875 0.0859375
1 0.9404296875 0.455078125 0.119140625 0.22265625
1 0.4130859375 0.3681640625 0.060546875 0.1025390625
1 0.5068359375 0.388671875 0.0732421875 0.138671875
0 0.4755859375 0.482421875 0.0419921875 0.0419921875
1 0.2685546875 0.4208984375 0.0751953125 0.1357421875
1 0.734375 0.4052734375 0.0751953125 0.138671875
0 0.3759765625 0.580078125 0.060546875 0.033203125
1 0.59375 0.31640625 0.0185546875 0.0390625
1 0.580078125 0.341796875 0.0185546875 0.0390625
1 0.5029296875 0.33203125 0.015625 0.046875
1 0.275390625 0.3515625 0.0205078125 0.0361328125
1 0.728515625 0.3232421875 0.048828125 0.0693359375
1 0.3564453125 0.3447265625 0.037109375 0.06640625
2 0.5224609375 0.591796875 0.029296875 0.044921875
1 0.923828125 0.3544921875 0.0263671875 0.052734375
1 0.306640625 0.3427734375 0.025390625 0.0419921875
1 0.8916015625 0.390625 0.0361328125 0.080078125
0 0.9296875 0.5791015625 0.0625 0.0361328125
0 0.4384765625 0.607421875 0.0546875 0.0419921875
1 0.5556640625 0.3623046875 0.0361328125 0.0419921875
0 0.4873046875 0.4287109375 0.03125 0.025390625
0 0.869140625 0.609375 0.0751953125 0.0419921875
0 0.4033203125 0.427734375 0.03125 0.0224609375
1 0.9775390625 0.357421875 0.044921875 0.05859375
1 0.76953125 0.3056640625 0.0205078125 0.033203125
1 0.67578125 0.328125 0.017578125 0.02734375
0 0.431640625 0.4677734375 0.0419921875 0.025390625
0 0.201171875 0.3720703125 0.025390625 0.0166015625
1 0.3291015625 0.35546875 0.017578125 0.02734375
0 0.7998046875 0.3740234375 0.0185546875 0.01953125
0 0.611328125 0.3876953125 0.017578125 0.025390625
0 0.4560546875 0.390625 0.025390625 0.01953125
1 0.7802734375 0.3486328125 0.0390625 0.05859375
1 0.9013671875 0.3134765625 0.0283203125 0.0390625
0 0.2861328125 0.4306640625 0.025390625 0.0166015625
0 0.7880859375 0.3984375 0.0390625 0.0419921875
1 0.22265625 0.3818359375 0.0234375 0.0361328125
0 0.294921875 0.3662109375 0.0234375 0.02734375
1 0.8759765625 0.33203125 0.0205078125 0.0361328125
0 0.087890625 0.955078125 0.173828125 0.0830078125
0 0.951171875 0.3916015625 0.0283203125 0.033203125
1 0.947265625 0.35546875 0.0205078125 0.02734375
0 0.240234375 0.41796875 0.021484375 0.01953125
1 0.6259765625 0.3779296875 0.0205078125 0.0224609375