2 0.8349609375 0.923828125 0.1640625 0.080078125
1 0.66796875 0.6318359375 0.4111328125 0.4580078125
1 0.880859375 0.482421875 0.2294921875 0.2412109375
1 0.267578125 0.755859375 0.3955078125 0.47265625
1 0.732421875 0.318359375 0.017578125 0.0302734375
1 0.505859375 0.328125 0.0126953125 0.02734375
1 0.36328125 0.4990234375 0.1640625 0.169921875
1 0.6376953125 0.3193359375 0.0185546875 0.033203125
1 0.455078125 0.3544921875 0.0517578125 0.0859375
1 0.4873046875 0.3486328125 0.0185546875 0.0419921875
1 0.8876953125 0.3232421875 0.0498046875 0.0693359375
1 0.224609375 0.3623046875 0.029296875 0.05859375
1 0.6064453125 0.3544921875 0.0625 0.09765625
1 0.736328125 0.392578125 0.091796875 0.1142578125
1 0.3359375 0.380859375 0.056640625 0.1279296875
1 0.2734375 0.3525390625 0.021484375 0.0390625
1 0.173828125 0.359375 0.037109375 0.05859375
1 0.525390625 0.392578125 0.0751953125 0.1357421875
1 0.0625 0.638671875 0.125 0.5224609375
1 0.8818359375 0.3779296875 0.044921875 0.044921875
1 0.8193359375 0.3427734375 0.0703125 0.09765625
1 0.19140625 0.451171875 0.1357421875 0.197265625
1 0.6748046875 0.3291015625 0.0126953125 0.0302734375
1 0.3662109375 0.35546875 0.0205078125 0.0390625
1 0.767578125 0.3115234375 0.0341796875 0.0556640625
0 0.4794921875 0.4833984375 0.0439453125 0.0390625
1 0.2978515625 0.3349609375 0.013671875 0.0302734375
0 0.5166015625 0.58203125 0.076171875 0.052734375
0 0.8759765625 0.607421875 0.0732421875 0.052734375
0 0.4853515625 0.4306640625 0.029296875 0.0224609375
0 0.439453125 0.607421875 0.052734375 0.0419921875
1 0.69921875 0.337890625 0.0419921875 0.0693359375
0 0.4130859375 0.451171875 0.0263671875 0.0361328125
1 0.0244140625 0.4052734375 0.048828125 0.0615234375
1 0.591796875 0.31640625 0.015625 0.033203125
0 0.404296875 0.427734375 0.029296875 0.0224609375
1 0.9609375 0.705078125 0.0751953125 0.2724609375
1 0.349609375 0.328125 0.0185546875 0.02734375
0 0.380859375 0.580078125 0.048828125 0.033203125
1 0.298828125 0.3740234375 0.0283203125 0.0419921875
1 0.9716796875 0.3623046875 0.056640625 0.0693359375
1 0.2626953125 0.3916015625 0.068359375 0.072265625
0 0.4189453125 0.9189453125 0.083984375 0.162109375
1 0.576171875 0.357421875 0.0263671875 0.046875
2 0.794921875 0.4287109375 0.0205078125 0.025390625
1 0.3330078125 0.3544921875 0.0126953125 0.025390625
0 0.2001953125 0.369140625 0.0185546875 0.0166015625
0 0.7724609375 0.4482421875 0.029296875 0.0302734375
0 0.0087890625 0.50390625 0.017578125 0.0419921875
0 0.609375 0.3876953125 0.0185546875 0.025390625
0 0.7998046875 0.380859375 0.0185546875 0.0166015625
0 0.2998046875 0.49609375 0.0185546875 0.025390625
0 0.2841796875 0.4287109375 0.0439453125 0.025390625
1 0.6044921875 0.3447265625 0.0185546875 0.02734375
0 0.4384765625 0.4677734375 0.0361328125 0.025390625
0 0.6435546875 0.4287109375 0.03125 0.01953125
1 0.0224609375 0.4677734375 0.0419921875 0.05859375
2 0.4599609375 0.955078125 0.0234375 0.0830078125