2 0.8349609375 0.923828125 0.1640625 0.080078125
1 0.66796875 0.673828125 0.435546875 0.380859375
1 0.8798828125 0.4794921875 0.224609375 0.2470703125
1 0.5341796875 0.4765625 0.1591796875 0.1748046875
1 0.375 0.4892578125 0.150390625 0.177734375
1 0.712890625 0.4111328125 0.125 0.177734375
1 0.494140625 0.3427734375 0.029296875 0.046875
1 0.73828125 0.318359375 0.0205078125 0.0361328125
1 0.2568359375 0.7763671875 0.326171875 0.4365234375
1 0.45703125 0.341796875 0.048828125 0.072265625
1 0.53125 0.3232421875 0.0185546875 0.0419921875
1 0.904296875 0.31640625 0.0283203125 0.0390625
1 0.6435546875 0.3251953125 0.0185546875 0.044921875
1 0.7177734375 0.337890625 0.029296875 0.05859375
0 0.33203125 0.9580078125 0.173828125 0.0830078125
1 0.19140625 0.455078125 0.1328125 0.2392578125
1 0.2197265625 0.3681640625 0.033203125 0.052734375
1 0.611328125 0.3447265625 0.0439453125 0.078125
1 0.310546875 0.3330078125 0.021484375 0.0390625
1 0.8115234375 0.341796875 0.060546875 0.111328125
1 0.072265625 0.41796875 0.091796875 0.1083984375
1 0.279296875 0.341796875 0.0205078125 0.02734375
0 0.873046875 0.611328125 0.068359375 0.033203125
1 0.767578125 0.328125 0.0419921875 0.072265625
1 0.3427734375 0.35546875 0.0419921875 0.078125
0 0.3759765625 0.580078125 0.064453125 0.02734375
1 0.849609375 0.3427734375 0.0439453125 0.052734375
1 0.6630859375 0.326171875 0.0234375 0.052734375
1 0.169921875 0.3525390625 0.0390625 0.0615234375
1 0.9677734375 0.37890625 0.064453125 0.158203125
0 0.439453125 0.6083984375 0.052734375 0.0390625
1 0.9501953125 0.681640625 0.09375 0.30859375
0 0.5302734375 0.5791015625 0.1298828125 0.0634765625
1 0.5673828125 0.3720703125 0.041015625 0.0830078125
1 0.306640625 0.4052734375 0.0498046875 0.1669921875
0 0.296875 0.56640625 0.0498046875 0.0224609375
0 0.4638671875 0.388671875 0.0341796875 0.0224609375
1 0.599609375 0.3056640625 0.013671875 0.02734375
1 0.6796875 0.365234375 0.03125 0.05859375
0 0.7705078125 0.443359375 0.03125 0.0361328125
0 0.498046875 0.4306640625 0.0205078125 0.0166015625
0 0.3876953125 0.892578125 0.1376953125 0.091796875
1 0.8818359375 0.3291015625 0.0234375 0.0419921875
1 0.541015625 0.3544921875 0.013671875 0.025390625
0 0.0390625 0.5458984375 0.078125 0.046875
0 0.798828125 0.37890625 0.0205078125 0.013671875
0 0.609375 0.390625 0.015625 0.025390625
1 0.892578125 0.361328125 0.0341796875 0.044921875
1 0.3642578125 0.3544921875 0.0185546875 0.025390625
0 0.787109375 0.4052734375 0.0205078125 0.0224609375
0 0.0380859375 0.5986328125 0.076171875 0.05859375
0 0.232421875 0.4150390625 0.0234375 0.025390625
0 0.587890625 0.4609375 0.025390625 0.044921875
2 0.6103515625 0.48046875 0.0205078125 0.0224609375
1 0.8427734375 0.3232421875 0.013671875 0.01953125
0 0.287109375 0.4287109375 0.033203125 0.025390625
0 0.3017578125 0.505859375 0.025390625 0.0390625
0 0.6455078125 0.427734375 0.03125 0.0166015625
0 0.11328125 0.466796875 0.0263671875 0.0166015625
1 0.755859375 0.31640625 0.0107421875 0.0224609375
0 0.7509765625 0.4775390625 0.0576171875 0.0390625
0 0.9482421875 0.3544921875 0.041015625 0.0302734375