2 0.8359375 0.9267578125 0.166015625 0.0859375
1 0.6806640625 0.6416015625 0.4296875 0.427734375
1 0.380859375 0.482421875 0.1376953125 0.1748046875
1 0.068359375 0.6279296875 0.13671875 0.537109375
1 0.3505859375 0.3359375 0.0419921875 0.06640625
1 0.306640625 0.3251953125 0.0185546875 0.0166015625
1 0.275390625 0.3486328125 0.025390625 0.0419921875
1 0.193359375 0.4462890625 0.1171875 0.2080078125
1 0.3125 0.4052734375 0.0625 0.150390625
1 0.58203125 0.330078125 0.033203125 0.0556640625
1 0.21875 0.357421875 0.03125 0.0419921875
1 0.8427734375 0.46484375 0.154296875 0.203125
1 0.9501953125 0.4541015625 0.099609375 0.23046875
1 0.763671875 0.3193359375 0.0439453125 0.072265625
1 0.6455078125 0.3193359375 0.015625 0.02734375
1 0.484375 0.37109375 0.0595703125 0.1357421875
1 0.8369140625 0.3154296875 0.017578125 0.0419921875
1 0.6796875 0.31640625 0.021484375 0.044921875
1 0.486328125 0.3388671875 0.013671875 0.033203125
0 0.478515625 0.4833984375 0.0419921875 0.0390625
1 0.8974609375 0.33203125 0.0546875 0.0751953125
1 0.419921875 0.3583984375 0.0546875 0.0888671875
1 0.7255859375 0.3212890625 0.0361328125 0.05859375
1 0.716796875 0.400390625 0.1123046875 0.1162109375
1 0.8056640625 0.349609375 0.064453125 0.1162109375
1 0.607421875 0.357421875 0.029296875 0.0419921875
1 0.9375 0.3447265625 0.0439453125 0.072265625
1 0.9501953125 0.6787109375 0.09375 0.3193359375
1 0.330078125 0.3447265625 0.0205078125 0.02734375
0 0.3857421875 0.94140625 0.099609375 0.111328125
1 0.541015625 0.392578125 0.060546875 0.119140625
1 0.638671875 0.4443359375 0.0908203125 0.1669921875
0 0.439453125 0.6083984375 0.052734375 0.0390625
0 0.51953125 0.5654296875 0.095703125 0.052734375
0 0.412109375 0.443359375 0.0185546875 0.0302734375
0 0.392578125 0.580078125 0.048828125 0.0390625
1 0.03125 0.392578125 0.0498046875 0.0693359375
1 0.193359375 0.3681640625 0.03125 0.0419921875
0 0.330078125 0.40234375 0.029296875 0.0166015625
0 0.7978515625 0.3779296875 0.029296875 0.0107421875
0 0.490234375 0.431640625 0.025390625 0.025390625
1 0.6904296875 0.3515625 0.025390625 0.046875
0 0.61328125 0.392578125 0.0205078125 0.025390625
0 0.572265625 0.556640625 0.0361328125 0.0361328125
0 0.8818359375 0.3681640625 0.0361328125 0.013671875
1 0.90625 0.375 0.025390625 0.033203125
1 0.4619140625 0.337890625 0.0263671875 0.0419921875
0 0.462890625 0.3916015625 0.0263671875 0.02734375
0 0.7626953125 0.3583984375 0.0185546875 0.0166015625
1 0.306640625 0.3681640625 0.025390625 0.0302734375
1 0.8203125 0.330078125 0.021484375 0.033203125
0 0.28125 0.4306640625 0.037109375 0.02734375
0 0.2373046875 0.404296875 0.0185546875 0.0302734375
2 0.4990234375 0.591796875 0.0361328125 0.0390625
2 0.4580078125 0.955078125 0.025390625 0.0830078125
0 0.966796875 0.3525390625 0.021484375 0.0224609375
0 0.6181640625 0.3115234375 0.017578125 0.0224609375
1 0.7529296875 0.3232421875 0.0126953125 0.01953125