2 0.833984375 0.923828125 0.166015625 0.080078125
1 0.0810546875 0.630859375 0.15625 0.5390625
1 0.7001953125 0.6904296875 0.46875 0.3251953125
1 0.53515625 0.4697265625 0.154296875 0.2001953125
1 0.431640625 0.4052734375 0.087890625 0.138671875
1 0.6455078125 0.31640625 0.0185546875 0.02734375
1 0.8466796875 0.4736328125 0.228515625 0.23046875
1 0.65625 0.4267578125 0.099609375 0.2080078125
1 0.505859375 0.326171875 0.0126953125 0.025390625
1 0.34375 0.31640625 0.0185546875 0.02734375
1 0.193359375 0.4462890625 0.1123046875 0.236328125
1 0.7685546875 0.33984375 0.0498046875 0.1142578125
1 0.2685546875 0.380859375 0.068359375 0.0947265625
1 0.2255859375 0.3544921875 0.029296875 0.0419921875
1 0.5810546875 0.3251953125 0.037109375 0.0556640625
1 0.3173828125 0.3681640625 0.046875 0.080078125
1 0.712890625 0.34765625 0.03125 0.0556640625
1 0.572265625 0.384765625 0.0361328125 0.0693359375
0 0.4755859375 0.48046875 0.0419921875 0.0390625
1 0.89453125 0.3291015625 0.0517578125 0.0751953125
1 0.1689453125 0.341796875 0.037109375 0.0556640625
1 0.966796875 0.4306640625 0.064453125 0.1943359375
1 0.7294921875 0.31640625 0.025390625 0.0498046875
0 0.8798828125 0.6044921875 0.146484375 0.1083984375
0 0.412109375 0.44140625 0.0234375 0.0390625
1 0.671875 0.326171875 0.021484375 0.0361328125
0 0.484375 0.4306640625 0.0283203125 0.0166015625
1 0.017578125 0.3740234375 0.0341796875 0.01953125
0 0.4384765625 0.6083984375 0.0546875 0.0390625
0 0.2685546875 0.91796875 0.375 0.158203125
1 0.361328125 0.341796875 0.029296875 0.0498046875
1 0.6806640625 0.365234375 0.0361328125 0.05859375
1 0.95703125 0.6669921875 0.076171875 0.3388671875
1 0.486328125 0.341796875 0.029296875 0.044921875
0 0.642578125 0.427734375 0.0419921875 0.0166015625
1 0.810546875 0.328125 0.03125 0.0556640625
1 0.4658203125 0.3486328125 0.021484375 0.0302734375
1 0.8486328125 0.330078125 0.0498046875 0.078125
0 0.697265625 0.48046875 0.044921875 0.02734375
0 0.4541015625 0.384765625 0.0234375 0.01953125
0 0.7685546875 0.443359375 0.025390625 0.0302734375
2 0.54296875 0.5927734375 0.0703125 0.046875
1 0.603515625 0.3330078125 0.0185546875 0.033203125
0 0.3466796875 0.3779296875 0.0341796875 0.033203125
0 0.607421875 0.39453125 0.0205078125 0.0166015625
0 0.796875 0.3740234375 0.021484375 0.01953125
1 0.435546875 0.357421875 0.0234375 0.0419921875
0 0.2685546875 0.431640625 0.0625 0.025390625
2 0.6103515625 0.48046875 0.0205078125 0.0224609375
0 0.23828125 0.41796875 0.017578125 0.013671875
0 0.150390625 0.44140625 0.0185546875 0.02734375
1 0.5966796875 0.3525390625 0.015625 0.0224609375
0 0.0068359375 0.5009765625 0.013671875 0.0419921875
1 0.740234375 0.4384765625 0.041015625 0.0498046875
1 0.7705078125 0.3818359375 0.015625 0.046875
1 0.5185546875 0.30859375 0.0185546875 0.02734375
1 0.296875 0.3525390625 0.015625 0.02734375