2 0.833984375 0.9267578125 0.166015625 0.0859375
1 0.6865234375 0.6806640625 0.4482421875 0.35546875
0 0.2373046875 0.9423828125 0.181640625 0.115234375
1 0.369140625 0.490234375 0.1455078125 0.169921875
1 0.4658203125 0.306640625 0.021484375 0.025390625
1 0.810546875 0.46484375 0.1796875 0.2138671875
1 0.435546875 0.3212890625 0.0234375 0.0361328125
1 0.224609375 0.3544921875 0.025390625 0.0419921875
1 0.279296875 0.341796875 0.0234375 0.0390625
1 0.6728515625 0.30859375 0.0205078125 0.02734375
1 0.1884765625 0.455078125 0.1201171875 0.22265625
1 0.076171875 0.515625 0.15234375 0.27734375
1 0.5625 0.453125 0.130859375 0.205078125
1 0.5498046875 0.357421875 0.03125 0.0361328125
1 0.59375 0.337890625 0.0498046875 0.080078125
1 0.76953125 0.31640625 0.0361328125 0.06640625
1 0.9443359375 0.4482421875 0.107421875 0.23046875
1 0.408203125 0.3720703125 0.052734375 0.0830078125
1 0.8369140625 0.3095703125 0.0205078125 0.0302734375
1 0.2802734375 0.419921875 0.076171875 0.18359375
1 0.166015625 0.3544921875 0.037109375 0.052734375
1 0.6474609375 0.318359375 0.013671875 0.0302734375
1 0.88671875 0.3427734375 0.064453125 0.1025390625
1 0.341796875 0.3623046875 0.046875 0.091796875
1 0.369140625 0.35546875 0.0185546875 0.033203125
1 0.962890625 0.6806640625 0.0732421875 0.31640625
1 0.306640625 0.3330078125 0.025390625 0.0390625
1 0.736328125 0.3154296875 0.0283203125 0.0419921875
1 0.7138671875 0.3427734375 0.0283203125 0.0634765625
0 0.380859375 0.9423828125 0.10546875 0.115234375
1 0.5322265625 0.341796875 0.013671875 0.044921875
0 0.380859375 0.5751953125 0.0673828125 0.044921875
0 0.48046875 0.4833984375 0.044921875 0.0390625
1 0.466796875 0.357421875 0.0517578125 0.091796875
0 0.4384765625 0.6083984375 0.0546875 0.0390625
1 0.662109375 0.3681640625 0.068359375 0.125
0 0.537109375 0.576171875 0.1171875 0.0634765625
1 0.1943359375 0.3681640625 0.033203125 0.0419921875
0 0.7001953125 0.4794921875 0.037109375 0.025390625
1 0.451171875 0.3427734375 0.013671875 0.0302734375
0 0.611328125 0.3916015625 0.029296875 0.02734375
0 0.794921875 0.3779296875 0.0263671875 0.0166015625
1 0.130859375 0.419921875 0.025390625 0.02734375
0 0.4267578125 0.466796875 0.0185546875 0.0224609375
1 0.7919921875 0.3525390625 0.0341796875 0.0498046875
1 0.6982421875 0.3544921875 0.015625 0.0302734375
0 0.041015625 0.5458984375 0.0810546875 0.046875
1 0.826171875 0.341796875 0.052734375 0.078125
1 0.9111328125 0.37890625 0.021484375 0.0361328125
0 0.650390625 0.4287109375 0.025390625 0.01953125
1 0.810546875 0.3232421875 0.015625 0.01953125
0 0.9169921875 0.41796875 0.021484375 0.013671875
2 0.4951171875 0.4287109375 0.0185546875 0.013671875