2 0.833984375 0.923828125 0.166015625 0.080078125
1 0.673828125 0.6572265625 0.435546875 0.4248046875
1 0.369140625 0.4931640625 0.15625 0.19140625
1 0.63671875 0.3134765625 0.017578125 0.0166015625
1 0.2509765625 0.779296875 0.345703125 0.4248046875
1 0.70703125 0.392578125 0.095703125 0.125
1 0.9599609375 0.4287109375 0.080078125 0.19140625
1 0.205078125 0.45703125 0.1298828125 0.236328125
1 0.080078125 0.5302734375 0.150390625 0.294921875
1 0.5107421875 0.3916015625 0.0751953125 0.150390625
1 0.5009765625 0.3291015625 0.013671875 0.0361328125
1 0.224609375 0.35546875 0.013671875 0.0390625
1 0.822265625 0.3291015625 0.0703125 0.080078125
1 0.58203125 0.3291015625 0.0263671875 0.0634765625
1 0.6728515625 0.322265625 0.0205078125 0.033203125
1 0.447265625 0.3291015625 0.021484375 0.0419921875
1 0.48046875 0.341796875 0.017578125 0.0390625
1 0.349609375 0.3515625 0.044921875 0.0859375
1 0.8974609375 0.3359375 0.0703125 0.06640625
1 0.4248046875 0.3740234375 0.0810546875 0.119140625
1 0.7744140625 0.3681640625 0.0546875 0.119140625
0 0.53125 0.578125 0.1064453125 0.0556640625
1 0.94921875 0.681640625 0.095703125 0.3134765625
0 0.474609375 0.48046875 0.0439453125 0.0390625
1 0.0380859375 0.40234375 0.0576171875 0.072265625
0 0.8681640625 0.6162109375 0.1015625 0.0556640625
0 0.408203125 0.4384765625 0.025390625 0.0390625
1 0.197265625 0.3681640625 0.0361328125 0.052734375
1 0.294921875 0.33203125 0.017578125 0.0361328125
0 0.4384765625 0.607421875 0.0546875 0.0419921875
1 0.591796875 0.392578125 0.0654296875 0.1357421875
1 0.736328125 0.279296875 0.03125 0.080078125
1 0.279296875 0.330078125 0.015625 0.02734375
1 0.849609375 0.369140625 0.03125 0.033203125
1 0.767578125 0.3037109375 0.0205078125 0.0302734375
1 0.630859375 0.341796875 0.0498046875 0.06640625
0 0.486328125 0.4306640625 0.0263671875 0.0166015625
0 0.3740234375 0.5791015625 0.064453125 0.0419921875
1 0.55078125 0.3681640625 0.0361328125 0.0634765625
1 0.3125 0.34765625 0.0185546875 0.033203125
0 0.642578125 0.423828125 0.0419921875 0.01953125
1 0.3740234375 0.3720703125 0.0205078125 0.044921875
1 0.2939453125 0.3681640625 0.037109375 0.052734375
0 0.4599609375 0.384765625 0.0263671875 0.01953125
0 0.951171875 0.5791015625 0.076171875 0.0361328125
0 0.6064453125 0.3955078125 0.025390625 0.013671875
0 0.767578125 0.443359375 0.0205078125 0.025390625
1 0.71875 0.337890625 0.025390625 0.0419921875
1 0.736328125 0.318359375 0.015625 0.025390625
0 0.30078125 0.494140625 0.0234375 0.02734375
1 0.5166015625 0.3056640625 0.0234375 0.02734375
0 0.5869140625 0.3740234375 0.0205078125 0.01953125
0 0.798828125 0.3759765625 0.0234375 0.013671875
2 0.609375 0.4794921875 0.021484375 0.025390625
0 0.2822265625 0.4287109375 0.0419921875 0.025390625
1 0.84765625 0.318359375 0.013671875 0.025390625
1 0.23828125 0.3818359375 0.033203125 0.046875
1 0.603515625 0.328125 0.015625 0.0224609375
0 0.587890625 0.462890625 0.025390625 0.0419921875
1 0.9873046875 0.4140625 0.0185546875 0.072265625