2 0.8056640625 0.8623046875 0.1513671875 0.0751953125
1 0.669921875 0.6513671875 0.4296875 0.3134765625
1 0.8310546875 0.4287109375 0.193359375 0.2470703125
1 0.2822265625 0.73046875 0.361328125 0.52734375
1 0.380859375 0.45703125 0.1328125 0.1865234375
1 0.5380859375 0.4287109375 0.158203125 0.1748046875
1 0.880859375 0.29296875 0.029296875 0.0361328125
1 0.5751953125 0.298828125 0.025390625 0.05859375
1 0.744140625 0.2705078125 0.0205078125 0.025390625
1 0.3046875 0.3095703125 0.015625 0.0302734375
1 0.6318359375 0.29296875 0.017578125 0.0302734375
1 0.205078125 0.408203125 0.125 0.171875
1 0.5517578125 0.330078125 0.0341796875 0.044921875
1 0.4619140625 0.330078125 0.0390625 0.072265625
1 0.9716796875 0.2919921875 0.021484375 0.033203125
1 0.8125 0.27734375 0.0185546875 0.0166015625
1 0.6552734375 0.3037109375 0.0361328125 0.0693359375
1 0.291015625 0.326171875 0.025390625 0.0361328125
1 0.19140625 0.341796875 0.029296875 0.044921875
1 0.291015625 0.380859375 0.080078125 0.138671875
1 0.6162109375 0.3291015625 0.060546875 0.080078125
1 0.701171875 0.302734375 0.0283203125 0.033203125
1 0.4892578125 0.318359375 0.0185546875 0.0302734375
1 0.6982421875 0.3759765625 0.09375 0.1357421875
1 0.3603515625 0.31640625 0.0234375 0.0390625
1 0.5009765625 0.3017578125 0.013671875 0.0361328125
0 0.4248046875 0.41796875 0.025390625 0.0361328125
1 0.9736328125 0.3837890625 0.052734375 0.2001953125
1 0.0693359375 0.3740234375 0.048828125 0.05859375
1 0.9404296875 0.6279296875 0.119140625 0.31640625
1 0.0888671875 0.47265625 0.177734375 0.244140625
0 0.4755859375 0.4482421875 0.0390625 0.0419921875
1 0.248046875 0.3330078125 0.017578125 0.0390625
1 0.7939453125 0.296875 0.0625 0.06640625
1 0.9912109375 0.294921875 0.017578125 0.0390625
0 0.4111328125 0.3955078125 0.025390625 0.025390625
0 0.443359375 0.568359375 0.0517578125 0.0361328125
1 0.6572265625 0.3525390625 0.0263671875 0.0498046875
0 0.53515625 0.5390625 0.1171875 0.0498046875
0 0.4873046875 0.40234375 0.03125 0.0224609375
0 0.380859375 0.533203125 0.0576171875 0.0390625
0 0.7001953125 0.44140625 0.0498046875 0.033203125
0 0.1884765625 0.4248046875 0.033203125 0.0166015625
1 0.318359375 0.3017578125 0.0185546875 0.0361328125
2 0.3955078125 0.9736328125 0.0341796875 0.0419921875
0 0.580078125 0.345703125 0.017578125 0.013671875
0 0.744140625 0.4072265625 0.029296875 0.0419921875
0 0.78125 0.3427734375 0.0185546875 0.013671875
0 0.2880859375 0.3955078125 0.0390625 0.025390625
0 0.947265625 0.5166015625 0.0673828125 0.0556640625
0 0.359375 0.3525390625 0.021484375 0.02734375
1 0.6513671875 0.29296875 0.0126953125 0.01953125
0 0.3330078125 0.3740234375 0.0283203125 0.01953125
0 0.607421875 0.455078125 0.0263671875 0.033203125
0 0.39453125 0.5556640625 0.0361328125 0.0107421875
1 0.3427734375 0.404296875 0.017578125 0.0361328125
0 0.5888671875 0.365234375 0.025390625 0.0361328125
1 0.763671875 0.3056640625 0.015625 0.033203125
0 0.15625 0.4306640625 0.0185546875 0.0224609375
0 0.63671875 0.4072265625 0.0419921875 0.046875
1 0.337890625 0.345703125 0.0263671875 0.05859375
1 0.759765625 0.28515625 0.0107421875 0.01953125
0 0.21875 0.4443359375 0.0498046875 0.02734375