2 0.8349609375 0.9267578125 0.1640625 0.0859375
1 0.669921875 0.66796875 0.4326171875 0.3974609375
1 0.50390625 0.330078125 0.013671875 0.033203125
1 0.373046875 0.4873046875 0.150390625 0.1806640625
1 0.66796875 0.322265625 0.0205078125 0.033203125
1 0.2509765625 0.76953125 0.3330078125 0.4501953125
1 0.712890625 0.408203125 0.126953125 0.1611328125
1 0.5322265625 0.4736328125 0.1611328125 0.1806640625
1 0.7236328125 0.33984375 0.0283203125 0.046875
1 0.306640625 0.322265625 0.013671875 0.0166015625
1 0.53125 0.318359375 0.0185546875 0.0302734375
1 0.8701171875 0.474609375 0.21875 0.25
1 0.455078125 0.341796875 0.052734375 0.078125
0 0.3310546875 0.9580078125 0.1748046875 0.0830078125
1 0.21875 0.3662109375 0.03125 0.0498046875
1 0.5078125 0.369140625 0.068359375 0.1162109375
1 0.1923828125 0.453125 0.130859375 0.2275390625
1 0.6474609375 0.330078125 0.0263671875 0.0498046875
1 0.068359375 0.4208984375 0.09375 0.1142578125
1 0.8125 0.341796875 0.068359375 0.111328125
1 0.73828125 0.3125 0.0205078125 0.0302734375
1 0.275390625 0.33984375 0.0205078125 0.025390625
1 0.349609375 0.3427734375 0.0263671875 0.0419921875
1 0.2744140625 0.3662109375 0.076171875 0.1337890625
1 0.3134765625 0.34765625 0.0234375 0.044921875
1 0.767578125 0.3115234375 0.025390625 0.044921875
1 0.89453125 0.3359375 0.0546875 0.0947265625
1 0.169921875 0.3525390625 0.0390625 0.0615234375
1 0.59375 0.3388671875 0.03125 0.072265625
0 0.3759765625 0.580078125 0.064453125 0.02734375
0 0.875 0.60546875 0.087890625 0.0498046875
0 0.439453125 0.611328125 0.052734375 0.044921875
1 0.861328125 0.345703125 0.0419921875 0.0361328125
0 0.5302734375 0.5791015625 0.1298828125 0.0634765625
1 0.673828125 0.3681640625 0.033203125 0.05859375
1 0.5419921875 0.3544921875 0.015625 0.025390625
0 0.7705078125 0.44140625 0.03125 0.033203125
1 0.701171875 0.35546875 0.0205078125 0.044921875
1 0.568359375 0.37109375 0.037109375 0.05859375
0 0.3876953125 0.892578125 0.1376953125 0.091796875
1 0.6123046875 0.328125 0.0185546875 0.033203125
0 0.296875 0.5625 0.0498046875 0.025390625
0 0.6474609375 0.4287109375 0.033203125 0.01953125
1 0.494140625 0.35546875 0.0185546875 0.0224609375
0 0.587890625 0.4609375 0.025390625 0.044921875
0 0.466796875 0.3876953125 0.03125 0.025390625
2 0.611328125 0.48046875 0.021484375 0.0224609375
0 0.0478515625 0.5654296875 0.095703125 0.125
0 0.4970703125 0.4306640625 0.021484375 0.0166015625
1 0.3642578125 0.3544921875 0.0185546875 0.025390625
0 0.798828125 0.380859375 0.0234375 0.0166015625
0 0.609375 0.390625 0.0126953125 0.025390625
2 0.7861328125 0.412109375 0.025390625 0.025390625
1 0.2314453125 0.404296875 0.025390625 0.0302734375
0 0.3017578125 0.505859375 0.025390625 0.044921875
1 0.841796875 0.318359375 0.013671875 0.0302734375
0 0.125 0.650390625 0.0439453125 0.0498046875
0 0.287109375 0.4287109375 0.0390625 0.025390625
0 0.755859375 0.4736328125 0.048828125 0.0419921875
0 0.1162109375 0.466796875 0.0234375 0.0166015625