2 0.8056640625 0.859375 0.1513671875 0.080078125
1 0.6279296875 0.2861328125 0.015625 0.0166015625
1 0.806640625 0.2802734375 0.0205078125 0.02734375
1 0.6748046875 0.587890625 0.375 0.4248046875
1 0.375 0.4365234375 0.1435546875 0.216796875
1 0.2734375 0.705078125 0.4189453125 0.4892578125
1 0.25 0.318359375 0.025390625 0.0361328125
1 0.7255859375 0.3642578125 0.095703125 0.1220703125
1 0.6591796875 0.3525390625 0.0341796875 0.0615234375
1 0.205078125 0.3955078125 0.111328125 0.1748046875
1 0.6552734375 0.2998046875 0.033203125 0.0556640625
1 0.466796875 0.3251953125 0.0263671875 0.06640625
1 0.5 0.341796875 0.0625 0.1220703125
1 0.087890625 0.466796875 0.1748046875 0.2333984375
1 0.419921875 0.330078125 0.048828125 0.10546875
1 0.87890625 0.2958984375 0.029296875 0.052734375
1 0.7197265625 0.29296875 0.0205078125 0.0302734375
1 0.318359375 0.3349609375 0.037109375 0.0693359375
1 0.2724609375 0.365234375 0.064453125 0.0693359375
1 0.9580078125 0.31640625 0.0751953125 0.0830078125
1 0.1943359375 0.330078125 0.0234375 0.033203125
1 0.07421875 0.3720703125 0.0390625 0.044921875
1 0.853515625 0.3349609375 0.0517578125 0.0693359375
1 0.2939453125 0.3056640625 0.0185546875 0.02734375
1 0.5 0.298828125 0.0126953125 0.0302734375
1 0.59375 0.3115234375 0.03125 0.0556640625
0 0.474609375 0.4482421875 0.037109375 0.0419921875
1 0.7529296875 0.29296875 0.041015625 0.0693359375
1 0.3623046875 0.31640625 0.0185546875 0.0390625
1 0.3115234375 0.298828125 0.013671875 0.0302734375
1 0.8037109375 0.3232421875 0.0517578125 0.080078125
1 0.5634765625 0.3759765625 0.0986328125 0.1474609375
1 0.9365234375 0.548828125 0.126953125 0.453125
1 0.8974609375 0.31640625 0.0205078125 0.0498046875
0 0.5224609375 0.533203125 0.080078125 0.0498046875
0 0.4248046875 0.4169921875 0.025390625 0.033203125
1 0.509765625 0.279296875 0.0126953125 0.01953125
0 0.443359375 0.568359375 0.0498046875 0.0361328125
0 0.404296875 0.39453125 0.0419921875 0.02734375
1 0.9814453125 0.3974609375 0.037109375 0.1162109375
1 0.6923828125 0.318359375 0.03125 0.046875
0 0.87890625 0.54296875 0.1171875 0.0634765625
2 0.34375 0.5390625 0.03125 0.033203125
0 0.4931640625 0.400390625 0.0205078125 0.0166015625
1 0.6279296875 0.318359375 0.0341796875 0.052734375
0 0.7451171875 0.41015625 0.0283203125 0.0302734375
1 0.580078125 0.3037109375 0.0126953125 0.01953125
2 0.3984375 0.95703125 0.037109375 0.0751953125
0 0.5859375 0.419921875 0.0185546875 0.02734375
0 0.931640625 0.359375 0.025390625 0.0302734375
1 0.1552734375 0.3916015625 0.013671875 0.0224609375
1 0.916015625 0.3291015625 0.0205078125 0.0302734375
0 0.3876953125 0.5419921875 0.0625 0.033203125
1 0.6279296875 0.341796875 0.0185546875 0.0224609375
0 0.0146484375 0.453125 0.029296875 0.044921875
0 0.587890625 0.341796875 0.0205078125 0.0224609375
0 0.6064453125 0.35546875 0.0185546875 0.0224609375
1 0.537109375 0.3037109375 0.0126953125 0.01953125
1 0.62890625 0.3681640625 0.044921875 0.052734375
1 0.3466796875 0.3251953125 0.0126953125 0.0166015625