2 0.833984375 0.923828125 0.166015625 0.080078125
1 0.654296875 0.634765625 0.353515625 0.4306640625
1 0.2685546875 0.7490234375 0.412109375 0.4580078125
1 0.5048828125 0.330078125 0.0126953125 0.02734375
1 0.3623046875 0.4912109375 0.1376953125 0.171875
1 0.7119140625 0.39453125 0.1044921875 0.1337890625
1 0.482421875 0.3662109375 0.048828125 0.099609375
1 0.42578125 0.345703125 0.0263671875 0.0361328125
1 0.1884765625 0.44140625 0.123046875 0.205078125
1 0.3486328125 0.341796875 0.021484375 0.0390625
1 0.6591796875 0.326171875 0.0185546875 0.0361328125
1 0.5634765625 0.4013671875 0.080078125 0.1025390625
1 0.275390625 0.3388671875 0.025390625 0.0390625
1 0.9423828125 0.4599609375 0.115234375 0.2197265625
1 0.22265625 0.3681640625 0.0234375 0.0419921875
1 0.068359375 0.4111328125 0.09375 0.1162109375
1 0.3134765625 0.3642578125 0.060546875 0.099609375
1 0.822265625 0.330078125 0.0654296875 0.0888671875
1 0.642578125 0.328125 0.0234375 0.0556640625
1 0.75 0.341796875 0.03125 0.0556640625
1 0.5859375 0.328125 0.0126953125 0.0224609375
1 0.728515625 0.322265625 0.0283203125 0.044921875
1 0.888671875 0.330078125 0.0498046875 0.072265625
1 0.9423828125 0.3486328125 0.0341796875 0.0693359375
0 0.8994140625 0.58984375 0.1669921875 0.0859375
0 0.3759765625 0.5791015625 0.0546875 0.0419921875
1 0.98046875 0.361328125 0.0390625 0.0556640625
0 0.4384765625 0.6083984375 0.0546875 0.0390625
1 0.45703125 0.3515625 0.0234375 0.0361328125
0 0.400390625 0.427734375 0.029296875 0.0224609375
0 0.525390625 0.576171875 0.0888671875 0.052734375
1 0.26171875 0.3974609375 0.0673828125 0.10546875
0 0.4873046875 0.4306640625 0.025390625 0.0166015625
0 0.361328125 0.9248046875 0.1455078125 0.14453125
0 0.419921875 0.466796875 0.029296875 0.0224609375
0 0.4677734375 0.4794921875 0.0419921875 0.0361328125
1 0.369140625 0.35546875 0.0185546875 0.044921875
1 0.6005859375 0.33203125 0.013671875 0.025390625
0 0.7978515625 0.3740234375 0.0205078125 0.0087890625
2 0.9814453125 0.5693359375 0.037109375 0.0224609375
0 0.609375 0.3916015625 0.0283203125 0.0166015625
0 0.4033203125 0.4443359375 0.025390625 0.0224609375
1 0.5244140625 0.3251953125 0.0263671875 0.044921875
0 0.7177734375 0.48046875 0.033203125 0.0390625
1 0.76953125 0.296875 0.0234375 0.033203125
0 0.0380859375 0.546875 0.076171875 0.0556640625
0 0.912109375 0.4072265625 0.029296875 0.013671875
0 0.0419921875 0.5947265625 0.083984375 0.0615234375
0 0.30078125 0.5029296875 0.0234375 0.033203125
1 0.1318359375 0.45703125 0.033203125 0.025390625
0 0.587890625 0.453125 0.0234375 0.0166015625
2 0.0205078125 0.9482421875 0.041015625 0.091796875
0 0.462890625 0.388671875 0.025390625 0.0224609375
1 0.7705078125 0.330078125 0.015625 0.02734375
0 0.380859375 0.40234375 0.0126953125 0.02734375
1 0.0234375 0.4697265625 0.046875 0.0615234375
1 0.318359375 0.33984375 0.0126953125 0.01953125
0 0.32421875 0.4052734375 0.0234375 0.0166015625
1 0.826171875 0.31640625 0.013671875 0.0224609375
0 0.3564453125 0.40234375 0.0185546875 0.02734375
1 0.025390625 0.4287109375 0.03125 0.0361328125
1 0.5185546875 0.3681640625 0.025390625 0.0302734375