2 0.8056640625 0.8623046875 0.1513671875 0.0751953125
1 0.6591796875 0.6416015625 0.4033203125 0.3388671875
1 0.634765625 0.2919921875 0.013671875 0.033203125
1 0.388671875 0.4482421875 0.1201171875 0.19140625
1 0.2685546875 0.705078125 0.369140625 0.578125
1 0.2001953125 0.3681640625 0.09375 0.125
1 0.5361328125 0.443359375 0.1533203125 0.169921875
1 0.7939453125 0.31640625 0.0625 0.099609375
1 0.880859375 0.27734375 0.025390625 0.033203125
1 0.44921875 0.3134765625 0.0361328125 0.072265625
1 0.9677734375 0.3017578125 0.0234375 0.0419921875
1 0.2861328125 0.318359375 0.021484375 0.0419921875
1 0.6904296875 0.380859375 0.119140625 0.2001953125
1 0.32421875 0.3349609375 0.044921875 0.080078125
1 0.84765625 0.330078125 0.048828125 0.0615234375
1 0.2607421875 0.3642578125 0.037109375 0.0615234375
1 0.087890625 0.470703125 0.1748046875 0.2412109375
1 0.8125 0.4443359375 0.1689453125 0.22265625
1 0.615234375 0.3154296875 0.056640625 0.0859375
1 0.9365234375 0.4208984375 0.1201171875 0.197265625
1 0.421875 0.2919921875 0.0185546875 0.033203125
1 0.7548828125 0.2822265625 0.021484375 0.0419921875
1 0.4990234375 0.298828125 0.013671875 0.0302734375
1 0.7041015625 0.30859375 0.0361328125 0.0615234375
0 0.904296875 0.5419921875 0.1123046875 0.0498046875
1 0.07421875 0.3662109375 0.0419921875 0.0556640625
0 0.5439453125 0.5419921875 0.1123046875 0.044921875
1 0.8994140625 0.294921875 0.0205078125 0.0498046875
1 0.5810546875 0.294921875 0.0185546875 0.033203125
1 0.25 0.3232421875 0.025390625 0.0302734375
0 0.443359375 0.56640625 0.0546875 0.0390625
1 0.3291015625 0.322265625 0.013671875 0.0166015625
0 0.4755859375 0.451171875 0.0361328125 0.0361328125
1 0.361328125 0.31640625 0.0185546875 0.02734375
1 0.654296875 0.2958984375 0.021484375 0.052734375
1 0.486328125 0.349609375 0.0419921875 0.0947265625
1 0.3759765625 0.3291015625 0.017578125 0.0302734375
1 0.2705078125 0.33203125 0.015625 0.025390625
1 0.46875 0.3544921875 0.0185546875 0.025390625
0 0.5810546875 0.3515625 0.0185546875 0.013671875
1 0.5478515625 0.3486328125 0.033203125 0.05859375
1 0.525390625 0.3232421875 0.025390625 0.0419921875
1 0.3125 0.306640625 0.0126953125 0.025390625
1 0.9443359375 0.62890625 0.1044921875 0.302734375
0 0.955078125 0.5302734375 0.0390625 0.0224609375
0 0.3603515625 0.349609375 0.0205078125 0.0166015625
1 0.6611328125 0.349609375 0.0283203125 0.044921875
0 0.931640625 0.357421875 0.025390625 0.025390625
0 0.3330078125 0.369140625 0.025390625 0.0166015625
0 0.443359375 0.431640625 0.0390625 0.0361328125
0 0.7802734375 0.3427734375 0.0205078125 0.013671875
0 0.763671875 0.404296875 0.0205078125 0.01953125
0 0.681640625 0.4501953125 0.0439453125 0.044921875
1 0.2373046875 0.3486328125 0.0126953125 0.0302734375
0 0.4189453125 0.392578125 0.0126953125 0.01953125
1 0.869140625 0.296875 0.0185546875 0.033203125
0 0.642578125 0.3818359375 0.0341796875 0.0361328125
1 0.984375 0.3388671875 0.0283203125 0.0390625
1 0.0205078125 0.486328125 0.041015625 0.0556640625
1 0.8193359375 0.341796875 0.013671875 0.0390625
0 0.1611328125 0.4287109375 0.025390625 0.01953125
0 0.7373046875 0.404296875 0.0439453125 0.0634765625
0 0.2119140625 0.4736328125 0.1171875 0.119140625
0 0.3037109375 0.392578125 0.0234375 0.013671875
2 0.40625 0.548828125 0.025390625 0.01953125