2 0.8349609375 0.923828125 0.1640625 0.080078125
1 0.669921875 0.62890625 0.408203125 0.453125
1 0.244140625 0.7568359375 0.4375 0.474609375
0 0.2255859375 0.9443359375 0.173828125 0.099609375
1 0.3681640625 0.4892578125 0.1484375 0.171875
1 0.462890625 0.33984375 0.0439453125 0.0859375
1 0.494140625 0.3291015625 0.0185546875 0.0361328125
1 0.837890625 0.466796875 0.1484375 0.2333984375
1 0.1943359375 0.443359375 0.1142578125 0.197265625
1 0.5810546875 0.33203125 0.03125 0.0634765625
1 0.7099609375 0.3759765625 0.0673828125 0.09765625
1 0.2177734375 0.3623046875 0.029296875 0.0419921875
1 0.55078125 0.3916015625 0.091796875 0.1279296875
1 0.162109375 0.3486328125 0.0361328125 0.0302734375
1 0.7724609375 0.318359375 0.044921875 0.0859375
1 0.9501953125 0.4404296875 0.099609375 0.216796875
1 0.869140625 0.3544921875 0.044921875 0.0302734375
1 0.0751953125 0.5 0.150390625 0.25
1 0.3046875 0.3486328125 0.0439453125 0.0693359375
1 0.2568359375 0.380859375 0.064453125 0.0947265625
1 0.662109375 0.328125 0.033203125 0.0556640625
1 0.623046875 0.3486328125 0.064453125 0.080078125
1 0.28125 0.330078125 0.0185546875 0.02734375
0 0.8974609375 0.5947265625 0.1357421875 0.0830078125
0 0.474609375 0.48046875 0.037109375 0.0390625
1 0.044921875 0.3916015625 0.0361328125 0.044921875
1 0.349609375 0.3544921875 0.048828125 0.080078125
1 0.412109375 0.37109375 0.0498046875 0.1083984375
1 0.8193359375 0.3349609375 0.0703125 0.1083984375
0 0.3916015625 0.9306640625 0.142578125 0.138671875
0 0.4384765625 0.6083984375 0.0546875 0.0390625
1 0.525390625 0.3359375 0.0107421875 0.033203125
0 0.3759765625 0.580078125 0.064453125 0.0390625
1 0.71875 0.3212890625 0.0126953125 0.025390625
0 0.54296875 0.5537109375 0.091796875 0.0361328125
0 0.4912109375 0.4287109375 0.0263671875 0.01953125
0 0.4365234375 0.462890625 0.0419921875 0.0302734375
0 0.619140625 0.4736328125 0.03125 0.0302734375
0 0.466796875 0.390625 0.029296875 0.025390625
0 0.326171875 0.404296875 0.025390625 0.013671875
0 0.6103515625 0.3916015625 0.029296875 0.02734375
2 0.541015625 0.591796875 0.0625 0.044921875
1 0.732421875 0.3154296875 0.013671875 0.025390625
0 0.5859375 0.380859375 0.021484375 0.0224609375
1 0.83203125 0.3037109375 0.0205078125 0.0302734375
0 0.494140625 0.5849609375 0.033203125 0.05859375
0 0.03125 0.484375 0.037109375 0.0302734375
0 0.591796875 0.4541015625 0.021484375 0.01953125
1 0.966796875 0.6787109375 0.0625 0.3193359375
1 0.1357421875 0.423828125 0.015625 0.01953125
0 0.30078125 0.5 0.0234375 0.033203125
1 0.90625 0.33203125 0.03125 0.05859375
0 0.798828125 0.380859375 0.03125 0.0224609375
0 0.64453125 0.4287109375 0.033203125 0.01953125
0 0.13671875 0.4638671875 0.0234375 0.0224609375
0 0.2939453125 0.427734375 0.0185546875 0.0107421875
0 0.8173828125 0.3662109375 0.0185546875 0.0166015625
0 0.373046875 0.37890625 0.0126953125 0.01953125
1 0.7607421875 0.322265625 0.0126953125 0.0166015625
2 0.4169921875 0.4140625 0.021484375 0.02734375
2 0.4482421875 0.4404296875 0.0185546875 0.013671875