2 0.806640625 0.8623046875 0.150390625 0.0751953125
1 0.6572265625 0.6416015625 0.404296875 0.3388671875
1 0.5439453125 0.4482421875 0.1875 0.169921875
1 0.6982421875 0.365234375 0.130859375 0.1748046875
1 0.443359375 0.37890625 0.099609375 0.125
1 0.19921875 0.37109375 0.0888671875 0.125
1 0.228515625 0.6982421875 0.435546875 0.591796875
1 0.95703125 0.31640625 0.076171875 0.0830078125
1 0.486328125 0.3291015625 0.025390625 0.046875
1 0.2607421875 0.3623046875 0.0341796875 0.05859375
1 0.8125 0.453125 0.1689453125 0.205078125
1 0.5849609375 0.3212890625 0.0517578125 0.0859375
1 0.6591796875 0.3056640625 0.03125 0.06640625
1 0.701171875 0.3134765625 0.025390625 0.0498046875
1 0.509765625 0.279296875 0.0126953125 0.01953125
1 0.4951171875 0.29296875 0.0185546875 0.0419921875
1 0.068359375 0.361328125 0.0439453125 0.0556640625
1 0.896484375 0.328125 0.056640625 0.0888671875
1 0.806640625 0.296875 0.025390625 0.044921875
1 0.2490234375 0.3232421875 0.0234375 0.0302734375
1 0.32421875 0.341796875 0.044921875 0.072265625
1 0.05078125 0.4375 0.1015625 0.158203125
1 0.2939453125 0.3115234375 0.0185546875 0.033203125
1 0.9423828125 0.572265625 0.115234375 0.4169921875
1 0.6318359375 0.2998046875 0.017578125 0.044921875
1 0.3623046875 0.31640625 0.0185546875 0.02734375
0 0.681640625 0.4482421875 0.037109375 0.0419921875
0 0.9111328125 0.5361328125 0.103515625 0.044921875
1 0.291015625 0.35546875 0.0361328125 0.06640625
1 0.748046875 0.287109375 0.0361328125 0.0693359375
0 0.443359375 0.56640625 0.0498046875 0.0390625
1 0.306640625 0.302734375 0.013671875 0.0224609375
0 0.537109375 0.5419921875 0.099609375 0.044921875
1 0.544921875 0.3447265625 0.0361328125 0.072265625
0 0.4130859375 0.3955078125 0.0205078125 0.025390625
1 0.375 0.3291015625 0.0185546875 0.0361328125
1 0.4287109375 0.29296875 0.029296875 0.05859375
1 0.685546875 0.328125 0.0205078125 0.0390625
1 0.4609375 0.31640625 0.0185546875 0.033203125
0 0.478515625 0.447265625 0.037109375 0.044921875
1 0.837890625 0.3193359375 0.056640625 0.099609375
0 0.3916015625 0.54296875 0.060546875 0.025390625
0 0.029296875 0.5224609375 0.05859375 0.041015625
0 0.4306640625 0.419921875 0.033203125 0.033203125
0 0.5947265625 0.5263671875 0.0263671875 0.0361328125
1 0.5185546875 0.3115234375 0.03125 0.0556640625
0 0.931640625 0.359375 0.025390625 0.0302734375
1 0.984375 0.41796875 0.03125 0.1083984375
0 0.3603515625 0.349609375 0.0205078125 0.0166015625
1 0.7763671875 0.3037109375 0.0341796875 0.0419921875
1 0.6611328125 0.3544921875 0.025390625 0.0361328125
0 0.3017578125 0.39453125 0.021484375 0.0166015625
0 0.4892578125 0.40234375 0.0185546875 0.0166015625
0 0.607421875 0.3544921875 0.013671875 0.025390625
0 0.5810546875 0.419921875 0.025390625 0.02734375
0 0.3125 0.4638671875 0.0185546875 0.0224609375
0 0.03125 0.56640625 0.0625 0.044921875
0 0.7568359375 0.4150390625 0.017578125 0.025390625
2 0.4013671875 0.9599609375 0.0283203125 0.0693359375
0 0.9296875 0.318359375 0.015625 0.01953125
1 0.591796875 0.2890625 0.0185546875 0.0224609375