2 0.8359375 0.927734375 0.166015625 0.0830078125
1 0.673828125 0.642578125 0.4345703125 0.44140625
1 0.0712890625 0.6572265625 0.142578125 0.59765625
1 0.462890625 0.3486328125 0.0498046875 0.119140625
1 0.8291015625 0.4677734375 0.1328125 0.2138671875
1 0.638671875 0.31640625 0.0185546875 0.02734375
1 0.16796875 0.3857421875 0.080078125 0.1279296875
1 0.400390625 0.484375 0.087890625 0.169921875
1 0.900390625 0.35546875 0.0732421875 0.111328125
1 0.2783203125 0.3359375 0.025390625 0.033203125
1 0.837890625 0.3095703125 0.0185546875 0.0302734375
1 0.841796875 0.3544921875 0.044921875 0.0693359375
1 0.4169921875 0.3427734375 0.0283203125 0.052734375
1 0.7080078125 0.3740234375 0.0654296875 0.1025390625
1 0.517578125 0.3916015625 0.068359375 0.138671875
1 0.6787109375 0.31640625 0.013671875 0.0224609375
0 0.2158203125 0.94140625 0.240234375 0.1162109375
1 0.603515625 0.3974609375 0.060546875 0.1337890625
1 0.3115234375 0.3681640625 0.0546875 0.080078125
1 0.2568359375 0.3544921875 0.033203125 0.0361328125
1 0.447265625 0.328125 0.015625 0.0224609375
1 0.03125 0.392578125 0.0498046875 0.0634765625
1 0.23046875 0.361328125 0.033203125 0.0556640625
1 0.724609375 0.318359375 0.0185546875 0.0361328125
0 0.3818359375 0.94140625 0.1015625 0.1162109375
0 0.4423828125 0.609375 0.0498046875 0.0419921875
0 0.478515625 0.482421875 0.0419921875 0.0419921875
1 0.58203125 0.3291015625 0.033203125 0.05859375
0 0.517578125 0.5791015625 0.080078125 0.05859375
1 0.978515625 0.365234375 0.0419921875 0.052734375
1 0.775390625 0.31640625 0.037109375 0.06640625
1 0.818359375 0.318359375 0.0234375 0.0419921875
0 0.9375 0.5791015625 0.1123046875 0.052734375
1 0.3369140625 0.330078125 0.0234375 0.044921875
1 0.9541015625 0.70703125 0.0888671875 0.263671875
1 0.6552734375 0.392578125 0.0703125 0.1806640625
1 0.6064453125 0.330078125 0.0185546875 0.033203125
1 0.5302734375 0.3359375 0.0205078125 0.044921875
1 0.5615234375 0.380859375 0.0361328125 0.06640625
1 0.353515625 0.423828125 0.0419921875 0.119140625
1 0.5009765625 0.322265625 0.029296875 0.044921875
0 0.58203125 0.54296875 0.064453125 0.0634765625
0 0.17578125 0.45703125 0.0546875 0.025390625
1 0.322265625 0.35546875 0.0126953125 0.0224609375
0 0.798828125 0.369140625 0.029296875 0.0224609375
1 0.6923828125 0.357421875 0.015625 0.0361328125
0 0.1884765625 0.4912109375 0.029296875 0.0224609375
1 0.63671875 0.2587890625 0.013671875 0.0107421875
0 0.0439453125 0.5947265625 0.087890625 0.06640625
0 0.48828125 0.4306640625 0.0263671875 0.0166015625
0 0.4287109375 0.466796875 0.013671875 0.0166015625
0 0.6103515625 0.3955078125 0.029296875 0.013671875
1 0.8818359375 0.3330078125 0.017578125 0.0390625
0 0.443359375 0.4775390625 0.03125 0.0224609375
2 0.4599609375 0.955078125 0.0234375 0.0830078125
0 0.6416015625 0.423828125 0.0419921875 0.0302734375
0 0.921875 0.4169921875 0.03125 0.0166015625