0 0.8349609375 0.927734375 0.1640625 0.0830078125
1 0.673828125 0.6650390625 0.423828125 0.3857421875
1 0.244140625 0.767578125 0.4375 0.453125
1 0.369140625 0.4931640625 0.1435546875 0.169921875
1 0.419921875 0.318359375 0.0205078125 0.0302734375
0 0.232421875 0.9482421875 0.1611328125 0.091796875
1 0.435546875 0.3984375 0.091796875 0.1416015625
1 0.548828125 0.466796875 0.166015625 0.177734375
1 0.8310546875 0.4677734375 0.15625 0.2197265625
1 0.556640625 0.3662109375 0.0361328125 0.033203125
1 0.193359375 0.4443359375 0.123046875 0.22265625
1 0.701171875 0.4072265625 0.083984375 0.1640625
1 0.298828125 0.3291015625 0.017578125 0.025390625
1 0.6435546875 0.3154296875 0.0185546875 0.0302734375
1 0.857421875 0.357421875 0.0419921875 0.046875
1 0.224609375 0.3662109375 0.0439453125 0.0556640625
1 0.6669921875 0.318359375 0.0185546875 0.0361328125
1 0.7548828125 0.33984375 0.037109375 0.046875
1 0.505859375 0.359375 0.0625 0.1416015625
1 0.953125 0.4482421875 0.09375 0.2080078125
1 0.28125 0.384765625 0.068359375 0.119140625
1 0.619140625 0.3427734375 0.060546875 0.0859375
0 0.478515625 0.4833984375 0.0439453125 0.0390625
1 0.0693359375 0.40234375 0.0703125 0.072265625
1 0.34765625 0.380859375 0.0517578125 0.14453125
1 0.900390625 0.3291015625 0.056640625 0.0751953125
0 0.8916015625 0.5927734375 0.142578125 0.0859375
1 0.8125 0.3359375 0.068359375 0.0947265625
1 0.5830078125 0.3359375 0.03125 0.06640625
1 0.728515625 0.31640625 0.029296875 0.0498046875
1 0.525390625 0.3349609375 0.0126953125 0.0302734375
1 0.4921875 0.3427734375 0.0185546875 0.0302734375
0 0.439453125 0.607421875 0.052734375 0.0419921875
1 0.7109375 0.3447265625 0.0283203125 0.044921875
0 0.388671875 0.9306640625 0.1435546875 0.138671875
0 0.3759765625 0.5791015625 0.0673828125 0.0361328125
1 0.3369140625 0.341796875 0.0205078125 0.02734375
1 0.4560546875 0.322265625 0.03125 0.044921875
0 0.53515625 0.580078125 0.111328125 0.0615234375
0 0.4931640625 0.4287109375 0.029296875 0.01953125
0 0.6865234375 0.4736328125 0.029296875 0.01953125
0 0.59375 0.400390625 0.0185546875 0.0166015625
0 0.462890625 0.390625 0.029296875 0.025390625
0 0.9560546875 0.5654296875 0.0625 0.0419921875
1 0.7734375 0.302734375 0.021484375 0.033203125
1 0.9755859375 0.35546875 0.0390625 0.044921875
0 0.353515625 0.380859375 0.029296875 0.0224609375
0 0.326171875 0.404296875 0.0263671875 0.013671875
1 0.9404296875 0.349609375 0.025390625 0.044921875
0 0.6181640625 0.474609375 0.0361328125 0.033203125
0 0.0439453125 0.5947265625 0.087890625 0.0615234375
0 0.037109375 0.5458984375 0.07421875 0.056640625
0 0.4267578125 0.466796875 0.021484375 0.0224609375
1 0.63671875 0.255859375 0.013671875 0.0107421875
1 0.13671875 0.423828125 0.017578125 0.01953125
0 0.9306640625 0.4111328125 0.0419921875 0.0166015625
0 0.30078125 0.50390625 0.0205078125 0.0361328125
0 0.5869140625 0.3779296875 0.0234375 0.0224609375
2 0.4580078125 0.9541015625 0.025390625 0.0859375
0 0.955078125 0.392578125 0.015625 0.025390625
1 0.30078125 0.3623046875 0.0205078125 0.025390625