0 0.83203125 0.923828125 0.1640625 0.080078125
1 0.6767578125 0.669921875 0.4404296875 0.3720703125
1 0.7353515625 0.318359375 0.017578125 0.0302734375
1 0.5322265625 0.4765625 0.169921875 0.1748046875
1 0.3623046875 0.49609375 0.162109375 0.1865234375
1 0.869140625 0.482421875 0.224609375 0.2529296875
1 0.69921875 0.41796875 0.123046875 0.1357421875
1 0.53125 0.33984375 0.0185546875 0.0419921875
1 0.671875 0.3232421875 0.021484375 0.0302734375
1 0.763671875 0.330078125 0.052734375 0.0947265625
1 0.244140625 0.73046875 0.326171875 0.3388671875
1 0.2314453125 0.365234375 0.03125 0.0419921875
1 0.298828125 0.3330078125 0.0126953125 0.033203125
1 0.1943359375 0.455078125 0.123046875 0.25
1 0.4228515625 0.3515625 0.0234375 0.025390625
1 0.349609375 0.3427734375 0.025390625 0.0419921875
1 0.462890625 0.3427734375 0.0439453125 0.0751953125
1 0.4892578125 0.3359375 0.0185546875 0.033203125
1 0.64453125 0.31640625 0.017578125 0.02734375
1 0.5927734375 0.3583984375 0.048828125 0.111328125
1 0.818359375 0.337890625 0.0751953125 0.1083984375
1 0.5625 0.380859375 0.037109375 0.0615234375
1 0.0791015625 0.515625 0.154296875 0.263671875
1 0.291015625 0.3720703125 0.0673828125 0.10546875
1 0.8935546875 0.3330078125 0.068359375 0.0830078125
0 0.41015625 0.44140625 0.0234375 0.033203125
1 0.587890625 0.31640625 0.013671875 0.033203125
1 0.9775390625 0.3515625 0.044921875 0.06640625
0 0.3876953125 0.580078125 0.0810546875 0.044921875
0 0.546875 0.5791015625 0.1220703125 0.052734375
1 0.40625 0.388671875 0.03125 0.0615234375
0 0.4384765625 0.6083984375 0.0546875 0.0390625
0 0.734375 0.46484375 0.046875 0.01953125
0 0.474609375 0.48046875 0.037109375 0.0390625
0 0.375 0.9248046875 0.1376953125 0.14453125
1 0.6748046875 0.3740234375 0.03125 0.05859375
0 0.1943359375 0.9248046875 0.3017578125 0.150390625
1 0.9765625 0.4462890625 0.046875 0.1640625
0 0.69921875 0.4794921875 0.0390625 0.0302734375
0 0.767578125 0.443359375 0.0185546875 0.025390625
0 0.638671875 0.4287109375 0.0341796875 0.01953125
0 0.4580078125 0.3857421875 0.025390625 0.0166015625
1 0.0556640625 0.400390625 0.0546875 0.06640625
0 0.294921875 0.5693359375 0.048828125 0.0390625
1 0.017578125 0.4404296875 0.03515625 0.083984375
0 0.486328125 0.4306640625 0.029296875 0.0224609375
1 0.716796875 0.341796875 0.025390625 0.044921875
0 0.1865234375 0.4541015625 0.0732421875 0.0302734375
1 0.63671875 0.255859375 0.013671875 0.0107421875
0 0.59375 0.4580078125 0.03125 0.0390625
0 0.759765625 0.384765625 0.0234375 0.01953125
1 0.9482421875 0.3486328125 0.021484375 0.0302734375
1 0.84765625 0.3212890625 0.0205078125 0.0361328125
0 0.591796875 0.380859375 0.0205078125 0.0166015625
0 0.19921875 0.4912109375 0.048828125 0.0224609375
1 0.654296875 0.482421875 0.0546875 0.080078125
0 0.30078125 0.49609375 0.0205078125 0.025390625
0 0.6064453125 0.392578125 0.0185546875 0.01953125
1 0.9970703125 0.341796875 0.005859375 0.0390625
1 0.2353515625 0.404296875 0.029296875 0.0361328125
1 0.736328125 0.341796875 0.013671875 0.0224609375
0 0.6171875 0.4931640625 0.03125 0.052734375
0 0.2841796875 0.4306640625 0.0439453125 0.02734375
1 0.6005859375 0.341796875 0.017578125 0.02734375
1 0.775390625 0.4169921875 0.037109375 0.033203125
0 0.8232421875 0.5634765625 0.041015625 0.072265625
1 0.8251953125 0.3251953125 0.025390625 0.033203125