2 0.8056640625 0.8623046875 0.1513671875 0.0751953125
1 0.724609375 0.28515625 0.0185546875 0.01953125
1 0.8037109375 0.283203125 0.0205078125 0.033203125
1 0.287109375 0.6640625 0.375 0.47265625
1 0.380859375 0.4541015625 0.130859375 0.1806640625
1 0.53515625 0.4375 0.1484375 0.158203125
1 0.7001953125 0.404296875 0.130859375 0.2197265625
1 0.6259765625 0.2919921875 0.0205078125 0.02734375
1 0.6806640625 0.6669921875 0.423828125 0.2666015625
1 0.75 0.2890625 0.03125 0.06640625
1 0.4990234375 0.3017578125 0.013671875 0.025390625
1 0.875 0.302734375 0.0625 0.078125
1 0.287109375 0.318359375 0.0234375 0.0419921875
1 0.20703125 0.3681640625 0.1015625 0.130859375
1 0.498046875 0.341796875 0.0576171875 0.111328125
1 0.087890625 0.470703125 0.162109375 0.2587890625
1 0.2490234375 0.326171875 0.0205078125 0.0361328125
1 0.3251953125 0.33984375 0.0498046875 0.0693359375
1 0.935546875 0.41796875 0.1220703125 0.203125
1 0.5791015625 0.3037109375 0.017578125 0.0302734375
1 0.466796875 0.3212890625 0.0263671875 0.05859375
1 0.072265625 0.3662109375 0.0390625 0.044921875
1 0.701171875 0.3056640625 0.029296875 0.0498046875
1 0.3095703125 0.3056640625 0.015625 0.0224609375
1 0.197265625 0.330078125 0.021484375 0.033203125
1 0.4111328125 0.3486328125 0.03125 0.0693359375
1 0.59765625 0.3056640625 0.0205078125 0.02734375
0 0.86328125 0.5400390625 0.0703125 0.0634765625
0 0.162109375 0.8984375 0.2314453125 0.19140625
1 0.65625 0.3017578125 0.037109375 0.0634765625
1 0.7880859375 0.3291015625 0.060546875 0.1025390625
0 0.443359375 0.568359375 0.0498046875 0.0361328125
0 0.4267578125 0.41796875 0.0283203125 0.0361328125
0 0.41015625 0.400390625 0.0263671875 0.033203125
1 0.55078125 0.3427734375 0.033203125 0.052734375
1 0.9853515625 0.306640625 0.029296875 0.0634765625
0 0.615234375 0.52734375 0.072265625 0.0390625
0 0.47265625 0.4482421875 0.044921875 0.0419921875
0 0.494140625 0.400390625 0.025390625 0.0166015625
0 0.7451171875 0.4140625 0.0341796875 0.0390625
0 0.6376953125 0.388671875 0.037109375 0.02734375
1 0.5244140625 0.3154296875 0.0263671875 0.046875
0 0.3876953125 0.529296875 0.0625 0.0361328125
2 0.5439453125 0.552734375 0.068359375 0.044921875
1 0.9453125 0.3291015625 0.056640625 0.046875
1 0.3681640625 0.3095703125 0.0234375 0.0302734375
0 0.357421875 0.3525390625 0.0234375 0.0224609375
0 0.5791015625 0.4287109375 0.033203125 0.0419921875
1 0.587890625 0.3291015625 0.0185546875 0.025390625
0 0.244140625 0.3779296875 0.0205078125 0.0224609375
1 0.26953125 0.35546875 0.0263671875 0.0390625
0 0.369140625 0.90234375 0.154296875 0.1943359375
2 0.3984375 0.95703125 0.037109375 0.0751953125
1 0.2373046875 0.3486328125 0.025390625 0.0302734375
0 0.6064453125 0.35546875 0.0185546875 0.0224609375
0 0.7529296875 0.33984375 0.0185546875 0.025390625
1 0.013671875 0.48046875 0.02734375 0.06640625
0 0.931640625 0.359375 0.025390625 0.0302734375
0 0.3056640625 0.392578125 0.0205078125 0.013671875
1 0.2998046875 0.3193359375 0.0126953125 0.0224609375
0 0.3369140625 0.4072265625 0.0361328125 0.025390625
1 0.3291015625 0.322265625 0.013671875 0.0166015625
2 0.470703125 0.3623046875 0.015625 0.01953125
2 0.2861328125 0.3916015625 0.03125 0.02734375