2 0.8349609375 0.927734375 0.1669921875 0.0830078125
1 0.6875 0.6748046875 0.443359375 0.3662109375
1 0.736328125 0.3154296875 0.0205078125 0.0302734375
1 0.8759765625 0.4990234375 0.236328125 0.2412109375
1 0.0751953125 0.6259765625 0.150390625 0.5029296875
1 0.375 0.482421875 0.15625 0.19140625
1 0.716796875 0.4052734375 0.140625 0.1611328125
1 0.45703125 0.341796875 0.0546875 0.072265625
1 0.541015625 0.455078125 0.1640625 0.216796875
1 0.6376953125 0.318359375 0.0185546875 0.025390625
1 0.275390625 0.3515625 0.025390625 0.0361328125
1 0.1953125 0.4501953125 0.1220703125 0.205078125
1 0.279296875 0.4169921875 0.080078125 0.1611328125
1 0.2236328125 0.35546875 0.021484375 0.033203125
1 0.71875 0.3447265625 0.03125 0.0615234375
1 0.0498046875 0.3974609375 0.0439453125 0.044921875
1 0.8154296875 0.3427734375 0.068359375 0.09765625
0 0.3330078125 0.9599609375 0.1748046875 0.080078125
1 0.607421875 0.33984375 0.0576171875 0.091796875
1 0.8671875 0.3642578125 0.0625 0.072265625
1 0.8310546875 0.306640625 0.0185546875 0.0361328125
0 0.478515625 0.482421875 0.0439453125 0.0419921875
1 0.90625 0.328125 0.03125 0.044921875
1 0.76953125 0.31640625 0.0361328125 0.0556640625
1 0.34375 0.37890625 0.0439453125 0.1357421875
1 0.431640625 0.330078125 0.013671875 0.02734375
1 0.4892578125 0.3232421875 0.0185546875 0.0302734375
0 0.439453125 0.6083984375 0.052734375 0.0390625
0 0.373046875 0.580078125 0.068359375 0.033203125
0 0.8818359375 0.607421875 0.0732421875 0.052734375
0 0.5126953125 0.58203125 0.125 0.0634765625
1 0.9375 0.359375 0.037109375 0.080078125
1 0.98046875 0.35546875 0.0390625 0.0556640625
1 0.669921875 0.3291015625 0.0361328125 0.05859375
0 0.58203125 0.5537109375 0.064453125 0.046875
1 0.580078125 0.3349609375 0.0185546875 0.0302734375
1 0.3115234375 0.3427734375 0.0263671875 0.0419921875
0 0.78125 0.443359375 0.0439453125 0.0361328125
1 0.95703125 0.705078125 0.076171875 0.255859375
0 0.412109375 0.4267578125 0.017578125 0.025390625
0 0.1875 0.9326171875 0.1875 0.134765625
0 0.494140625 0.4306640625 0.025390625 0.0224609375
1 0.0263671875 0.4541015625 0.052734375 0.130859375
0 0.4599609375 0.3876953125 0.029296875 0.025390625
0 0.3876953125 0.892578125 0.1376953125 0.091796875
1 0.2939453125 0.3681640625 0.025390625 0.0419921875
1 0.69921875 0.3544921875 0.0205078125 0.0361328125
1 0.1728515625 0.3388671875 0.0361328125 0.0498046875
1 0.63671875 0.365234375 0.029296875 0.0361328125
1 0.36328125 0.3544921875 0.0205078125 0.0302734375
0 0.6982421875 0.4765625 0.0498046875 0.025390625
0 0.298828125 0.5654296875 0.048828125 0.025390625
0 0.248046875 0.4169921875 0.0234375 0.0166015625
0 0.4189453125 0.4501953125 0.0185546875 0.044921875
0 0.6484375 0.421875 0.0341796875 0.0166015625
1 0.5947265625 0.326171875 0.017578125 0.025390625
1 0.244140625 0.380859375 0.025390625 0.0390625
0 0.798828125 0.37890625 0.017578125 0.013671875
0 0.2998046875 0.50390625 0.025390625 0.0419921875
2 0.7861328125 0.4140625 0.025390625 0.02734375
0 0.6044921875 0.4052734375 0.0185546875 0.02734375
0 0.4443359375 0.4736328125 0.0361328125 0.01953125
0 0.494140625 0.45703125 0.017578125 0.025390625
0 0.2822265625 0.4306640625 0.0390625 0.02734375