1 0.6865234375 0.25390625 0.017578125 0.025390625
1 0.4794921875 0.3515625 0.083984375 0.15234375
1 0.73046875 0.33984375 0.107421875 0.2080078125
1 0.259765625 0.328125 0.0625 0.138671875
1 0.576171875 0.39453125 0.1298828125 0.22265625
1 0.580078125 0.60546875 0.3359375 0.2109375
1 0.314453125 0.28515625 0.025390625 0.0302734375
1 0.9287109375 0.37890625 0.1328125 0.2412109375
1 0.3740234375 0.31640625 0.048828125 0.099609375
1 0.65625 0.287109375 0.0498046875 0.091796875
1 0.1884765625 0.4912109375 0.123046875 0.427734375
1 0.361328125 0.2919921875 0.013671875 0.02734375
1 0.931640625 0.2626953125 0.056640625 0.091796875
1 0.525390625 0.2802734375 0.03125 0.0615234375
0 0.4375 0.529296875 0.0498046875 0.0302734375
1 0.412109375 0.29296875 0.037109375 0.05859375
1 0.8779296875 0.25390625 0.0439453125 0.1083984375
2 0.181640625 0.7802734375 0.099609375 0.0888671875
1 0.4853515625 0.279296875 0.0234375 0.0419921875
1 0.7685546875 0.236328125 0.0126953125 0.0166015625
1 0.755859375 0.2529296875 0.0263671875 0.0390625
1 0.462890625 0.2802734375 0.025390625 0.044921875
1 0.560546875 0.287109375 0.0419921875 0.0693359375
0 0.849609375 0.517578125 0.09375 0.052734375
0 0.4130859375 0.5068359375 0.0361328125 0.025390625
0 0.150390625 0.427734375 0.0439453125 0.0224609375
0 0.517578125 0.4912109375 0.060546875 0.0390625
1 0.041015625 0.5927734375 0.0810546875 0.263671875
0 0.1064453125 0.94140625 0.119140625 0.078125
0 0.4501953125 0.380859375 0.025390625 0.0224609375
0 0.115234375 0.4697265625 0.0908203125 0.0390625
0 0.5 0.4267578125 0.0439453125 0.0361328125
0 0.13671875 0.8642578125 0.138671875 0.111328125
0 0.263671875 0.404296875 0.0546875 0.046875
0 0.11328125 0.513671875 0.095703125 0.0390625
0 0.6689453125 0.3662109375 0.037109375 0.033203125
0 0.716796875 0.830078125 0.4296875 0.328125
1 0.9853515625 0.2900390625 0.029296875 0.052734375
0 0.509765625 0.341796875 0.015625 0.0166015625
0 0.638671875 0.50390625 0.029296875 0.01953125
2 0.5537109375 0.765625 0.111328125 0.05859375
0 0.6435546875 0.341796875 0.0126953125 0.0166015625
0 0.90625 0.302734375 0.025390625 0.033203125
1 0.6494140625 0.2763671875 0.017578125 0.025390625
0 0.5244140625 0.380859375 0.0263671875 0.02734375
1 0.7080078125 0.2734375 0.015625 0.01953125
0 0.630859375 0.3232421875 0.0205078125 0.01953125
0 0.869140625 0.41796875 0.025390625 0.046875
0 0.7001953125 0.4375 0.037109375 0.0693359375
0 0.9814453125 0.7998046875 0.037109375 0.099609375
0 0.431640625 0.3037109375 0.0185546875 0.0302734375
0 0.099609375 0.4072265625 0.0517578125 0.0859375