2 0.8359375 0.9248046875 0.166015625 0.0830078125
1 0.673828125 0.650390625 0.435546875 0.4052734375
1 0.259765625 0.73046875 0.4169921875 0.4443359375
1 0.7099609375 0.4169921875 0.111328125 0.1611328125
1 0.7294921875 0.318359375 0.0185546875 0.0361328125
1 0.8369140625 0.4794921875 0.1640625 0.2138671875
1 0.6455078125 0.31640625 0.0185546875 0.0390625
1 0.369140625 0.490234375 0.1455078125 0.169921875
1 0.4619140625 0.3486328125 0.048828125 0.091796875
1 0.548828125 0.466796875 0.1455078125 0.18359375
1 0.8359375 0.3095703125 0.0185546875 0.0302734375
0 0.21875 0.9541015625 0.2001953125 0.0859375
1 0.2197265625 0.3642578125 0.0390625 0.0498046875
1 0.861328125 0.3662109375 0.0498046875 0.0556640625
1 0.275390625 0.341796875 0.0205078125 0.0390625
1 0.193359375 0.4345703125 0.119140625 0.2080078125
1 0.4892578125 0.3427734375 0.021484375 0.0361328125
1 0.3125 0.39453125 0.056640625 0.150390625
1 0.357421875 0.341796875 0.0390625 0.078125
1 0.81640625 0.3291015625 0.064453125 0.091796875
1 0.0751953125 0.4970703125 0.150390625 0.2666015625
1 0.7568359375 0.3193359375 0.0546875 0.078125
1 0.5810546875 0.33203125 0.037109375 0.0634765625
1 0.955078125 0.4462890625 0.0888671875 0.2080078125
0 0.931640625 0.572265625 0.1123046875 0.0556640625
1 0.712890625 0.33984375 0.029296875 0.052734375
0 0.3935546875 0.9287109375 0.1435546875 0.1416015625
0 0.380859375 0.5791015625 0.064453125 0.0361328125
0 0.5478515625 0.5595703125 0.091796875 0.0302734375
0 0.439453125 0.607421875 0.052734375 0.0419921875
0 0.4794921875 0.482421875 0.046875 0.0361328125
1 0.634765625 0.349609375 0.0341796875 0.0556640625
1 0.66796875 0.3212890625 0.0234375 0.0419921875
1 0.951171875 0.705078125 0.09375 0.2666015625
1 0.7568359375 0.30859375 0.013671875 0.02734375
0 0.4921875 0.4306640625 0.03125 0.0224609375
0 0.298828125 0.5693359375 0.0419921875 0.0390625
2 0.541015625 0.591796875 0.064453125 0.044921875
1 0.681640625 0.3662109375 0.03125 0.0556640625
0 0.796875 0.3740234375 0.021484375 0.01953125
1 0.9111328125 0.3212890625 0.037109375 0.0634765625
0 0.767578125 0.4384765625 0.0205078125 0.0224609375
0 0.326171875 0.404296875 0.0283203125 0.013671875
0 0.494140625 0.5849609375 0.033203125 0.05859375
0 0.142578125 0.4345703125 0.0263671875 0.01953125
0 0.6435546875 0.4267578125 0.037109375 0.025390625
0 0.185546875 0.4580078125 0.072265625 0.033203125
0 0.5947265625 0.40234375 0.0205078125 0.0166015625
0 0.4287109375 0.466796875 0.017578125 0.0166015625
0 0.2001953125 0.4912109375 0.0498046875 0.0224609375
1 0.8779296875 0.330078125 0.021484375 0.0390625
0 0.447265625 0.4775390625 0.029296875 0.0166015625
0 0.4619140625 0.390625 0.0234375 0.0302734375
0 0.2998046875 0.5029296875 0.0185546875 0.02734375
0 0.6123046875 0.39453125 0.025390625 0.0166015625
0 0.2861328125 0.4287109375 0.0439453125 0.025390625
0 0.580078125 0.3740234375 0.0283203125 0.0302734375
0 0.67578125 0.4736328125 0.017578125 0.01953125
2 0.630859375 0.482421875 0.0185546875 0.0361328125
0 0.818359375 0.37109375 0.025390625 0.025390625
1 0.716796875 0.4541015625 0.029296875 0.025390625
1 0.537109375 0.380859375 0.033203125 0.0556640625
1 0.5966796875 0.3232421875 0.0126953125 0.01953125
2 0.8818359375 0.62109375 0.0234375 0.013671875
1 0.7939453125 0.3984375 0.037109375 0.05859375
0 0.2353515625 0.3916015625 0.0205078125 0.033203125
0 0.7734375 0.37890625 0.015625 0.052734375
1 0.7724609375 0.322265625 0.013671875 0.0166015625
0 0.943359375 0.349609375 0.0439453125 0.0166015625