2 0.833984375 0.923828125 0.166015625 0.080078125
1 0.6748046875 0.6455078125 0.443359375 0.4365234375
1 0.7373046875 0.3134765625 0.0185546875 0.02734375
1 0.6455078125 0.3154296875 0.0185546875 0.025390625
1 0.0791015625 0.6337890625 0.158203125 0.5166015625
1 0.2744140625 0.3447265625 0.0234375 0.0390625
1 0.17578125 0.3955078125 0.1044921875 0.1357421875
1 0.3955078125 0.48046875 0.103515625 0.18359375
1 0.66796875 0.328125 0.0205078125 0.033203125
1 0.71875 0.390625 0.09375 0.1083984375
1 0.505859375 0.37109375 0.0673828125 0.125
1 0.759765625 0.33203125 0.029296875 0.0361328125
0 0.33203125 0.955078125 0.1796875 0.078125
1 0.310546875 0.3662109375 0.0576171875 0.0947265625
1 0.81640625 0.341796875 0.0732421875 0.0947265625
1 0.5927734375 0.3125 0.013671875 0.01953125
1 0.6259765625 0.341796875 0.064453125 0.0830078125
1 0.423828125 0.359375 0.0673828125 0.091796875
1 0.462890625 0.3447265625 0.029296875 0.06640625
1 0.361328125 0.3544921875 0.033203125 0.0634765625
1 0.224609375 0.3662109375 0.025390625 0.0498046875
1 0.97265625 0.4306640625 0.0546875 0.1884765625
1 0.892578125 0.33984375 0.0498046875 0.0751953125
1 0.72265625 0.3388671875 0.0263671875 0.0498046875
0 0.478515625 0.48046875 0.0439453125 0.0390625
1 0.177734375 0.3525390625 0.015625 0.0224609375
0 0.439453125 0.6083984375 0.056640625 0.0390625
1 0.9365234375 0.3427734375 0.0263671875 0.046875
1 0.9560546875 0.7041015625 0.087890625 0.275390625
1 0.7744140625 0.302734375 0.0205078125 0.033203125
0 0.41015625 0.4375 0.0234375 0.0419921875
0 0.5263671875 0.5791015625 0.146484375 0.0693359375
1 0.673828125 0.37109375 0.033203125 0.0634765625
1 0.025390625 0.4462890625 0.0498046875 0.1142578125
0 0.181640625 0.9345703125 0.193359375 0.130859375
1 0.244140625 0.3916015625 0.03125 0.044921875
0 0.4638671875 0.3876953125 0.0283203125 0.025390625
1 0.537109375 0.392578125 0.03125 0.046875
0 0.6162109375 0.4697265625 0.0390625 0.033203125
1 0.3359375 0.3486328125 0.0185546875 0.0302734375
0 0.7734375 0.4404296875 0.0283203125 0.025390625
1 0.1064453125 0.4306640625 0.0439453125 0.078125
0 0.0390625 0.544921875 0.078125 0.0498046875
1 0.8486328125 0.3154296875 0.0185546875 0.0361328125
0 0.935546875 0.375 0.025390625 0.033203125
0 0.388671875 0.892578125 0.1328125 0.091796875
0 0.498046875 0.4287109375 0.0234375 0.01953125
0 0.0087890625 0.4990234375 0.017578125 0.0302734375
0 0.6435546875 0.4267578125 0.0439453125 0.025390625
0 0.0380859375 0.5986328125 0.076171875 0.05859375
0 0.125 0.46484375 0.0185546875 0.01953125
0 0.400390625 0.580078125 0.0126953125 0.02734375
0 0.6103515625 0.384765625 0.013671875 0.01953125
0 0.880859375 0.6181640625 0.0361328125 0.025390625
0 0.986328125 0.568359375 0.0234375 0.0302734375
0 0.5927734375 0.3779296875 0.017578125 0.0166015625
0 0.435546875 0.466796875 0.0361328125 0.02734375
1 0.833984375 0.3359375 0.021484375 0.033203125
0 0.28125 0.4287109375 0.037109375 0.025390625
0 0.7998046875 0.380859375 0.0185546875 0.0166015625
1 0.7060546875 0.365234375 0.0185546875 0.0302734375
0 0.78515625 0.404296875 0.0205078125 0.01953125
2 0.4599609375 0.9541015625 0.0234375 0.0859375
1 0.755859375 0.3056640625 0.0107421875 0.0224609375
1 0.0234375 0.8837890625 0.046875 0.1884765625
0 0.955078125 0.392578125 0.013671875 0.025390625