2 0.8349609375 0.9248046875 0.1640625 0.0830078125
1 0.6591796875 0.6240234375 0.380859375 0.4697265625
1 0.0849609375 0.6484375 0.169921875 0.580078125
1 0.4560546875 0.41015625 0.087890625 0.158203125
1 0.9677734375 0.43359375 0.064453125 0.2001953125
1 0.2880859375 0.3525390625 0.0419921875 0.0615234375
1 0.2314453125 0.35546875 0.0498046875 0.072265625
1 0.287109375 0.62890625 0.294921875 0.513671875
1 0.7353515625 0.31640625 0.0234375 0.033203125
1 0.173828125 0.3916015625 0.0888671875 0.1337890625
1 0.4052734375 0.37109375 0.0419921875 0.0751953125
1 0.580078125 0.3291015625 0.033203125 0.052734375
1 0.353515625 0.3740234375 0.0419921875 0.1416015625
1 0.857421875 0.3662109375 0.048828125 0.0498046875
1 0.8134765625 0.3447265625 0.0576171875 0.0830078125
1 0.525390625 0.3125 0.013671875 0.01953125
1 0.89453125 0.3349609375 0.0517578125 0.080078125
1 0.537109375 0.3544921875 0.033203125 0.0751953125
1 0.716796875 0.33984375 0.0283203125 0.052734375
1 0.7294921875 0.39453125 0.068359375 0.1279296875
1 0.0322265625 0.390625 0.048828125 0.052734375
1 0.3994140625 0.4892578125 0.0859375 0.171875
1 0.654296875 0.3662109375 0.064453125 0.1220703125
0 0.2001953125 0.9287109375 0.2373046875 0.130859375
1 0.63671875 0.3154296875 0.013671875 0.025390625
1 0.513671875 0.3427734375 0.0205078125 0.0634765625
0 0.380859375 0.9375 0.125 0.125
1 0.4580078125 0.3115234375 0.021484375 0.044921875
0 0.478515625 0.482421875 0.041015625 0.0361328125
1 0.9365234375 0.35546875 0.044921875 0.078125
1 0.763671875 0.328125 0.0341796875 0.072265625
1 0.673828125 0.3212890625 0.017578125 0.0361328125
1 0.6064453125 0.33203125 0.025390625 0.052734375
2 0.5302734375 0.591796875 0.048828125 0.044921875
0 0.8701171875 0.60546875 0.0810546875 0.0498046875
0 0.4384765625 0.607421875 0.0546875 0.0419921875
0 0.3935546875 0.576171875 0.0439453125 0.046875
1 0.638671875 0.3525390625 0.0205078125 0.02734375
0 0.7802734375 0.44140625 0.0419921875 0.0390625
0 0.4248046875 0.4677734375 0.025390625 0.01953125
1 0.494140625 0.3232421875 0.0205078125 0.0302734375
1 0.3251953125 0.37890625 0.025390625 0.052734375
1 0.83203125 0.3193359375 0.013671875 0.02734375
1 0.63671875 0.2568359375 0.013671875 0.013671875
0 0.611328125 0.39453125 0.0234375 0.0224609375
0 0.19140625 0.490234375 0.033203125 0.01953125
1 0.8466796875 0.33203125 0.021484375 0.0361328125
0 0.5888671875 0.37890625 0.021484375 0.013671875
0 0.4990234375 0.4306640625 0.013671875 0.0166015625
0 0.59375 0.455078125 0.025390625 0.02734375
0 0.744140625 0.4541015625 0.0390625 0.01953125
1 0.2041015625 0.3642578125 0.017578125 0.02734375
1 0.9560546875 0.7294921875 0.087890625 0.2138671875
1 0.794921875 0.40234375 0.0546875 0.06640625
1 0.435546875 0.3212890625 0.0185546875 0.025390625
2 0.4599609375 0.955078125 0.0234375 0.0830078125
0 0.4638671875 0.3779296875 0.0185546875 0.02734375
1 0.41796875 0.330078125 0.0205078125 0.02734375