0 0.8056640625 0.8623046875 0.1513671875 0.0751953125
1 0.666015625 0.6240234375 0.4189453125 0.3583984375
1 0.3818359375 0.455078125 0.1298828125 0.177734375
1 0.28125 0.73046875 0.369140625 0.52734375
1 0.537109375 0.44140625 0.1435546875 0.1669921875
1 0.2509765625 0.3154296875 0.0234375 0.0361328125
1 0.287109375 0.306640625 0.0234375 0.0361328125
1 0.693359375 0.37890625 0.111328125 0.15234375
1 0.8125 0.4443359375 0.15625 0.2333984375
1 0.8623046875 0.3125 0.068359375 0.0751953125
1 0.462890625 0.318359375 0.037109375 0.0693359375
1 0.0888671875 0.45703125 0.177734375 0.2587890625
1 0.20703125 0.4052734375 0.111328125 0.18359375
1 0.310546875 0.3134765625 0.021484375 0.0390625
1 0.431640625 0.3056640625 0.03125 0.044921875
1 0.8076171875 0.3427734375 0.046875 0.052734375
1 0.576171875 0.298828125 0.0283203125 0.05859375
1 0.087890625 0.3623046875 0.0439453125 0.05859375
1 0.935546875 0.4169921875 0.1279296875 0.205078125
1 0.28125 0.369140625 0.0810546875 0.1162109375
1 0.193359375 0.3359375 0.03125 0.044921875
1 0.966796875 0.3056640625 0.0205078125 0.044921875
1 0.361328125 0.31640625 0.021484375 0.0390625
0 0.474609375 0.4482421875 0.037109375 0.0419921875
1 0.4931640625 0.3056640625 0.0263671875 0.0498046875
0 0.443359375 0.568359375 0.0517578125 0.0361328125
1 0.75 0.296875 0.0439453125 0.0830078125
1 0.7138671875 0.298828125 0.0185546875 0.0302734375
1 0.62890625 0.2919921875 0.017578125 0.033203125
1 0.73046875 0.283203125 0.013671875 0.033203125
1 0.66015625 0.3037109375 0.0419921875 0.0693359375
0 0.537109375 0.5390625 0.1201171875 0.0615234375
0 0.4111328125 0.3955078125 0.025390625 0.025390625
1 0.982421875 0.3427734375 0.033203125 0.052734375
1 0.548828125 0.3427734375 0.033203125 0.0634765625
1 0.8076171875 0.2919921875 0.025390625 0.0498046875
0 0.3603515625 0.9306640625 0.142578125 0.1279296875
1 0.3310546875 0.3525390625 0.025390625 0.044921875
0 0.4892578125 0.3984375 0.0283203125 0.01953125
0 0.42578125 0.4169921875 0.0263671875 0.0390625
1 0.6005859375 0.298828125 0.013671875 0.0302734375
1 0.5888671875 0.3662109375 0.0498046875 0.06640625
0 0.392578125 0.5419921875 0.041015625 0.033203125
1 0.943359375 0.330078125 0.0439453125 0.044921875
0 0.35546875 0.349609375 0.0234375 0.033203125
0 0.185546875 0.41796875 0.0234375 0.025390625
0 0.3017578125 0.3955078125 0.0185546875 0.013671875
0 0.4677734375 0.359375 0.013671875 0.01953125
1 0.9375 0.642578125 0.119140625 0.275390625
1 0.7822265625 0.3095703125 0.029296875 0.0419921875
0 0.3134765625 0.3427734375 0.013671875 0.025390625
0 0.9306640625 0.365234375 0.0361328125 0.0361328125
0 0.9541015625 0.5302734375 0.0390625 0.0224609375
1 0.7685546875 0.3681640625 0.037109375 0.05859375
0 0.62890625 0.4169921875 0.033203125 0.0498046875
0 0.2158203125 0.4462890625 0.052734375 0.025390625
0 0.900390625 0.3427734375 0.0234375 0.0361328125
0 0.5849609375 0.4267578125 0.017578125 0.0361328125