2 0.8349609375 0.923828125 0.1640625 0.080078125
1 0.6748046875 0.6357421875 0.412109375 0.4443359375
1 0.361328125 0.4970703125 0.1669921875 0.1669921875
1 0.0791015625 0.6259765625 0.158203125 0.5029296875
1 0.4384765625 0.4169921875 0.091796875 0.1279296875
1 0.4375 0.341796875 0.0185546875 0.0390625
1 0.5 0.3291015625 0.0126953125 0.0361328125
1 0.5537109375 0.3544921875 0.0361328125 0.046875
1 0.5048828125 0.380859375 0.0625 0.1337890625
1 0.732421875 0.3193359375 0.0205078125 0.0390625
1 0.6328125 0.341796875 0.041015625 0.0888671875
1 0.228515625 0.35546875 0.0234375 0.0390625
1 0.2998046875 0.337890625 0.0185546875 0.0419921875
1 0.7060546875 0.3359375 0.0439453125 0.0830078125
1 0.1884765625 0.4482421875 0.1328125 0.2529296875
1 0.7529296875 0.3837890625 0.072265625 0.099609375
1 0.880859375 0.3720703125 0.056640625 0.044921875
1 0.587890625 0.3427734375 0.037109375 0.0693359375
1 0.291015625 0.3984375 0.064453125 0.1416015625
1 0.3671875 0.3544921875 0.0283203125 0.05859375
1 0.9560546875 0.443359375 0.087890625 0.2197265625
0 0.474609375 0.48046875 0.0439453125 0.0390625
1 0.8193359375 0.33984375 0.0703125 0.1025390625
1 0.931640625 0.3544921875 0.0390625 0.05859375
1 0.318359375 0.3447265625 0.025390625 0.0390625
1 0.193359375 0.357421875 0.0439453125 0.0693359375
0 0.86328125 0.607421875 0.126953125 0.0634765625
1 0.2431640625 0.392578125 0.029296875 0.046875
1 0.673828125 0.4345703125 0.076171875 0.130859375
1 0.9541015625 0.6689453125 0.091796875 0.337890625
1 0.046875 0.404296875 0.0908203125 0.091796875
1 0.4189453125 0.357421875 0.025390625 0.046875
0 0.5341796875 0.5751953125 0.1123046875 0.0556640625
0 0.3037109375 0.91796875 0.314453125 0.158203125
0 0.4384765625 0.607421875 0.0546875 0.0419921875
1 0.767578125 0.3115234375 0.048828125 0.0556640625
0 0.4052734375 0.43359375 0.033203125 0.0390625
1 0.66796875 0.3681640625 0.033203125 0.05859375
0 0.955078125 0.580078125 0.0576171875 0.033203125
1 0.66796875 0.322265625 0.0205078125 0.044921875
1 0.2607421875 0.3662109375 0.015625 0.033203125
0 0.486328125 0.4287109375 0.0263671875 0.01953125
0 0.380859375 0.5751953125 0.0703125 0.0498046875
1 0.607421875 0.33984375 0.017578125 0.025390625
0 0.642578125 0.421875 0.0419921875 0.0166015625
1 0.853515625 0.337890625 0.017578125 0.0302734375
0 0.412109375 0.4609375 0.025390625 0.0166015625
1 0.46875 0.31640625 0.025390625 0.0390625
0 0.6103515625 0.39453125 0.0263671875 0.0166015625
0 0.587890625 0.3779296875 0.0185546875 0.0107421875
1 0.9013671875 0.3232421875 0.0283203125 0.0419921875
0 0.298828125 0.568359375 0.0654296875 0.0361328125
1 0.8447265625 0.31640625 0.013671875 0.02734375
0 0.3798828125 0.4052734375 0.0185546875 0.0224609375
0 0.7978515625 0.3662109375 0.0205078125 0.0224609375
0 0.5888671875 0.45703125 0.021484375 0.0361328125
0 0.3125 0.37890625 0.0126953125 0.046875
2 0.609375 0.4775390625 0.0185546875 0.0224609375
0 0.923828125 0.390625 0.0205078125 0.0419921875
0 0.4130859375 0.29296875 0.0205078125 0.025390625