1 0.5224609375 0.0986328125 0.0263671875 0.0419921875
1 0.69921875 0.091796875 0.0234375 0.0390625
1 0.287109375 0.40234375 0.224609375 0.322265625
1 0.59375 0.3916015625 0.2998046875 0.3447265625
1 0.3935546875 0.1318359375 0.025390625 0.0361328125
1 0.7919921875 0.080078125 0.03125 0.0498046875
1 0.443359375 0.150390625 0.0810546875 0.14453125
1 0.841796875 0.1025390625 0.095703125 0.099609375
1 0.892578125 0.2763671875 0.2080078125 0.3134765625
1 0.1494140625 0.0859375 0.033203125 0.0556640625
1 0.6884765625 0.130859375 0.0888671875 0.1337890625
1 0.4970703125 0.1337890625 0.041015625 0.0615234375
1 0.173828125 0.255859375 0.09375 0.3330078125
1 0.2431640625 0.119140625 0.0703125 0.099609375
1 0.9326171875 0.1181640625 0.0966796875 0.1474609375
1 0.091796875 0.0732421875 0.048828125 0.119140625
1 0.3623046875 0.193359375 0.125 0.158203125
1 0.9404296875 0.046875 0.03125 0.0556640625
0 0.306640625 0.568359375 0.0625 0.080078125
1 0.0791015625 0.18359375 0.1298828125 0.2109375
1 0.6259765625 0.1884765625 0.0732421875 0.1220703125
1 0.01171875 0.177734375 0.0234375 0.078125
1 0.8857421875 0.7177734375 0.224609375 0.5634765625
1 0.9853515625 0.1064453125 0.029296875 0.052734375
0 0.5888671875 0.56640625 0.197265625 0.099609375
0 0.4736328125 0.4013671875 0.0625 0.0751953125
0 0.798828125 0.279296875 0.0517578125 0.0302734375
0 0.505859375 0.294921875 0.0419921875 0.0390625
1 0.017578125 0.345703125 0.03515625 0.19140625
0 0.181640625 0.244140625 0.0439453125 0.02734375
0 0.4619140625 0.2109375 0.029296875 0.033203125
1 0.9189453125 0.09765625 0.025390625 0.033203125
0 0.123046875 0.29296875 0.03125 0.025390625
0 0.337890625 0.29296875 0.0517578125 0.0419921875
0 0.7373046875 0.380859375 0.0498046875 0.0390625
0 0.375 0.3681640625 0.0498046875 0.0361328125
0 0.6748046875 0.1943359375 0.0185546875 0.0224609375
0 0.2314453125 0.1904296875 0.0439453125 0.052734375
1 0.0693359375 0.669921875 0.138671875 0.4501953125
0 0.341796875 0.33203125 0.0439453125 0.0361328125
0 0.4306640625 0.3818359375 0.048828125 0.0361328125
0 0.73046875 0.2236328125 0.0546875 0.01953125
0 0.41015625 0.634765625 0.0986328125 0.0693359375