2 0.833984375 0.923828125 0.166015625 0.080078125
1 0.67578125 0.681640625 0.439453125 0.3525390625
1 0.53125 0.4697265625 0.1689453125 0.177734375
1 0.865234375 0.484375 0.228515625 0.2587890625
1 0.3681640625 0.4931640625 0.1611328125 0.1806640625
1 0.697265625 0.427734375 0.125 0.1611328125
1 0.53125 0.33984375 0.0185546875 0.0361328125
1 0.904296875 0.3388671875 0.080078125 0.0888671875
1 0.4892578125 0.33984375 0.021484375 0.046875
1 0.228515625 0.7587890625 0.3671875 0.47265625
1 0.466796875 0.3544921875 0.0419921875 0.09765625
1 0.419921875 0.3759765625 0.060546875 0.09765625
1 0.736328125 0.318359375 0.017578125 0.0361328125
1 0.671875 0.3291015625 0.021484375 0.0361328125
1 0.1943359375 0.4365234375 0.1171875 0.205078125
1 0.7626953125 0.330078125 0.0498046875 0.0830078125
1 0.31640625 0.361328125 0.0546875 0.0830078125
1 0.63671875 0.3349609375 0.0419921875 0.0693359375
1 0.3505859375 0.3427734375 0.0205078125 0.0419921875
1 0.076171875 0.505859375 0.15234375 0.25
1 0.2744140625 0.3447265625 0.0234375 0.044921875
1 0.5859375 0.33984375 0.037109375 0.0751953125
1 0.822265625 0.33203125 0.0673828125 0.1025390625
1 0.974609375 0.3447265625 0.0439453125 0.072265625
1 0.298828125 0.330078125 0.0126953125 0.0224609375
1 0.5634765625 0.3818359375 0.0390625 0.0634765625
0 0.474609375 0.48046875 0.037109375 0.0390625
1 0.7177734375 0.3427734375 0.0263671875 0.0419921875
1 0.2236328125 0.3623046875 0.0126953125 0.0302734375
0 0.388671875 0.580078125 0.078125 0.0390625
0 0.40625 0.4404296875 0.025390625 0.0361328125
0 0.5498046875 0.5693359375 0.130859375 0.0498046875
1 0.8115234375 0.3056640625 0.0107421875 0.0224609375
0 0.4384765625 0.6083984375 0.0546875 0.0390625
1 0.974609375 0.4501953125 0.0498046875 0.1552734375
0 0.375 0.9248046875 0.1376953125 0.14453125
0 0.734375 0.4638671875 0.0439453125 0.0224609375
0 0.7001953125 0.4794921875 0.037109375 0.0302734375
1 0.048828125 0.3974609375 0.0361328125 0.044921875
1 0.669921875 0.37109375 0.033203125 0.05859375
0 0.767578125 0.4443359375 0.0185546875 0.02734375
0 0.59375 0.4580078125 0.03125 0.0390625
0 0.6435546875 0.427734375 0.037109375 0.0224609375
0 0.486328125 0.4287109375 0.0263671875 0.01953125
1 0.6123046875 0.3232421875 0.0185546875 0.0302734375
0 0.435546875 0.455078125 0.0517578125 0.033203125
0 0.4560546875 0.3857421875 0.0185546875 0.0166015625
2 0.025390625 0.9443359375 0.0498046875 0.099609375
0 0.298828125 0.56640625 0.0517578125 0.033203125
0 0.591796875 0.37890625 0.021484375 0.013671875
1 0.353515625 0.3916015625 0.0263671875 0.044921875
0 0.76171875 0.388671875 0.0234375 0.02734375
0 0.28515625 0.4287109375 0.044921875 0.025390625
0 0.6064453125 0.392578125 0.0185546875 0.01953125
0 0.798828125 0.3740234375 0.0205078125 0.0087890625
0 0.30078125 0.4990234375 0.0205078125 0.01953125
0 0.9501953125 0.349609375 0.025390625 0.0166015625
2 0.4130859375 0.5947265625 0.0205078125 0.0107421875
1 0.361328125 0.35546875 0.009765625 0.0166015625
1 0.775390625 0.4169921875 0.0419921875 0.033203125
0 0.609375 0.4775390625 0.0185546875 0.0224609375
0 0.8232421875 0.3984375 0.056640625 0.0419921875