2 0.8056640625 0.8623046875 0.1513671875 0.0751953125
1 0.65625 0.6416015625 0.40625 0.3447265625
1 0.3916015625 0.451171875 0.123046875 0.1865234375
1 0.4990234375 0.2958984375 0.017578125 0.025390625
1 0.275390625 0.716796875 0.3564453125 0.56640625
1 0.8134765625 0.4482421875 0.1611328125 0.23046875
1 0.693359375 0.37890625 0.1123046875 0.1640625
1 0.4384765625 0.31640625 0.017578125 0.02734375
1 0.19921875 0.3779296875 0.091796875 0.1337890625
1 0.474609375 0.361328125 0.0625 0.1337890625
1 0.2939453125 0.3115234375 0.0185546875 0.033203125
1 0.7197265625 0.28515625 0.013671875 0.01953125
1 0.630859375 0.29296875 0.013671875 0.0361328125
1 0.2490234375 0.318359375 0.0234375 0.0302734375
1 0.3125 0.33984375 0.03125 0.05859375
1 0.9677734375 0.2919921875 0.0205078125 0.033203125
1 0.8603515625 0.267578125 0.0234375 0.0361328125
1 0.9296875 0.419921875 0.1220703125 0.2109375
1 0.58203125 0.29296875 0.013671875 0.0302734375
1 0.1044921875 0.37890625 0.083984375 0.1025390625
1 0.2626953125 0.359375 0.0439453125 0.0693359375
1 0.701171875 0.3037109375 0.0283203125 0.0361328125
1 0.1982421875 0.3154296875 0.0341796875 0.046875
1 0.744140625 0.2802734375 0.0439453125 0.06640625
1 0.3740234375 0.330078125 0.0205078125 0.044921875
1 0.78515625 0.3037109375 0.0234375 0.0361328125
1 0.7451171875 0.33203125 0.025390625 0.05859375
1 0.61328125 0.3212890625 0.060546875 0.091796875
1 0.275390625 0.330078125 0.013671875 0.0224609375
1 0.5234375 0.3193359375 0.03125 0.078125
1 0.572265625 0.31640625 0.0205078125 0.0390625
1 0.806640625 0.294921875 0.025390625 0.0498046875
1 0.84375 0.31640625 0.0498046875 0.0888671875
0 0.861328125 0.5517578125 0.095703125 0.0361328125
1 0.6552734375 0.296875 0.0205078125 0.044921875
0 0.443359375 0.568359375 0.0498046875 0.0361328125
0 0.478515625 0.4482421875 0.0390625 0.0302734375
0 0.5185546875 0.54296875 0.068359375 0.0361328125
1 0.330078125 0.3232421875 0.015625 0.01953125
1 0.662109375 0.3427734375 0.029296875 0.046875
0 0.4130859375 0.392578125 0.0205078125 0.01953125
1 0.548828125 0.3291015625 0.0263671875 0.0634765625
0 0.681640625 0.453125 0.037109375 0.0390625
1 0.966796875 0.3642578125 0.041015625 0.0615234375
0 0.931640625 0.3583984375 0.03125 0.033203125
1 0.158203125 0.388671875 0.015625 0.02734375
1 0.76953125 0.349609375 0.033203125 0.0830078125
0 0.361328125 0.3525390625 0.0185546875 0.0224609375
0 0.580078125 0.3515625 0.0205078125 0.013671875
0 0.0556640625 0.5556640625 0.111328125 0.0556640625
0 0.6572265625 0.3740234375 0.0263671875 0.01953125
0 0.9560546875 0.5302734375 0.03125 0.0224609375
1 0.8984375 0.3359375 0.0185546875 0.033203125
0 0.3037109375 0.39453125 0.0234375 0.0166015625
1 0.9443359375 0.638671875 0.107421875 0.2890625
0 0.162109375 0.4306640625 0.0234375 0.0166015625
1 0.494140625 0.3427734375 0.017578125 0.0302734375
0 0.7412109375 0.404296875 0.0390625 0.05859375
2 0.4072265625 0.548828125 0.0234375 0.01953125
1 0.982421875 0.3193359375 0.0263671875 0.0390625
0 0.638671875 0.423828125 0.0498046875 0.080078125
0 0.0576171875 0.4794921875 0.0595703125 0.05859375
0 0.609375 0.35546875 0.015625 0.0224609375
1 0.6884765625 0.337890625 0.013671875 0.0302734375
1 0.982421875 0.4404296875 0.0263671875 0.080078125
1 0.0166015625 0.494140625 0.033203125 0.0390625
0 0.7216796875 0.4541015625 0.0498046875 0.052734375
0 0.28515625 0.4072265625 0.0732421875 0.052734375
0 0.6044921875 0.380859375 0.03125 0.0556640625