0 0.833984375 0.923828125 0.166015625 0.080078125
1 0.7109375 0.6767578125 0.384765625 0.3525390625
1 0.8671875 0.4775390625 0.259765625 0.2392578125
1 0.4580078125 0.3486328125 0.056640625 0.091796875
1 0.3642578125 0.494140625 0.1689453125 0.177734375
1 0.5048828125 0.3232421875 0.0126953125 0.01953125
1 0.7060546875 0.4072265625 0.125 0.197265625
1 0.255859375 0.7744140625 0.31640625 0.451171875
1 0.537109375 0.484375 0.181640625 0.1806640625
1 0.638671875 0.31640625 0.0205078125 0.0224609375
1 0.1943359375 0.4580078125 0.1357421875 0.2333984375
1 0.724609375 0.3037109375 0.0185546875 0.025390625
1 0.0732421875 0.6337890625 0.146484375 0.533203125
1 0.88671875 0.330078125 0.048828125 0.078125
1 0.2685546875 0.3916015625 0.068359375 0.099609375
1 0.2314453125 0.3662109375 0.03125 0.0615234375
1 0.5126953125 0.37890625 0.0751953125 0.130859375
1 0.7626953125 0.3232421875 0.0439453125 0.080078125
1 0.494140625 0.341796875 0.0185546875 0.02734375
1 0.822265625 0.330078125 0.060546875 0.0830078125
1 0.32421875 0.380859375 0.048828125 0.10546875
0 0.478515625 0.48046875 0.0439453125 0.0390625
1 0.599609375 0.380859375 0.056640625 0.150390625
1 0.298828125 0.33984375 0.0185546875 0.0419921875
1 0.931640625 0.3447265625 0.025390625 0.044921875
1 0.70703125 0.3291015625 0.0390625 0.0693359375
0 0.8701171875 0.5986328125 0.087890625 0.0693359375
0 0.388671875 0.927734375 0.154296875 0.14453125
0 0.40625 0.427734375 0.025390625 0.0224609375
1 0.0380859375 0.404296875 0.033203125 0.0419921875
0 0.548828125 0.572265625 0.1220703125 0.0556640625
1 0.349609375 0.341796875 0.0185546875 0.033203125
0 0.423828125 0.455078125 0.0341796875 0.0390625
0 0.380859375 0.5791015625 0.0751953125 0.0361328125
0 0.4384765625 0.607421875 0.0546875 0.0419921875
0 0.697265625 0.48046875 0.048828125 0.02734375
0 0.7685546875 0.4443359375 0.03125 0.02734375
1 0.8505859375 0.3427734375 0.0234375 0.0361328125
0 0.48828125 0.4287109375 0.0361328125 0.01953125
1 0.6591796875 0.31640625 0.0185546875 0.044921875
0 0.6103515625 0.39453125 0.029296875 0.0166015625
1 0.54296875 0.359375 0.017578125 0.0302734375
1 0.63671875 0.345703125 0.029296875 0.046875
1 0.5849609375 0.3427734375 0.0205078125 0.0361328125
1 0.9736328125 0.361328125 0.0498046875 0.0556640625
0 0.294921875 0.5732421875 0.0546875 0.0419921875
1 0.189453125 0.369140625 0.03125 0.0498046875
1 0.9599609375 0.7138671875 0.080078125 0.25
0 0.8466796875 0.3740234375 0.03125 0.0087890625
0 0.6484375 0.423828125 0.0283203125 0.01953125
1 0.361328125 0.3544921875 0.0107421875 0.01953125
0 0.92578125 0.580078125 0.0419921875 0.02734375
0 0.80078125 0.3916015625 0.0361328125 0.0166015625
1 0.6630859375 0.3681640625 0.033203125 0.05859375
0 0.8125 0.3779296875 0.0498046875 0.0166015625
1 0.353515625 0.408203125 0.0361328125 0.06640625
1 0.8154296875 0.3125 0.0126953125 0.01953125
0 0.9423828125 0.369140625 0.015625 0.0224609375
0 0.44921875 0.4697265625 0.029296875 0.0224609375
0 0.6064453125 0.5537109375 0.03125 0.025390625
1 0.2626953125 0.369140625 0.0126953125 0.033203125
1 0.517578125 0.3056640625 0.021484375 0.0224609375
0 0.587890625 0.4609375 0.03125 0.044921875
0 0.25 0.419921875 0.03125 0.0224609375
0 0.7431640625 0.443359375 0.0361328125 0.0361328125
1 0.380859375 0.40234375 0.013671875 0.02734375
1 0.3173828125 0.3427734375 0.0126953125 0.025390625
2 0.791015625 0.4150390625 0.0498046875 0.0361328125