2 0.806640625 0.8642578125 0.154296875 0.078125
1 0.26953125 0.68359375 0.357421875 0.4609375
1 0.830078125 0.4599609375 0.2158203125 0.23046875
1 0.3759765625 0.4541015625 0.1298828125 0.169921875
1 0.5498046875 0.4404296875 0.181640625 0.1640625
1 0.6982421875 0.3818359375 0.109375 0.1474609375
1 0.6572265625 0.6513671875 0.423828125 0.3251953125
1 0.48828125 0.31640625 0.0205078125 0.033203125
1 0.208984375 0.37890625 0.099609375 0.1474609375
1 0.716796875 0.29296875 0.0205078125 0.0302734375
1 0.0869140625 0.466796875 0.173828125 0.22265625
1 0.8623046875 0.322265625 0.0810546875 0.10546875
1 0.306640625 0.3037109375 0.0126953125 0.025390625
1 0.2861328125 0.3232421875 0.021484375 0.0302734375
1 0.2939453125 0.390625 0.0751953125 0.158203125
1 0.95703125 0.306640625 0.076171875 0.091796875
1 0.5 0.302734375 0.0126953125 0.033203125
1 0.75 0.2724609375 0.0185546875 0.033203125
1 0.7998046875 0.3095703125 0.0625 0.091796875
1 0.6015625 0.3193359375 0.052734375 0.0830078125
1 0.2373046875 0.33203125 0.025390625 0.0419921875
1 0.462890625 0.322265625 0.0234375 0.044921875
1 0.19921875 0.326171875 0.0361328125 0.046875
1 0.654296875 0.302734375 0.029296875 0.0556640625
0 0.4228515625 0.4169921875 0.0234375 0.033203125
1 0.548828125 0.341796875 0.033203125 0.072265625
0 0.5341796875 0.5419921875 0.103515625 0.0390625
1 0.404296875 0.361328125 0.025390625 0.044921875
1 0.2666015625 0.3447265625 0.029296875 0.0498046875
0 0.474609375 0.451171875 0.037109375 0.0361328125
0 0.443359375 0.568359375 0.0517578125 0.0361328125
1 0.69140625 0.322265625 0.029296875 0.0556640625
0 0.4169921875 0.392578125 0.015625 0.01953125
1 0.33203125 0.3388671875 0.0361328125 0.072265625
1 0.5 0.279296875 0.0185546875 0.01953125
1 0.9794921875 0.4150390625 0.041015625 0.1083984375
1 0.6630859375 0.306640625 0.013671875 0.013671875
0 0.7548828125 0.404296875 0.025390625 0.025390625
0 0.380859375 0.5361328125 0.0625 0.044921875
0 0.6865234375 0.4462890625 0.0390625 0.025390625
0 0.353515625 0.3486328125 0.015625 0.01953125
1 0.361328125 0.3515625 0.041015625 0.125
0 0.4931640625 0.400390625 0.029296875 0.0166015625
1 0.5205078125 0.3251953125 0.0283203125 0.0498046875
1 0.59765625 0.3154296875 0.017578125 0.025390625
1 0.5693359375 0.294921875 0.013671875 0.02734375
0 0.9599609375 0.5302734375 0.0361328125 0.02734375
0 0.255859375 0.3916015625 0.0185546875 0.0166015625
0 0.470703125 0.361328125 0.021484375 0.0166015625
0 0.6044921875 0.3544921875 0.0185546875 0.025390625
1 0.744140625 0.318359375 0.0205078125 0.0302734375
0 0.634765625 0.3955078125 0.0390625 0.025390625
1 0.587890625 0.279296875 0.013671875 0.025390625
0 0.982421875 0.3525390625 0.0263671875 0.0224609375
0 0.5849609375 0.529296875 0.033203125 0.0302734375
0 0.5732421875 0.349609375 0.015625 0.0166015625
0 0.30078125 0.3984375 0.0205078125 0.01953125
0 0.548828125 0.517578125 0.0498046875 0.025390625
1 0.080078125 0.4052734375 0.025390625 0.0390625
1 0.0849609375 0.3212890625 0.0361328125 0.0361328125
1 0.2998046875 0.322265625 0.0126953125 0.0166015625
0 0.5927734375 0.404296875 0.013671875 0.0361328125
1 0.9375 0.6376953125 0.119140625 0.2919921875
0 0.8056640625 0.337890625 0.0263671875 0.01953125
2 0.89453125 0.37109375 0.0107421875 0.013671875
0 0.1435546875 0.380859375 0.025390625 0.0390625
0 0.587890625 0.369140625 0.029296875 0.0390625
1 0.755859375 0.349609375 0.0126953125 0.044921875