2 0.8349609375 0.923828125 0.1640625 0.080078125
1 0.6728515625 0.654296875 0.4326171875 0.419921875
1 0.4365234375 0.3330078125 0.0205078125 0.033203125
1 0.880859375 0.49609375 0.224609375 0.2412109375
1 0.2158203125 0.7431640625 0.400390625 0.4638671875
1 0.361328125 0.4912109375 0.162109375 0.177734375
1 0.6435546875 0.3154296875 0.0185546875 0.0302734375
1 0.712890625 0.3984375 0.1142578125 0.130859375
1 0.505859375 0.326171875 0.0126953125 0.025390625
1 0.669921875 0.322265625 0.0234375 0.033203125
1 0.0810546875 0.4765625 0.1435546875 0.197265625
1 0.4921875 0.3447265625 0.021484375 0.033203125
1 0.7216796875 0.3154296875 0.03125 0.05859375
1 0.318359375 0.37890625 0.064453125 0.1357421875
1 0.193359375 0.4345703125 0.1171875 0.23046875
1 0.5107421875 0.392578125 0.068359375 0.1416015625
1 0.576171875 0.3291015625 0.0263671875 0.0634765625
1 0.8125 0.33984375 0.0625 0.1025390625
1 0.767578125 0.318359375 0.0419921875 0.0751953125
1 0.931640625 0.3447265625 0.0419921875 0.072265625
1 0.3466796875 0.3388671875 0.0185546875 0.0390625
1 0.41796875 0.3740234375 0.060546875 0.1025390625
1 0.228515625 0.3544921875 0.0234375 0.0361328125
0 0.4794921875 0.482421875 0.0439453125 0.0419921875
0 0.375 0.9375 0.119140625 0.119140625
0 0.4384765625 0.607421875 0.0546875 0.0419921875
1 0.1943359375 0.3642578125 0.033203125 0.0390625
0 0.376953125 0.580078125 0.068359375 0.0390625
0 0.4130859375 0.455078125 0.0361328125 0.0390625
1 0.9765625 0.3544921875 0.046875 0.052734375
1 0.900390625 0.3291015625 0.025390625 0.0419921875
0 0.5302734375 0.591796875 0.1015625 0.044921875
0 0.404296875 0.4267578125 0.029296875 0.025390625
1 0.599609375 0.318359375 0.0185546875 0.0361328125
0 0.294921875 0.5693359375 0.048828125 0.0390625
1 0.8564453125 0.3486328125 0.0498046875 0.0693359375
0 0.349609375 0.380859375 0.0185546875 0.0224609375
0 0.603515625 0.3974609375 0.029296875 0.0166015625
1 0.6259765625 0.349609375 0.044921875 0.0556640625
1 0.6982421875 0.328125 0.021484375 0.0390625
1 0.5947265625 0.4111328125 0.0673828125 0.1337890625
0 0.32421875 0.404296875 0.029296875 0.013671875
0 0.28125 0.4306640625 0.0439453125 0.0224609375
1 0.06640625 0.3955078125 0.048828125 0.0634765625
0 0.642578125 0.419921875 0.046875 0.0224609375
1 0.6630859375 0.365234375 0.033203125 0.05859375
1 0.466796875 0.3447265625 0.0341796875 0.0615234375
0 0.7802734375 0.443359375 0.044921875 0.0361328125
1 0.3193359375 0.3251953125 0.0205078125 0.033203125
1 0.9560546875 0.7001953125 0.087890625 0.2666015625
0 0.498046875 0.4287109375 0.0185546875 0.01953125
0 0.0439453125 0.5947265625 0.087890625 0.0615234375
0 0.8818359375 0.6181640625 0.0361328125 0.01953125
0 0.5927734375 0.37890625 0.0205078125 0.01953125
1 0.7001953125 0.3642578125 0.03125 0.02734375
1 0.837890625 0.3125 0.013671875 0.01953125
0 0.59375 0.4541015625 0.0126953125 0.025390625
0 0.798828125 0.37890625 0.0185546875 0.013671875
0 0.767578125 0.4833984375 0.048828125 0.0615234375
2 0.029296875 0.9775390625 0.025390625 0.02734375
1 0.98828125 0.4404296875 0.017578125 0.091796875
1 0.888671875 0.3916015625 0.0361328125 0.044921875
1 0.6826171875 0.341796875 0.0126953125 0.0166015625