2 0.833984375 0.923828125 0.166015625 0.080078125
1 0.669921875 0.6787109375 0.4296875 0.3857421875
1 0.8603515625 0.4775390625 0.251953125 0.25
1 0.705078125 0.4111328125 0.111328125 0.14453125
1 0.7314453125 0.3193359375 0.0185546875 0.033203125
1 0.3681640625 0.4912109375 0.158203125 0.18359375
1 0.2431640625 0.7734375 0.373046875 0.419921875
1 0.513671875 0.388671875 0.0625 0.138671875
1 0.5029296875 0.3291015625 0.015625 0.0361328125
1 0.4814453125 0.3359375 0.0185546875 0.033203125
1 0.63671875 0.318359375 0.0205078125 0.0302734375
1 0.556640625 0.357421875 0.037109375 0.0419921875
1 0.2705078125 0.3515625 0.0283203125 0.046875
1 0.208984375 0.4580078125 0.115234375 0.216796875
1 0.41796875 0.365234375 0.064453125 0.1083984375
1 0.58203125 0.330078125 0.0263671875 0.06640625
1 0.0859375 0.52734375 0.1591796875 0.3115234375
1 0.228515625 0.357421875 0.025390625 0.0419921875
1 0.763671875 0.3330078125 0.048828125 0.099609375
1 0.8134765625 0.330078125 0.048828125 0.078125
1 0.3623046875 0.361328125 0.0439453125 0.078125
1 0.4443359375 0.328125 0.0205078125 0.044921875
1 0.0166015625 0.3818359375 0.033203125 0.046875
0 0.4755859375 0.48046875 0.044921875 0.0390625
1 0.162109375 0.349609375 0.037109375 0.033203125
1 0.9072265625 0.3427734375 0.0576171875 0.0859375
0 0.3720703125 0.578125 0.068359375 0.044921875
0 0.537109375 0.5732421875 0.1171875 0.0693359375
0 0.4111328125 0.431640625 0.021484375 0.0419921875
1 0.951171875 0.703125 0.095703125 0.283203125
0 0.8623046875 0.6181640625 0.087890625 0.052734375
1 0.197265625 0.3681640625 0.0361328125 0.052734375
0 0.4384765625 0.607421875 0.0546875 0.0419921875
1 0.3056640625 0.337890625 0.029296875 0.0419921875
1 0.326171875 0.380859375 0.029296875 0.044921875
1 0.462890625 0.3447265625 0.025390625 0.0615234375
1 0.6875 0.328125 0.0185546875 0.02734375
1 0.673828125 0.328125 0.0185546875 0.02734375
1 0.708984375 0.302734375 0.021484375 0.02734375
1 0.33203125 0.35546875 0.017578125 0.02734375
0 0.6435546875 0.4248046875 0.0439453125 0.0166015625
1 0.9814453125 0.3740234375 0.037109375 0.080078125
0 0.2939453125 0.5615234375 0.0439453125 0.0166015625
0 0.6943359375 0.4794921875 0.044921875 0.025390625
0 0.486328125 0.4306640625 0.0205078125 0.0166015625
0 0.466796875 0.3916015625 0.021484375 0.0224609375
1 0.2431640625 0.3984375 0.0263671875 0.0419921875
1 0.681640625 0.3740234375 0.029296875 0.0419921875
0 0.587890625 0.37890625 0.0205078125 0.013671875
0 0.609375 0.39453125 0.025390625 0.0166015625
0 0.2822265625 0.4306640625 0.0390625 0.02734375
0 0.6064453125 0.4736328125 0.025390625 0.0302734375
0 0.767578125 0.44140625 0.021484375 0.02734375
0 0.30078125 0.49609375 0.0205078125 0.025390625
1 0.380859375 0.384765625 0.0107421875 0.01953125
1 0.517578125 0.30859375 0.0234375 0.02734375
0 0.150390625 0.4384765625 0.0185546875 0.0224609375
0 0.419921875 0.466796875 0.029296875 0.0224609375
0 0.9375 0.3837890625 0.0185546875 0.0498046875
0 0.7626953125 0.3916015625 0.0185546875 0.02734375
0 0.591796875 0.455078125 0.021484375 0.02734375
1 0.603515625 0.330078125 0.015625 0.0224609375