2 0.8349609375 0.923828125 0.1640625 0.080078125
1 0.255859375 0.7490234375 0.3876953125 0.44140625
1 0.462890625 0.33203125 0.044921875 0.09765625
1 0.5 0.3232421875 0.0126953125 0.0302734375
1 0.6875 0.6982421875 0.462890625 0.341796875
1 0.369140625 0.4912109375 0.1484375 0.171875
1 0.5517578125 0.4609375 0.146484375 0.18359375
1 0.85546875 0.466796875 0.216796875 0.2333984375
1 0.4326171875 0.3291015625 0.0185546875 0.025390625
1 0.716796875 0.3388671875 0.0205078125 0.0390625
1 0.193359375 0.443359375 0.125 0.2080078125
1 0.306640625 0.341796875 0.037109375 0.0615234375
1 0.07421875 0.412109375 0.0888671875 0.119140625
1 0.8125 0.3427734375 0.068359375 0.091796875
1 0.4892578125 0.3427734375 0.0185546875 0.0302734375
1 0.7060546875 0.421875 0.1123046875 0.1943359375
1 0.556640625 0.3583984375 0.037109375 0.0390625
1 0.353515625 0.341796875 0.0283203125 0.044921875
1 0.650390625 0.330078125 0.03125 0.072265625
1 0.267578125 0.3876953125 0.0576171875 0.080078125
1 0.966796875 0.44140625 0.0654296875 0.2001953125
1 0.8623046875 0.365234375 0.0498046875 0.0693359375
1 0.181640625 0.345703125 0.037109375 0.046875
1 0.2314453125 0.3720703125 0.03125 0.0556640625
1 0.5888671875 0.326171875 0.0185546875 0.0361328125
1 0.416015625 0.3662109375 0.0673828125 0.099609375
0 0.8994140625 0.591796875 0.1328125 0.06640625
1 0.6796875 0.361328125 0.03125 0.0556640625
0 0.478515625 0.482421875 0.0439453125 0.0419921875
1 0.755859375 0.3583984375 0.03125 0.0615234375
1 0.9052734375 0.328125 0.0263671875 0.0498046875
1 0.775390625 0.3193359375 0.03125 0.0498046875
0 0.375 0.580078125 0.0625 0.0390625
1 0.943359375 0.3427734375 0.029296875 0.046875
0 0.548828125 0.568359375 0.126953125 0.0634765625
0 0.4072265625 0.4248046875 0.0234375 0.0166015625
1 0.9619140625 0.666015625 0.076171875 0.34375
0 0.4384765625 0.607421875 0.0546875 0.0419921875
0 0.4189453125 0.4482421875 0.0185546875 0.0302734375
0 0.3740234375 0.92578125 0.150390625 0.1484375
0 0.701171875 0.4775390625 0.052734375 0.033203125
1 0.5185546875 0.3515625 0.03125 0.0634765625
0 0.4677734375 0.3857421875 0.0263671875 0.0166015625
0 0.48828125 0.4287109375 0.029296875 0.01953125
0 0.2919921875 0.4287109375 0.021484375 0.013671875
1 0.0234375 0.455078125 0.046875 0.111328125
1 0.623046875 0.3212890625 0.025390625 0.0419921875
0 0.2001953125 0.490234375 0.0498046875 0.025390625
0 0.591796875 0.4541015625 0.0185546875 0.025390625
0 0.9755859375 0.56640625 0.0390625 0.02734375
1 0.2802734375 0.35546875 0.017578125 0.0224609375
0 0.4375 0.4677734375 0.037109375 0.025390625
0 0.6123046875 0.3916015625 0.03125 0.0166015625
1 0.8818359375 0.33203125 0.0234375 0.0419921875
0 0.611328125 0.474609375 0.025390625 0.0166015625
0 0.0478515625 0.56640625 0.095703125 0.111328125
0 0.61328125 0.56640625 0.0263671875 0.033203125
0 0.900390625 0.365234375 0.03125 0.025390625
0 0.798828125 0.37890625 0.0185546875 0.01953125
0 0.322265625 0.4052734375 0.0263671875 0.0166015625
0 0.775390625 0.35546875 0.0126953125 0.0224609375
0 0.236328125 0.4052734375 0.021484375 0.02734375
0 0.7685546875 0.443359375 0.025390625 0.0302734375
0 0.1884765625 0.453125 0.0673828125 0.033203125
1 0.517578125 0.30859375 0.015625 0.02734375
0 0.650390625 0.806640625 0.060546875 0.046875
0 0.138671875 0.46484375 0.021484375 0.013671875
1 0.099609375 0.6962890625 0.056640625 0.1142578125
2 0.7841796875 0.4140625 0.025390625 0.02734375