2 0.8349609375 0.923828125 0.1669921875 0.080078125
1 0.673828125 0.662109375 0.4326171875 0.408203125
1 0.205078125 0.392578125 0.091796875 0.1357421875
1 0.2744140625 0.3447265625 0.0234375 0.033203125
1 0.443359375 0.404296875 0.111328125 0.15234375
1 0.5625 0.455078125 0.1689453125 0.2001953125
1 0.435546875 0.3291015625 0.0185546875 0.0302734375
1 0.205078125 0.6787109375 0.396484375 0.6416015625
1 0.318359375 0.3837890625 0.0751953125 0.138671875
1 0.7255859375 0.3037109375 0.017578125 0.025390625
1 0.5009765625 0.3291015625 0.013671875 0.0361328125
1 0.6357421875 0.33984375 0.0498046875 0.080078125
1 0.705078125 0.3291015625 0.017578125 0.025390625
1 0.837890625 0.369140625 0.1015625 0.1279296875
1 0.220703125 0.357421875 0.0185546875 0.046875
1 0.1376953125 0.365234375 0.037109375 0.025390625
1 0.6884765625 0.412109375 0.0830078125 0.1416015625
1 0.59375 0.322265625 0.0498046875 0.06640625
1 0.767578125 0.3193359375 0.048828125 0.072265625
1 0.0537109375 0.380859375 0.033203125 0.02734375
1 0.48046875 0.3291015625 0.013671875 0.025390625
0 0.474609375 0.482421875 0.0390625 0.0419921875
1 0.9013671875 0.330078125 0.0283203125 0.06640625
1 0.029296875 0.447265625 0.05859375 0.140625
1 0.9501953125 0.6552734375 0.09375 0.3720703125
0 0.2099609375 0.4541015625 0.033203125 0.0361328125
1 0.728515625 0.341796875 0.0283203125 0.0556640625
0 0.4384765625 0.611328125 0.0546875 0.044921875
0 0.53125 0.5693359375 0.125 0.06640625
1 0.9775390625 0.357421875 0.044921875 0.05078125
0 0.404296875 0.44140625 0.0283203125 0.02734375
0 0.498046875 0.4306640625 0.0234375 0.0224609375
0 0.4111328125 0.4638671875 0.0283203125 0.0224609375
1 0.4609375 0.30859375 0.025390625 0.0498046875
1 0.5234375 0.341796875 0.03125 0.0556640625
1 0.3154296875 0.3447265625 0.0185546875 0.02734375
1 0.4912109375 0.3681640625 0.0361328125 0.0693359375
0 0.6162109375 0.3916015625 0.0205078125 0.0224609375
0 0.7763671875 0.443359375 0.041015625 0.0361328125
1 0.2998046875 0.365234375 0.025390625 0.0361328125
0 0.2919921875 0.4306640625 0.025390625 0.0166015625
1 0.5498046875 0.3759765625 0.03125 0.046875
0 0.3505859375 0.37890625 0.0234375 0.025390625
0 0.88671875 0.6162109375 0.044921875 0.02734375
1 0.6669921875 0.3251953125 0.0185546875 0.033203125
0 0.037109375 0.59765625 0.0732421875 0.0556640625
1 0.169921875 0.392578125 0.0234375 0.0419921875
1 0.369140625 0.380859375 0.013671875 0.06640625
1 0.7978515625 0.3349609375 0.029296875 0.0419921875
0 0.650390625 0.4208984375 0.029296875 0.025390625
1 0.923828125 0.341796875 0.0263671875 0.044921875
0 0.224609375 0.880859375 0.107421875 0.02734375
1 0.9052734375 0.453125 0.0703125 0.1279296875
1 0.841796875 0.31640625 0.0126953125 0.02734375
0 0.7802734375 0.3984375 0.013671875 0.01953125
0 0.3251953125 0.41015625 0.025390625 0.0302734375