2 0.8349609375 0.9248046875 0.1640625 0.0830078125
1 0.65625 0.640625 0.4248046875 0.4580078125
1 0.7431640625 0.3125 0.013671875 0.01953125
1 0.875 0.4794921875 0.2373046875 0.2470703125
1 0.6689453125 0.3232421875 0.0185546875 0.0302734375
1 0.0791015625 0.6455078125 0.158203125 0.5361328125
1 0.375 0.4794921875 0.150390625 0.19140625
1 0.64453125 0.318359375 0.017578125 0.0361328125
1 0.4541015625 0.33984375 0.0546875 0.0751953125
1 0.4921875 0.3447265625 0.021484375 0.0390625
1 0.275390625 0.3486328125 0.025390625 0.0419921875
1 0.6015625 0.400390625 0.072265625 0.14453125
1 0.224609375 0.35546875 0.0263671875 0.033203125
1 0.5302734375 0.341796875 0.017578125 0.044921875
1 0.7314453125 0.4013671875 0.087890625 0.1357421875
1 0.35546875 0.345703125 0.0234375 0.046875
0 0.33203125 0.9580078125 0.173828125 0.0830078125
1 0.5068359375 0.3779296875 0.0673828125 0.138671875
1 0.2734375 0.451171875 0.0810546875 0.203125
1 0.916015625 0.3525390625 0.0673828125 0.078125
1 0.853515625 0.3427734375 0.0263671875 0.025390625
1 0.0615234375 0.4208984375 0.091796875 0.1083984375
1 0.7666015625 0.3212890625 0.044921875 0.0634765625
0 0.873046875 0.6142578125 0.068359375 0.0390625
1 0.306640625 0.3544921875 0.037109375 0.0751953125
1 0.8134765625 0.3427734375 0.0673828125 0.1025390625
1 0.1875 0.4443359375 0.1376953125 0.283203125
0 0.478515625 0.482421875 0.0439453125 0.0419921875
1 0.5615234375 0.3681640625 0.0390625 0.0634765625
0 0.439453125 0.6083984375 0.052734375 0.0390625
0 0.376953125 0.5849609375 0.0625 0.0302734375
0 0.5244140625 0.58203125 0.1142578125 0.05859375
1 0.4111328125 0.365234375 0.03125 0.046875
1 0.9814453125 0.3525390625 0.037109375 0.044921875
0 0.181640625 0.9306640625 0.1923828125 0.1279296875
1 0.5830078125 0.330078125 0.0283203125 0.044921875
0 0.4990234375 0.4306640625 0.0263671875 0.0224609375
1 0.681640625 0.359375 0.037109375 0.05859375
1 0.9599609375 0.71484375 0.080078125 0.2412109375
0 0.294921875 0.5634765625 0.048828125 0.0224609375
0 0.3876953125 0.892578125 0.1435546875 0.091796875
1 0.9541015625 0.3623046875 0.0234375 0.0419921875
1 0.705078125 0.3544921875 0.0185546875 0.0419921875
0 0.466796875 0.384765625 0.033203125 0.01953125
0 0.7724609375 0.44140625 0.033203125 0.033203125
0 0.642578125 0.423828125 0.041015625 0.01953125
1 0.3330078125 0.341796875 0.0185546875 0.02734375
1 0.87890625 0.3330078125 0.0234375 0.0390625
0 0.041015625 0.5966796875 0.08203125 0.056640625
0 0.6162109375 0.48046875 0.0234375 0.0224609375
1 0.724609375 0.3291015625 0.03125 0.046875
0 0.60546875 0.40234375 0.013671875 0.02734375
0 0.0400390625 0.5458984375 0.080078125 0.046875
1 0.134765625 0.44140625 0.0419921875 0.0556640625
0 0.0078125 0.5029296875 0.015625 0.033203125
0 0.798828125 0.380859375 0.0234375 0.0166015625
1 0.630859375 0.3349609375 0.025390625 0.0419921875
0 0.30078125 0.5029296875 0.0234375 0.033203125
0 0.421875 0.4482421875 0.0185546875 0.0419921875
2 0.7822265625 0.4111328125 0.0234375 0.033203125
0 0.59375 0.37890625 0.03125 0.0302734375
1 0.8681640625 0.3857421875 0.0732421875 0.06640625
0 0.9560546875 0.392578125 0.0126953125 0.025390625
1 0.8125 0.3525390625 0.0185546875 0.033203125
2 0.888671875 0.54296875 0.015625 0.0419921875
0 0.7607421875 0.4833984375 0.041015625 0.0498046875
1 0.0361328125 0.4306640625 0.021484375 0.033203125
1 0.83203125 0.318359375 0.017578125 0.025390625