2 0.8349609375 0.923828125 0.1669921875 0.080078125
1 0.681640625 0.6787109375 0.474609375 0.3525390625
1 0.826171875 0.3056640625 0.0205078125 0.02734375
1 0.849609375 0.4609375 0.2294921875 0.283203125
1 0.2490234375 0.716796875 0.326171875 0.3837890625
1 0.4306640625 0.4111328125 0.1171875 0.1552734375
1 0.64453125 0.3193359375 0.017578125 0.033203125
1 0.435546875 0.3291015625 0.0205078125 0.0302734375
1 0.7197265625 0.33984375 0.0263671875 0.052734375
1 0.4921875 0.341796875 0.0283203125 0.0498046875
1 0.5546875 0.46484375 0.146484375 0.19140625
1 0.5576171875 0.35546875 0.03125 0.0390625
1 0.279296875 0.3515625 0.025390625 0.0361328125
1 0.205078125 0.4501953125 0.125 0.2333984375
1 0.58203125 0.3359375 0.0361328125 0.0556640625
1 0.712890625 0.4169921875 0.111328125 0.18359375
1 0.068359375 0.48046875 0.13671875 0.27734375
1 0.90625 0.3486328125 0.0498046875 0.1083984375
1 0.2255859375 0.3642578125 0.0234375 0.0390625
1 0.294921875 0.419921875 0.0859375 0.1669921875
1 0.4560546875 0.35546875 0.037109375 0.044921875
1 0.935546875 0.341796875 0.0263671875 0.0498046875
1 0.3662109375 0.3779296875 0.033203125 0.111328125
1 0.4130859375 0.33984375 0.0205078125 0.046875
0 0.478515625 0.482421875 0.044921875 0.0361328125
1 0.3544921875 0.3359375 0.015625 0.033203125
0 0.361328125 0.9267578125 0.1748046875 0.1357421875
0 0.154296875 0.9375 0.2861328125 0.125
0 0.369140625 0.5791015625 0.0732421875 0.0361328125
1 0.7744140625 0.3193359375 0.0361328125 0.0498046875
1 0.2998046875 0.337890625 0.03125 0.0419921875
1 0.244140625 0.392578125 0.037109375 0.052734375
1 0.9619140625 0.6796875 0.076171875 0.3046875
0 0.5439453125 0.5712890625 0.119140625 0.0634765625
1 0.5322265625 0.35546875 0.0205078125 0.0390625
0 0.4384765625 0.607421875 0.0546875 0.0419921875
1 0.97265625 0.365234375 0.0517578125 0.0693359375
0 0.4912109375 0.4287109375 0.0263671875 0.01953125
0 0.349609375 0.37890625 0.0185546875 0.01953125
1 0.794921875 0.357421875 0.0361328125 0.05859375
1 0.697265625 0.3662109375 0.033203125 0.044921875
1 0.326171875 0.380859375 0.033203125 0.0390625
1 0.138671875 0.4169921875 0.0205078125 0.0390625
1 0.5107421875 0.3056640625 0.0126953125 0.0166015625
0 0.291015625 0.4306640625 0.0185546875 0.0166015625
0 0.697265625 0.4794921875 0.0439453125 0.025390625
1 0.7998046875 0.3291015625 0.0185546875 0.025390625
1 0.619140625 0.3427734375 0.0419921875 0.080078125
0 0.4599609375 0.3818359375 0.029296875 0.013671875
0 0.966796875 0.5849609375 0.0546875 0.0302734375
0 0.412109375 0.4287109375 0.017578125 0.01953125
0 0.306640625 0.392578125 0.017578125 0.025390625
0 0.6123046875 0.39453125 0.03125 0.0224609375
0 0.7744140625 0.35546875 0.013671875 0.0166015625
1 0.662109375 0.306640625 0.0185546875 0.025390625
2 0.2822265625 0.947265625 0.0205078125 0.044921875
0 0.20703125 0.380859375 0.0234375 0.0224609375
0 0.447265625 0.4794921875 0.0341796875 0.01953125
0 0.7861328125 0.4013671875 0.025390625 0.025390625
2 0.216796875 0.5205078125 0.021484375 0.0361328125
0 0.7685546875 0.443359375 0.025390625 0.0302734375
0 0.30078125 0.5029296875 0.0234375 0.033203125
0 0.591796875 0.455078125 0.0185546875 0.02734375
1 0.607421875 0.328125 0.0107421875 0.0166015625
0 0.8173828125 0.3662109375 0.015625 0.0166015625
0 0.4228515625 0.4482421875 0.0205078125 0.0419921875
1 0.8251953125 0.3544921875 0.0185546875 0.025390625
1 0.888671875 0.3193359375 0.0126953125 0.0224609375
1 0.6552734375 0.3916015625 0.0546875 0.0888671875
0 0.6298828125 0.5 0.025390625 0.06640625
1 0.8125 0.306640625 0.0126953125 0.025390625