2 0.8056640625 0.8623046875 0.1513671875 0.0751953125
1 0.826171875 0.451171875 0.2294921875 0.2138671875
1 0.263671875 0.677734375 0.390625 0.3779296875
1 0.4580078125 0.3056640625 0.021484375 0.02734375
1 0.69921875 0.37890625 0.1142578125 0.158203125
1 0.2822265625 0.3251953125 0.0234375 0.033203125
1 0.5419921875 0.4306640625 0.1435546875 0.2001953125
1 0.44921875 0.37890625 0.076171875 0.1357421875
1 0.4365234375 0.330078125 0.013671875 0.0390625
1 0.544921875 0.3291015625 0.033203125 0.0302734375
1 0.6591796875 0.630859375 0.4033203125 0.328125
1 0.244140625 0.3212890625 0.025390625 0.0361328125
1 0.3759765625 0.453125 0.123046875 0.171875
1 0.4912109375 0.318359375 0.0205078125 0.0361328125
1 0.7998046875 0.31640625 0.068359375 0.0947265625
1 0.0869140625 0.4736328125 0.1640625 0.2412109375
1 0.2119140625 0.4072265625 0.1171875 0.19140625
1 0.8642578125 0.3037109375 0.0625 0.0751953125
1 0.59375 0.3125 0.0498046875 0.080078125
1 0.3037109375 0.3134765625 0.0205078125 0.0390625
1 0.349609375 0.3056640625 0.0185546875 0.033203125
1 0.330078125 0.3349609375 0.052734375 0.080078125
1 0.662109375 0.294921875 0.0185546875 0.033203125
1 0.7451171875 0.318359375 0.03125 0.0634765625
1 0.90625 0.3193359375 0.0439453125 0.0615234375
1 0.181640625 0.322265625 0.0361328125 0.044921875
1 0.9619140625 0.31640625 0.064453125 0.0830078125
0 0.3759765625 0.5400390625 0.064453125 0.0419921875
1 0.3662109375 0.322265625 0.017578125 0.033203125
0 0.1689453125 0.912109375 0.306640625 0.169921875
0 0.4111328125 0.392578125 0.025390625 0.0302734375
0 0.8779296875 0.546875 0.130859375 0.0556640625
0 0.53125 0.529296875 0.09375 0.052734375
1 0.2197265625 0.3427734375 0.0263671875 0.0419921875
0 0.423828125 0.4169921875 0.025390625 0.033203125
1 0.75 0.2724609375 0.0185546875 0.033203125
0 0.443359375 0.568359375 0.0517578125 0.0361328125
1 0.677734375 0.3251953125 0.025390625 0.0498046875
1 0.70703125 0.296875 0.0390625 0.06640625
0 0.681640625 0.4462890625 0.0439453125 0.025390625
0 0.474609375 0.451171875 0.037109375 0.0361328125
1 0.6513671875 0.33984375 0.025390625 0.052734375
1 0.513671875 0.31640625 0.03125 0.06640625
0 0.3603515625 0.3486328125 0.0234375 0.01953125
1 0.6298828125 0.31640625 0.025390625 0.044921875
1 0.119140625 0.390625 0.0439453125 0.052734375
1 0.9677734375 0.4375 0.064453125 0.19140625
0 0.94921875 0.5302734375 0.029296875 0.0224609375
1 0.2939453125 0.3544921875 0.03125 0.046875
0 0.494140625 0.400390625 0.0185546875 0.0166015625
0 0.6064453125 0.3525390625 0.0185546875 0.0224609375
0 0.2861328125 0.39453125 0.0498046875 0.02734375
0 0.380859375 0.892578125 0.1376953125 0.2080078125
1 0.255859375 0.3662109375 0.025390625 0.0390625
0 0.638671875 0.3974609375 0.0283203125 0.0166015625
1 0.5751953125 0.2919921875 0.0126953125 0.0224609375
1 0.943359375 0.6259765625 0.1123046875 0.3134765625
0 0.599609375 0.4462890625 0.03125 0.0361328125
0 0.78125 0.349609375 0.0185546875 0.0166015625
1 0.4736328125 0.31640625 0.015625 0.02734375
0 0.583984375 0.3515625 0.025390625 0.013671875
0 0.3134765625 0.4765625 0.0234375 0.046875
0 0.7978515625 0.337890625 0.017578125 0.01953125
1 0.8857421875 0.3486328125 0.021484375 0.0419921875
0 0.09375 0.3779296875 0.025390625 0.02734375
1 0.763671875 0.306640625 0.0185546875 0.0361328125
0 0.603515625 0.37890625 0.03125 0.052734375