2 0.806640625 0.857421875 0.15625 0.0751953125
1 0.5322265625 0.4375 0.1484375 0.169921875
1 0.267578125 0.71484375 0.404296875 0.5419921875
1 0.3740234375 0.4541015625 0.1455078125 0.1806640625
1 0.498046875 0.29296875 0.015625 0.025390625
1 0.69921875 0.404296875 0.1357421875 0.2197265625
1 0.25 0.318359375 0.025390625 0.0361328125
1 0.44140625 0.3037109375 0.013671875 0.01953125
1 0.6259765625 0.29296875 0.0205078125 0.025390625
1 0.685546875 0.6640625 0.4111328125 0.2607421875
1 0.701171875 0.29296875 0.037109375 0.0634765625
1 0.44921875 0.3681640625 0.091796875 0.130859375
1 0.822265625 0.4541015625 0.173828125 0.236328125
1 0.08203125 0.4384765625 0.1611328125 0.1884765625
1 0.8037109375 0.2861328125 0.0205078125 0.033203125
1 0.2060546875 0.388671875 0.1064453125 0.1611328125
1 0.7490234375 0.2802734375 0.0361328125 0.0556640625
1 0.9375 0.5830078125 0.125 0.388671875
1 0.193359375 0.318359375 0.017578125 0.025390625
1 0.42578125 0.3212890625 0.0205078125 0.0361328125
1 0.7978515625 0.3330078125 0.0673828125 0.1162109375
1 0.3193359375 0.337890625 0.0517578125 0.0751953125
1 0.8798828125 0.298828125 0.0341796875 0.05859375
1 0.6552734375 0.3056640625 0.0390625 0.072265625
1 0.5361328125 0.31640625 0.0126953125 0.033203125
1 0.55078125 0.3427734375 0.0361328125 0.05859375
1 0.974609375 0.29296875 0.017578125 0.025390625
1 0.3134765625 0.3056640625 0.017578125 0.02734375
1 0.5888671875 0.318359375 0.041015625 0.0751953125
0 0.4248046875 0.41796875 0.0185546875 0.0302734375
1 0.0849609375 0.35546875 0.0419921875 0.0556640625
0 0.443359375 0.568359375 0.0498046875 0.0361328125
1 0.259765625 0.3662109375 0.03125 0.044921875
0 0.474609375 0.451171875 0.0390625 0.0361328125
0 0.3876953125 0.5458984375 0.068359375 0.025390625
1 0.3759765625 0.330078125 0.013671875 0.02734375
0 0.6181640625 0.52734375 0.0732421875 0.0390625
2 0.5439453125 0.5537109375 0.068359375 0.0419921875
1 0.947265625 0.318359375 0.0439453125 0.05859375
0 0.408203125 0.3984375 0.03125 0.0302734375
1 0.6884765625 0.328125 0.0234375 0.033203125
0 0.4912109375 0.4013671875 0.0205078125 0.013671875
1 0.5849609375 0.380859375 0.0390625 0.0556640625
0 0.58203125 0.427734375 0.0205078125 0.033203125
0 0.357421875 0.3525390625 0.0234375 0.0224609375
0 0.607421875 0.3544921875 0.0234375 0.025390625
0 0.3193359375 0.5224609375 0.0234375 0.0166015625
1 0.2373046875 0.3447265625 0.0185546875 0.033203125
0 0.3037109375 0.3955078125 0.0234375 0.013671875
0 0.6259765625 0.4013671875 0.029296875 0.0361328125
1 0.298828125 0.318359375 0.013671875 0.025390625
0 0.39453125 0.37890625 0.017578125 0.01953125
0 0.6689453125 0.517578125 0.0185546875 0.0302734375
1 0.912109375 0.349609375 0.0185546875 0.044921875
0 0.3125 0.46484375 0.0185546875 0.025390625
0 0.4697265625 0.3623046875 0.017578125 0.01953125
0 0.16796875 0.4306640625 0.017578125 0.0224609375