2 0.833984375 0.927734375 0.166015625 0.0830078125
1 0.6513671875 0.5947265625 0.384765625 0.5224609375
1 0.669921875 0.3291015625 0.033203125 0.0361328125
1 0.248046875 0.6787109375 0.2763671875 0.44140625
1 0.642578125 0.318359375 0.017578125 0.0302734375
1 0.8310546875 0.306640625 0.0185546875 0.0302734375
1 0.07421875 0.65234375 0.1484375 0.56640625
1 0.2412109375 0.3681640625 0.048828125 0.080078125
1 0.8876953125 0.34765625 0.0751953125 0.0947265625
1 0.767578125 0.330078125 0.0498046875 0.099609375
1 0.8603515625 0.4833984375 0.220703125 0.2333984375
1 0.3056640625 0.3193359375 0.017578125 0.0166015625
1 0.41015625 0.380859375 0.0576171875 0.10546875
2 0.5185546875 0.591796875 0.025390625 0.044921875
1 0.4921875 0.34765625 0.041015625 0.10546875
1 0.1796875 0.39453125 0.0966796875 0.1220703125
0 0.212890625 0.9306640625 0.232421875 0.1337890625
1 0.5380859375 0.3857421875 0.0859375 0.14453125
1 0.373046875 0.4873046875 0.1357421875 0.1806640625
1 0.974609375 0.3427734375 0.0498046875 0.0859375
1 0.2822265625 0.3544921875 0.033203125 0.0693359375
1 0.1865234375 0.349609375 0.0263671875 0.033203125
1 0.70703125 0.318359375 0.0234375 0.0361328125
0 0.4755859375 0.48046875 0.0419921875 0.0390625
1 0.349609375 0.365234375 0.0439453125 0.125
1 0.5068359375 0.3056640625 0.013671875 0.0224609375
1 0.6279296875 0.3486328125 0.056640625 0.091796875
1 0.8125 0.3544921875 0.0498046875 0.0751953125
0 0.380859375 0.94140625 0.099609375 0.1162109375
0 0.4384765625 0.6083984375 0.0546875 0.0390625
0 0.8779296875 0.6142578125 0.0751953125 0.0390625
1 0.3056640625 0.3544921875 0.0234375 0.0302734375
0 0.380859375 0.576171875 0.0703125 0.046875
1 0.462890625 0.3193359375 0.0263671875 0.0498046875
1 0.0380859375 0.3916015625 0.029296875 0.033203125
0 0.205078125 0.455078125 0.0439453125 0.033203125
0 0.16796875 0.447265625 0.0263671875 0.033203125
1 0.03125 0.453125 0.0625 0.1279296875
1 0.9443359375 0.6767578125 0.107421875 0.3251953125
0 0.4248046875 0.4677734375 0.0185546875 0.01953125
1 0.36328125 0.3486328125 0.017578125 0.0302734375
1 0.4326171875 0.3330078125 0.0341796875 0.0390625
0 0.2548828125 0.408203125 0.021484375 0.0166015625
1 0.5830078125 0.3544921875 0.0439453125 0.0751953125
1 0.5986328125 0.31640625 0.0185546875 0.033203125
1 0.53515625 0.4931640625 0.107421875 0.1083984375
2 0.5361328125 0.5400390625 0.0185546875 0.01953125
1 0.91796875 0.349609375 0.017578125 0.044921875
0 0.611328125 0.388671875 0.0185546875 0.0224609375
0 0.85546875 0.3662109375 0.0234375 0.0224609375
0 0.587890625 0.3662109375 0.0126953125 0.0166015625
0 0.587890625 0.455078125 0.0263671875 0.033203125
2 0.291015625 0.4052734375 0.0107421875 0.02734375
1 0.4794921875 0.326171875 0.0126953125 0.025390625
0 0.2802734375 0.4306640625 0.044921875 0.0224609375
1 0.275390625 0.3916015625 0.025390625 0.02734375
0 0.76953125 0.4462890625 0.029296875 0.0361328125
2 0.4599609375 0.955078125 0.0234375 0.0830078125
1 0.6298828125 0.357421875 0.0185546875 0.025390625
0 0.30078125 0.505859375 0.0234375 0.044921875
1 0.326171875 0.4365234375 0.0263671875 0.0830078125