2 0.833984375 0.923828125 0.166015625 0.080078125
1 0.2666015625 0.740234375 0.3984375 0.44140625
1 0.6982421875 0.693359375 0.46875 0.3251953125
1 0.3740234375 0.4892578125 0.138671875 0.177734375
1 0.708984375 0.419921875 0.119140625 0.177734375
1 0.3486328125 0.341796875 0.021484375 0.0390625
1 0.818359375 0.3349609375 0.0673828125 0.080078125
1 0.1875 0.4287109375 0.125 0.19140625
1 0.630859375 0.3330078125 0.0498046875 0.0830078125
1 0.275390625 0.3486328125 0.025390625 0.0419921875
1 0.4873046875 0.3662109375 0.0498046875 0.111328125
1 0.2431640625 0.3876953125 0.0361328125 0.0693359375
1 0.5419921875 0.466796875 0.177734375 0.205078125
1 0.294921875 0.3427734375 0.0263671875 0.046875
1 0.724609375 0.3095703125 0.0185546875 0.0302734375
1 0.943359375 0.443359375 0.1123046875 0.2412109375
1 0.2314453125 0.3359375 0.025390625 0.033203125
1 0.892578125 0.33984375 0.0732421875 0.080078125
1 0.072265625 0.5068359375 0.14453125 0.263671875
0 0.154296875 0.955078125 0.283203125 0.0888671875
1 0.6640625 0.318359375 0.021484375 0.046875
1 0.935546875 0.35546875 0.037109375 0.06640625
1 0.5224609375 0.3447265625 0.0361328125 0.078125
1 0.3671875 0.35546875 0.021484375 0.044921875
1 0.9853515625 0.34765625 0.029296875 0.0556640625
1 0.6064453125 0.3349609375 0.0185546875 0.0302734375
1 0.580078125 0.330078125 0.0361328125 0.0556640625
0 0.4384765625 0.607421875 0.0546875 0.0419921875
0 0.470703125 0.48046875 0.041015625 0.0390625
1 0.7373046875 0.3291015625 0.0185546875 0.025390625
1 0.4599609375 0.294921875 0.0263671875 0.0390625
1 0.494140625 0.326171875 0.017578125 0.025390625
0 0.8779296875 0.5927734375 0.0966796875 0.052734375
0 0.404296875 0.4365234375 0.0283203125 0.033203125
1 0.759765625 0.3212890625 0.0263671875 0.0361328125
1 0.19921875 0.3662109375 0.033203125 0.0390625
1 0.4248046875 0.3681640625 0.0810546875 0.1025390625
1 0.712890625 0.3427734375 0.033203125 0.052734375
1 0.9658203125 0.7158203125 0.068359375 0.240234375
0 0.943359375 0.5791015625 0.0751953125 0.0302734375
1 0.7880859375 0.318359375 0.0234375 0.0361328125
0 0.380859375 0.580078125 0.0439453125 0.033203125
0 0.4990234375 0.5888671875 0.029296875 0.02734375
0 0.4873046875 0.4287109375 0.03125 0.01953125
0 0.3759765625 0.9208984375 0.154296875 0.158203125
0 0.7001953125 0.4794921875 0.0439453125 0.0302734375
1 0.056640625 0.392578125 0.0498046875 0.05859375
0 0.349609375 0.37890625 0.0234375 0.025390625
0 0.60546875 0.56640625 0.076171875 0.0390625
1 0.76953125 0.361328125 0.033203125 0.078125
0 0.32421875 0.404296875 0.0263671875 0.013671875
0 0.5439453125 0.568359375 0.068359375 0.0361328125
0 0.64453125 0.4208984375 0.0390625 0.025390625
0 0.2001953125 0.490234375 0.0498046875 0.025390625
1 0.4296875 0.328125 0.0185546875 0.033203125
0 0.1875 0.4541015625 0.068359375 0.0302734375
0 0.798828125 0.3759765625 0.0185546875 0.013671875
0 0.3125 0.3740234375 0.0185546875 0.01953125
1 0.830078125 0.3232421875 0.0185546875 0.0302734375
0 0.423828125 0.4677734375 0.021484375 0.01953125
0 0.4677734375 0.392578125 0.017578125 0.01953125
1 0.130859375 0.4052734375 0.0185546875 0.0390625
0 0.611328125 0.384765625 0.015625 0.0302734375
1 0.5947265625 0.328125 0.013671875 0.0224609375
1 0.775390625 0.3125 0.0126953125 0.01953125
0 0.9619140625 0.3486328125 0.0205078125 0.01953125
0 0.6240234375 0.404296875 0.048828125 0.0302734375
2 0.630859375 0.474609375 0.0185546875 0.033203125
1 0.099609375 0.693359375 0.056640625 0.1025390625
2 0.6435546875 0.3232421875 0.0126953125 0.01953125
1 0.01953125 0.46484375 0.0390625 0.0634765625
1 0.3251953125 0.34765625 0.03125 0.0556640625