2 0.833984375 0.9267578125 0.166015625 0.0859375
1 0.6748046875 0.681640625 0.474609375 0.3525390625
1 0.201171875 0.73046875 0.384765625 0.5166015625
1 0.369140625 0.4912109375 0.1611328125 0.1884765625
1 0.279296875 0.345703125 0.0234375 0.0361328125
1 0.8291015625 0.4765625 0.1767578125 0.2529296875
1 0.3017578125 0.3232421875 0.015625 0.01953125
1 0.556640625 0.466796875 0.185546875 0.2001953125
1 0.4658203125 0.3447265625 0.046875 0.078125
1 0.728515625 0.318359375 0.0205078125 0.0361328125
1 0.3564453125 0.33984375 0.037109375 0.05859375
1 0.912109375 0.3232421875 0.025390625 0.0419921875
1 0.6474609375 0.3134765625 0.013671875 0.0166015625
1 0.056640625 0.4501953125 0.11328125 0.173828125
1 0.9501953125 0.443359375 0.099609375 0.2412109375
1 0.728515625 0.3984375 0.1044921875 0.158203125
1 0.3125 0.375 0.056640625 0.0947265625
1 0.2001953125 0.4384765625 0.119140625 0.22265625
1 0.21875 0.3544921875 0.03125 0.0419921875
1 0.421875 0.3662109375 0.052734375 0.10546875
1 0.62890625 0.3427734375 0.044921875 0.0693359375
1 0.767578125 0.318359375 0.0498046875 0.0693359375
1 0.673828125 0.328125 0.0517578125 0.0947265625
1 0.494140625 0.33984375 0.0205078125 0.0419921875
1 0.580078125 0.3330078125 0.033203125 0.0615234375
1 0.8330078125 0.330078125 0.0498046875 0.0615234375
0 0.904296875 0.595703125 0.138671875 0.0751953125
1 0.935546875 0.34765625 0.0390625 0.06640625
0 0.478515625 0.482421875 0.0439453125 0.0361328125
0 0.380859375 0.9423828125 0.1015625 0.115234375
1 0.1923828125 0.3681640625 0.03125 0.0361328125
0 0.4384765625 0.6083984375 0.0546875 0.0390625
1 0.7138671875 0.349609375 0.0283203125 0.0556640625
0 0.697265625 0.48046875 0.044921875 0.02734375
1 0.5927734375 0.330078125 0.0107421875 0.0166015625
0 0.544921875 0.5556640625 0.0986328125 0.0556640625
1 0.259765625 0.37890625 0.029296875 0.046875
1 0.556640625 0.3720703125 0.03125 0.0556640625
0 0.4189453125 0.453125 0.0185546875 0.033203125
0 0.3291015625 0.404296875 0.0263671875 0.013671875
0 0.794921875 0.3779296875 0.0263671875 0.0107421875
0 0.037109375 0.544921875 0.07421875 0.046875
0 0.4873046875 0.4287109375 0.0185546875 0.01953125
0 0.412109375 0.4306640625 0.017578125 0.0224609375
0 0.466796875 0.3916015625 0.0283203125 0.02734375
0 0.3798828125 0.5751953125 0.078125 0.0498046875
0 0.76953125 0.44140625 0.029296875 0.02734375
0 0.033203125 0.59765625 0.0654296875 0.0556640625
0 0.298828125 0.56640625 0.044921875 0.02734375
0 0.1875 0.455078125 0.0751953125 0.033203125
0 0.64453125 0.4267578125 0.033203125 0.025390625
0 0.4423828125 0.474609375 0.037109375 0.0166015625
1 0.5205078125 0.341796875 0.0283203125 0.044921875
0 0.498046875 0.5859375 0.0439453125 0.0556640625
0 0.744140625 0.45703125 0.025390625 0.013671875
1 0.8349609375 0.31640625 0.013671875 0.0224609375
0 0.2998046875 0.5029296875 0.0185546875 0.02734375
0 0.9609375 0.349609375 0.021484375 0.0166015625
0 0.01171875 0.4892578125 0.0234375 0.0390625
1 0.6806640625 0.3115234375 0.0107421875 0.0166015625
0 0.2822265625 0.4306640625 0.0390625 0.02734375
0 0.853515625 0.357421875 0.017578125 0.025390625
0 0.197265625 0.484375 0.0546875 0.01953125
0 0.6181640625 0.384765625 0.013671875 0.01953125
0 0.373046875 0.3779296875 0.017578125 0.0224609375
0 0.2421875 0.4169921875 0.0185546875 0.0166015625