1 0.6279296875 0.29296875 0.0185546875 0.025390625
2 0.8056640625 0.8623046875 0.154296875 0.0751953125
1 0.7216796875 0.2822265625 0.0185546875 0.025390625
1 0.654296875 0.2802734375 0.017578125 0.0224609375
1 0.6875 0.6357421875 0.412109375 0.31640625
1 0.25 0.318359375 0.025390625 0.0361328125
1 0.4931640625 0.31640625 0.0205078125 0.0390625
1 0.7041015625 0.3974609375 0.1357421875 0.205078125
1 0.279296875 0.693359375 0.3984375 0.525390625
1 0.3759765625 0.455078125 0.138671875 0.18359375
1 0.8017578125 0.2890625 0.0185546875 0.0390625
1 0.548828125 0.4150390625 0.1298828125 0.19140625
1 0.294921875 0.3115234375 0.0234375 0.044921875
1 0.193359375 0.3232421875 0.0185546875 0.0302734375
1 0.2041015625 0.37890625 0.1015625 0.1416015625
1 0.705078125 0.3134765625 0.021484375 0.0498046875
1 0.8779296875 0.302734375 0.03125 0.0556640625
1 0.84375 0.330078125 0.0498046875 0.06640625
1 0.091796875 0.4462890625 0.1640625 0.236328125
1 0.9609375 0.3193359375 0.072265625 0.0888671875
1 0.32421875 0.341796875 0.0546875 0.06640625
1 0.46875 0.328125 0.03125 0.072265625
1 0.5830078125 0.298828125 0.015625 0.0302734375
1 0.9365234375 0.56640625 0.123046875 0.421875
1 0.7490234375 0.2919921875 0.0361328125 0.072265625
1 0.8193359375 0.3037109375 0.0234375 0.0419921875
0 0.859375 0.53515625 0.068359375 0.0693359375
1 0.412109375 0.3486328125 0.03125 0.080078125
1 0.2626953125 0.361328125 0.037109375 0.0556640625
1 0.6103515625 0.322265625 0.060546875 0.0830078125
1 0.373046875 0.330078125 0.025390625 0.0556640625
1 0.8798828125 0.345703125 0.0283203125 0.0361328125
0 0.423828125 0.4169921875 0.021484375 0.033203125
0 0.443359375 0.568359375 0.0498046875 0.0361328125
1 0.9052734375 0.3115234375 0.0361328125 0.06640625
0 0.6181640625 0.529296875 0.076171875 0.0419921875
0 0.478515625 0.451171875 0.0419921875 0.0361328125
0 0.5234375 0.5302734375 0.1064453125 0.0556640625
1 0.3291015625 0.3232421875 0.013671875 0.01953125
1 0.568359375 0.318359375 0.0185546875 0.025390625
1 0.5224609375 0.318359375 0.0263671875 0.052734375
0 0.3994140625 0.548828125 0.048828125 0.01953125
0 0.408203125 0.3974609375 0.03125 0.0166015625
0 0.744140625 0.4140625 0.033203125 0.0390625
0 0.4921875 0.3974609375 0.021484375 0.0166015625
1 0.5869140625 0.3681640625 0.0263671875 0.052734375
1 0.0185546875 0.482421875 0.037109375 0.080078125
0 0.6064453125 0.3544921875 0.0185546875 0.01953125
0 0.357421875 0.3515625 0.0234375 0.025390625
0 0.6328125 0.392578125 0.037109375 0.025390625
1 0.78125 0.3037109375 0.025390625 0.0361328125
0 0.5849609375 0.419921875 0.017578125 0.02734375
1 0.03515625 0.4384765625 0.017578125 0.0224609375
2 0.3984375 0.95703125 0.037109375 0.0751953125
0 0.2998046875 0.39453125 0.03125 0.0166015625
0 0.931640625 0.359375 0.025390625 0.0302734375
2 0.6865234375 0.4541015625 0.0263671875 0.0361328125
1 0.2373046875 0.34765625 0.0185546875 0.033203125
1 0.3505859375 0.318359375 0.0263671875 0.0361328125
1 0.787109375 0.3583984375 0.0419921875 0.0615234375
0 0.7548828125 0.34765625 0.0185546875 0.044921875