2 0.8056640625 0.865234375 0.1513671875 0.0751953125
1 0.650390625 0.6162109375 0.3857421875 0.3837890625
1 0.28125 0.7294921875 0.3623046875 0.525390625
1 0.373046875 0.443359375 0.1279296875 0.158203125
1 0.71875 0.2919921875 0.0185546875 0.02734375
1 0.5537109375 0.4287109375 0.123046875 0.158203125
1 0.7060546875 0.3662109375 0.119140625 0.14453125
1 0.44140625 0.3037109375 0.0205078125 0.0361328125
1 0.2119140625 0.404296875 0.1142578125 0.1865234375
1 0.29296875 0.318359375 0.0205078125 0.0361328125
1 0.525390625 0.31640625 0.0185546875 0.0390625
1 0.4443359375 0.369140625 0.091796875 0.1279296875
1 0.798828125 0.3115234375 0.0498046875 0.0947265625
1 0.244140625 0.3427734375 0.025390625 0.046875
1 0.330078125 0.33203125 0.060546875 0.0859375
1 0.4892578125 0.3095703125 0.021484375 0.0419921875
1 0.8671875 0.3056640625 0.056640625 0.0615234375
1 0.5849609375 0.31640625 0.0361328125 0.072265625
1 0.9853515625 0.2919921875 0.0205078125 0.033203125
1 0.9619140625 0.31640625 0.0732421875 0.0830078125
1 0.6259765625 0.3125 0.060546875 0.080078125
1 0.3642578125 0.318359375 0.025390625 0.046875
1 0.068359375 0.365234375 0.044921875 0.052734375
1 0.2744140625 0.3681640625 0.060546875 0.0859375
1 0.0869140625 0.4736328125 0.173828125 0.2587890625
1 0.837890625 0.3359375 0.0439453125 0.033203125
1 0.9384765625 0.5712890625 0.1201171875 0.4248046875
0 0.443359375 0.568359375 0.0498046875 0.0361328125
1 0.55078125 0.3388671875 0.033203125 0.0615234375
0 0.9013671875 0.5400390625 0.125 0.046875
0 0.412109375 0.39453125 0.025390625 0.0224609375
1 0.6630859375 0.3427734375 0.0263671875 0.052734375
0 0.513671875 0.5361328125 0.083984375 0.0556640625
0 0.423828125 0.41796875 0.0263671875 0.0361328125
1 0.462890625 0.3037109375 0.0185546875 0.0361328125
1 0.7548828125 0.29296875 0.041015625 0.0634765625
0 0.4794921875 0.451171875 0.0439453125 0.0361328125
1 0.0166015625 0.462890625 0.033203125 0.1083984375
1 0.6005859375 0.306640625 0.013671875 0.025390625
1 0.6767578125 0.421875 0.0498046875 0.033203125
0 0.3857421875 0.5302734375 0.068359375 0.0556640625
1 0.693359375 0.3115234375 0.0361328125 0.06640625
0 0.3037109375 0.3955078125 0.0234375 0.013671875
0 0.1875 0.4287109375 0.03125 0.01953125
1 0.11328125 0.392578125 0.0546875 0.05859375
0 0.4921875 0.4013671875 0.025390625 0.013671875
0 0.4423828125 0.443359375 0.0341796875 0.013671875
1 0.650390625 0.2919921875 0.0185546875 0.02734375
1 0.162109375 0.392578125 0.025390625 0.0302734375
0 0.78125 0.3427734375 0.0185546875 0.013671875
2 0.39453125 0.9736328125 0.0361328125 0.0419921875
0 0.052734375 0.455078125 0.041015625 0.02734375
1 0.509765625 0.3447265625 0.0205078125 0.033203125
1 0.5810546875 0.296875 0.0126953125 0.0166015625
1 0.9814453125 0.41796875 0.03125 0.1025390625
0 0.6064453125 0.35546875 0.0185546875 0.0224609375
0 0.154296875 0.4287109375 0.017578125 0.013671875
1 0.5166015625 0.287109375 0.0205078125 0.0302734375
1 0.224609375 0.3525390625 0.0234375 0.0224609375
1 0.318359375 0.326171875 0.0185546875 0.025390625
0 0.6318359375 0.3916015625 0.0390625 0.0224609375
0 0.462890625 0.359375 0.0185546875 0.01953125
1 0.375 0.3544921875 0.0126953125 0.0419921875