2 0.8349609375 0.927734375 0.1640625 0.0830078125
1 0.6435546875 0.318359375 0.0185546875 0.025390625
1 0.263671875 0.734375 0.4140625 0.51953125
1 0.6826171875 0.6337890625 0.427734375 0.4501953125
1 0.548828125 0.3427734375 0.029296875 0.025390625
1 0.669921875 0.31640625 0.0205078125 0.02734375
1 0.3818359375 0.4912109375 0.1357421875 0.18359375
1 0.4619140625 0.341796875 0.0419921875 0.078125
1 0.8310546875 0.30859375 0.0185546875 0.02734375
1 0.716796875 0.3583984375 0.103515625 0.138671875
1 0.2822265625 0.3662109375 0.044921875 0.0947265625
1 0.494140625 0.3330078125 0.0234375 0.0390625
1 0.228515625 0.35546875 0.037109375 0.0556640625
1 0.3046875 0.3212890625 0.0185546875 0.025390625
1 0.587890625 0.341796875 0.0546875 0.0830078125
1 0.1875 0.4482421875 0.119140625 0.2412109375
1 0.0751953125 0.5029296875 0.150390625 0.2666015625
1 0.8134765625 0.3359375 0.080078125 0.0830078125
1 0.953125 0.4462890625 0.09375 0.2138671875
0 0.943359375 0.580078125 0.1064453125 0.0498046875
1 0.9072265625 0.3525390625 0.060546875 0.099609375
1 0.3369140625 0.330078125 0.0205078125 0.0498046875
1 0.9130859375 0.306640625 0.0234375 0.0361328125
0 0.4111328125 0.4404296875 0.021484375 0.0361328125
1 0.36328125 0.3427734375 0.0205078125 0.052734375
0 0.439453125 0.611328125 0.052734375 0.044921875
1 0.197265625 0.361328125 0.0263671875 0.033203125
0 0.474609375 0.48046875 0.037109375 0.0390625
0 0.861328125 0.5927734375 0.109375 0.0693359375
1 0.755859375 0.298828125 0.0205078125 0.0419921875
1 0.9736328125 0.3544921875 0.0439453125 0.052734375
0 0.37890625 0.9384765625 0.1142578125 0.1220703125
1 0.421875 0.3642578125 0.052734375 0.1220703125
0 0.5439453125 0.556640625 0.087890625 0.0361328125
1 0.7607421875 0.3427734375 0.0283203125 0.0361328125
0 0.486328125 0.4306640625 0.0263671875 0.0224609375
1 0.9384765625 0.3388671875 0.029296875 0.0498046875
1 0.7373046875 0.35546875 0.025390625 0.0390625
2 0.541015625 0.5927734375 0.0625 0.046875
0 0.638671875 0.421875 0.0419921875 0.033203125
0 0.4951171875 0.58203125 0.03125 0.052734375
0 0.603515625 0.392578125 0.0419921875 0.025390625
0 0.587890625 0.37890625 0.0185546875 0.01953125
0 0.326171875 0.404296875 0.0283203125 0.013671875
0 0.4697265625 0.390625 0.0234375 0.0302734375
0 0.353515625 0.37890625 0.021484375 0.025390625
0 0.369140625 0.40234375 0.03125 0.0224609375
1 0.9697265625 0.71484375 0.060546875 0.2470703125
0 0.423828125 0.4677734375 0.0205078125 0.013671875
0 0.95703125 0.3857421875 0.0205078125 0.0166015625
1 0.5986328125 0.31640625 0.015625 0.02734375
0 0.759765625 0.37890625 0.0234375 0.0361328125
0 0.447265625 0.4677734375 0.0419921875 0.0302734375
0 0.806640625 0.3779296875 0.0498046875 0.0166015625
0 0.388671875 0.580078125 0.052734375 0.033203125
1 0.318359375 0.3525390625 0.0126953125 0.0224609375
1 0.63671875 0.365234375 0.017578125 0.025390625
0 0.931640625 0.4052734375 0.0576171875 0.0224609375
1 0.34765625 0.3525390625 0.017578125 0.0224609375
0 0.5927734375 0.515625 0.048828125 0.0859375
2 0.4599609375 0.955078125 0.0234375 0.0830078125