2 0.8349609375 0.923828125 0.1640625 0.080078125
1 0.66796875 0.654296875 0.435546875 0.419921875
1 0.2431640625 0.7744140625 0.337890625 0.451171875
1 0.880859375 0.49609375 0.2314453125 0.236328125
1 0.361328125 0.4912109375 0.1611328125 0.1884765625
1 0.5576171875 0.466796875 0.162109375 0.171875
1 0.466796875 0.34765625 0.0517578125 0.0947265625
1 0.232421875 0.3642578125 0.0390625 0.0830078125
1 0.07421875 0.5087890625 0.1455078125 0.25
1 0.31640625 0.380859375 0.0703125 0.1220703125
1 0.1875 0.453125 0.125 0.2333984375
1 0.7314453125 0.318359375 0.025390625 0.0361328125
1 0.4931640625 0.3427734375 0.0205078125 0.0361328125
1 0.892578125 0.3779296875 0.052734375 0.0556640625
1 0.50390625 0.3232421875 0.013671875 0.0302734375
1 0.7119140625 0.3984375 0.1357421875 0.1416015625
1 0.6689453125 0.3212890625 0.0185546875 0.025390625
1 0.76171875 0.3193359375 0.048828125 0.078125
1 0.279296875 0.3359375 0.0263671875 0.0556640625
1 0.6435546875 0.318359375 0.0185546875 0.0361328125
1 0.892578125 0.3212890625 0.056640625 0.0751953125
1 0.580078125 0.34765625 0.029296875 0.0556640625
1 0.849609375 0.337890625 0.0185546875 0.0302734375
0 0.48046875 0.4833984375 0.044921875 0.0390625
1 0.818359375 0.3291015625 0.0625 0.0859375
0 0.4072265625 0.4404296875 0.0263671875 0.0361328125
1 0.193359375 0.3740234375 0.0439453125 0.05859375
1 0.9736328125 0.3544921875 0.046875 0.052734375
0 0.4384765625 0.607421875 0.0546875 0.0419921875
1 0.353515625 0.3515625 0.015625 0.025390625
0 0.529296875 0.5791015625 0.1201171875 0.05859375
1 0.861328125 0.3681640625 0.0205078125 0.0302734375
1 0.935546875 0.3525390625 0.046875 0.078125
1 0.5576171875 0.37890625 0.037109375 0.05859375
0 0.3759765625 0.5791015625 0.0703125 0.0419921875
0 0.494140625 0.4287109375 0.025390625 0.01953125
1 0.306640625 0.35546875 0.025390625 0.033203125
2 0.7978515625 0.43359375 0.0263671875 0.033203125
0 0.8994140625 0.6044921875 0.0517578125 0.046875
0 0.6064453125 0.3984375 0.03125 0.01953125
1 0.5244140625 0.349609375 0.029296875 0.0556640625
1 0.7060546875 0.318359375 0.025390625 0.0419921875
1 0.619140625 0.3662109375 0.0185546875 0.0390625
0 0.201171875 0.490234375 0.052734375 0.025390625
0 0.6416015625 0.419921875 0.044921875 0.0224609375
0 0.3251953125 0.404296875 0.025390625 0.013671875
1 0.603515625 0.3359375 0.0185546875 0.033203125
1 0.2626953125 0.3662109375 0.0126953125 0.033203125
0 0.1875 0.455078125 0.068359375 0.033203125
0 0.25 0.419921875 0.03125 0.0224609375
0 0.798828125 0.37890625 0.025390625 0.025390625
0 0.587890625 0.384765625 0.0205078125 0.01953125
0 0.505859375 0.4794921875 0.0185546875 0.025390625
2 0.0537109375 0.9287109375 0.033203125 0.052734375
2 0.4267578125 0.466796875 0.0185546875 0.0166015625
0 0.2802734375 0.4306640625 0.044921875 0.02734375
0 0.7685546875 0.474609375 0.0439453125 0.044921875
0 0.0322265625 0.5068359375 0.0517578125 0.0419921875
1 0.587890625 0.3232421875 0.0126953125 0.01953125
0 0.330078125 0.4287109375 0.0107421875 0.025390625