2 0.8349609375 0.923828125 0.1640625 0.080078125
1 0.662109375 0.6416015625 0.431640625 0.4443359375
1 0.3623046875 0.490234375 0.162109375 0.1806640625
1 0.4658203125 0.341796875 0.046875 0.0947265625
1 0.228515625 0.76953125 0.3857421875 0.4501953125
1 0.23046875 0.3486328125 0.0263671875 0.0419921875
1 0.66796875 0.322265625 0.0205078125 0.033203125
1 0.322265625 0.380859375 0.0625 0.1220703125
1 0.712890625 0.392578125 0.111328125 0.1142578125
1 0.19921875 0.451171875 0.126953125 0.224609375
1 0.8935546875 0.3779296875 0.0498046875 0.0556640625
1 0.076171875 0.5 0.1484375 0.255859375
1 0.50390625 0.3212890625 0.013671875 0.025390625
1 0.494140625 0.341796875 0.0185546875 0.02734375
1 0.76171875 0.31640625 0.048828125 0.072265625
1 0.58203125 0.330078125 0.033203125 0.072265625
1 0.337890625 0.337890625 0.0185546875 0.0302734375
1 0.6435546875 0.31640625 0.0185546875 0.033203125
1 0.9697265625 0.4306640625 0.060546875 0.185546875
1 0.5107421875 0.3837890625 0.0751953125 0.150390625
1 0.7236328125 0.326171875 0.041015625 0.052734375
1 0.2822265625 0.34765625 0.0263671875 0.044921875
1 0.0634765625 0.380859375 0.0390625 0.0556640625
1 0.810546875 0.337890625 0.0654296875 0.091796875
1 0.248046875 0.3857421875 0.0390625 0.0556640625
1 0.8779296875 0.3427734375 0.0283203125 0.0361328125
0 0.48046875 0.4833984375 0.044921875 0.0390625
0 0.439453125 0.607421875 0.052734375 0.0419921875
0 0.41796875 0.455078125 0.033203125 0.0390625
1 0.3505859375 0.3515625 0.013671875 0.025390625
1 0.197265625 0.3720703125 0.037109375 0.0556640625
1 0.9541015625 0.6962890625 0.091796875 0.294921875
1 0.892578125 0.3037109375 0.025390625 0.0361328125
0 0.4072265625 0.427734375 0.0234375 0.0224609375
0 0.37890625 0.94140625 0.111328125 0.1162109375
0 0.37890625 0.580078125 0.0673828125 0.033203125
1 0.6005859375 0.3583984375 0.0234375 0.0390625
1 0.662109375 0.3681640625 0.033203125 0.0693359375
0 0.8994140625 0.60546875 0.0576171875 0.0498046875
0 0.4873046875 0.5859375 0.0498046875 0.0556640625
1 0.625 0.361328125 0.03125 0.044921875
0 0.4931640625 0.4287109375 0.0234375 0.01953125
0 0.638671875 0.419921875 0.048828125 0.0224609375
0 0.3251953125 0.404296875 0.025390625 0.013671875
1 0.306640625 0.3544921875 0.0185546875 0.0302734375
0 0.78125 0.443359375 0.0439453125 0.0361328125
0 0.298828125 0.5625 0.046875 0.025390625
0 0.80078125 0.3720703125 0.017578125 0.0166015625
0 0.599609375 0.3974609375 0.025390625 0.0166015625
1 0.8125 0.3134765625 0.0126953125 0.02734375
0 0.283203125 0.4306640625 0.037109375 0.0224609375
1 0.3232421875 0.3359375 0.0185546875 0.033203125
2 0.541015625 0.591796875 0.064453125 0.044921875
2 0.7841796875 0.412109375 0.0341796875 0.0302734375
0 0.955078125 0.390625 0.0205078125 0.025390625
0 0.353515625 0.392578125 0.0205078125 0.0361328125
0 0.25 0.41796875 0.03125 0.01953125
0 0.2998046875 0.49609375 0.0185546875 0.025390625
0 0.712890625 0.35546875 0.0185546875 0.0224609375
0 0.7685546875 0.48046875 0.0439453125 0.0498046875
1 0.22265625 0.3857421875 0.017578125 0.033203125
0 0.5859375 0.3876953125 0.0185546875 0.025390625
0 0.841796875 0.6806640625 0.1171875 0.1611328125