1 0.673828125 0.630859375 0.4248046875 0.3388671875
2 0.806640625 0.8623046875 0.150390625 0.0751953125
1 0.2685546875 0.7109375 0.400390625 0.466796875
1 0.244140625 0.326171875 0.0205078125 0.0361328125
1 0.6904296875 0.3984375 0.109375 0.19140625
1 0.369140625 0.455078125 0.1484375 0.18359375
1 0.716796875 0.29296875 0.0205078125 0.0419921875
1 0.5478515625 0.330078125 0.029296875 0.033203125
1 0.2880859375 0.3232421875 0.0234375 0.0302734375
1 0.8017578125 0.306640625 0.0625 0.0859375
1 0.3251953125 0.3359375 0.0625 0.0947265625
1 0.4619140625 0.3251953125 0.0390625 0.0830078125
1 0.57421875 0.4208984375 0.1044921875 0.1865234375
1 0.6240234375 0.31640625 0.0576171875 0.078125
1 0.931640625 0.4013671875 0.1328125 0.224609375
1 0.57421875 0.3037109375 0.029296875 0.05859375
1 0.0810546875 0.4677734375 0.162109375 0.2587890625
1 0.525390625 0.31640625 0.013671875 0.02734375
1 0.6943359375 0.3154296875 0.0263671875 0.05859375
1 0.2119140625 0.35546875 0.0546875 0.072265625
1 0.505859375 0.345703125 0.0625 0.1748046875
1 0.4873046875 0.318359375 0.0185546875 0.0302734375
1 0.0693359375 0.35546875 0.0419921875 0.0556640625
1 0.9736328125 0.2900390625 0.0185546875 0.025390625
1 0.4248046875 0.318359375 0.025390625 0.046875
1 0.8427734375 0.341796875 0.048828125 0.0615234375
1 0.666015625 0.3515625 0.0283203125 0.05859375
0 0.8876953125 0.5458984375 0.1435546875 0.05859375
1 0.755859375 0.337890625 0.037109375 0.091796875
1 0.900390625 0.31640625 0.033203125 0.0498046875
0 0.443359375 0.568359375 0.0546875 0.0361328125
0 0.3623046875 0.9169921875 0.1435546875 0.1611328125
1 0.5966796875 0.2958984375 0.0185546875 0.0361328125
0 0.423828125 0.4169921875 0.0263671875 0.033203125
0 0.412109375 0.392578125 0.025390625 0.025390625
0 0.3759765625 0.54296875 0.064453125 0.0302734375
1 0.7490234375 0.2763671875 0.013671875 0.025390625
0 0.5302734375 0.533203125 0.111328125 0.0498046875
0 0.607421875 0.5166015625 0.029296875 0.02734375
0 0.474609375 0.453125 0.037109375 0.033203125
0 0.67578125 0.4482421875 0.0361328125 0.0419921875
1 0.869140625 0.3017578125 0.0439453125 0.0634765625
0 0.1884765625 0.4248046875 0.033203125 0.0166015625
0 0.4970703125 0.40234375 0.0283203125 0.0224609375
0 0.3564453125 0.3447265625 0.025390625 0.0224609375
0 0.78125 0.345703125 0.0185546875 0.013671875
2 0.3955078125 0.9765625 0.037109375 0.046875
0 0.6455078125 0.39453125 0.0185546875 0.0166015625
0 0.47265625 0.3623046875 0.0234375 0.01953125
0 0.318359375 0.5263671875 0.0263671875 0.025390625
0 0.291015625 0.3955078125 0.041015625 0.025390625
0 0.744140625 0.404296875 0.025390625 0.0361328125
1 0.654296875 0.29296875 0.015625 0.01953125
2 0.7978515625 0.337890625 0.0107421875 0.01953125
1 0.287109375 0.361328125 0.033203125 0.06640625
2 0.3330078125 0.4306640625 0.037109375 0.033203125
0 0.60546875 0.380859375 0.0263671875 0.044921875
2 0.5322265625 0.5009765625 0.0205078125 0.025390625
2 0.4912109375 0.4677734375 0.0107421875 0.025390625
0 0.048828125 0.451171875 0.033203125 0.025390625
1 0.875 0.349609375 0.0185546875 0.033203125
0 0.21875 0.4443359375 0.0498046875 0.02734375