2 0.833984375 0.923828125 0.166015625 0.080078125
1 0.236328125 0.7626953125 0.4033203125 0.4580078125
1 0.8681640625 0.490234375 0.248046875 0.23046875
1 0.4365234375 0.3291015625 0.0205078125 0.0302734375
1 0.5546875 0.35546875 0.03125 0.02734375
1 0.353515625 0.5029296875 0.1796875 0.1884765625
1 0.7001953125 0.44140625 0.1123046875 0.18359375
1 0.693359375 0.6982421875 0.474609375 0.330078125
1 0.447265625 0.404296875 0.1220703125 0.1416015625
1 0.275390625 0.34765625 0.0185546875 0.033203125
1 0.2626953125 0.388671875 0.068359375 0.0888671875
1 0.587890625 0.3291015625 0.03125 0.0634765625
1 0.0654296875 0.462890625 0.119140625 0.2080078125
1 0.5556640625 0.455078125 0.123046875 0.18359375
1 0.23046875 0.3583984375 0.0263671875 0.0390625
1 0.349609375 0.337890625 0.017578125 0.0302734375
1 0.9091796875 0.341796875 0.056640625 0.0947265625
1 0.185546875 0.474609375 0.146484375 0.2333984375
1 0.7626953125 0.328125 0.056640625 0.0830078125
1 0.8173828125 0.33984375 0.068359375 0.1025390625
0 0.478515625 0.48046875 0.0439453125 0.0390625
1 0.4912109375 0.3427734375 0.0234375 0.0361328125
1 0.7177734375 0.3447265625 0.0263671875 0.044921875
1 0.30078125 0.33984375 0.029296875 0.046875
1 0.34375 0.380859375 0.056640625 0.1162109375
1 0.9619140625 0.68359375 0.076171875 0.30859375
0 0.880859375 0.599609375 0.099609375 0.0556640625
1 0.162109375 0.359375 0.0439453125 0.05859375
1 0.6435546875 0.3251953125 0.025390625 0.0498046875
1 0.9736328125 0.3544921875 0.052734375 0.091796875
0 0.4384765625 0.607421875 0.0546875 0.0419921875
0 0.525390625 0.576171875 0.087890625 0.052734375
0 0.4052734375 0.427734375 0.0263671875 0.0224609375
1 0.6669921875 0.3154296875 0.021484375 0.0419921875
1 0.99609375 0.3193359375 0.0078125 0.033203125
1 0.853515625 0.341796875 0.0205078125 0.02734375
0 0.4169921875 0.453125 0.025390625 0.0390625
0 0.6005859375 0.5537109375 0.0703125 0.05859375
0 0.296875 0.578125 0.052734375 0.0498046875
0 0.4677734375 0.390625 0.0263671875 0.01953125
1 0.6240234375 0.341796875 0.0263671875 0.0556640625
1 0.693359375 0.3544921875 0.025390625 0.0419921875
0 0.3505859375 0.37890625 0.0263671875 0.025390625
0 0.69921875 0.48046875 0.0419921875 0.0224609375
1 0.7578125 0.3681640625 0.025390625 0.0302734375
1 0.5009765625 0.318359375 0.013671875 0.025390625
0 0.7734375 0.44140625 0.0341796875 0.033203125
0 0.494140625 0.4306640625 0.025390625 0.0166015625
1 0.462890625 0.3427734375 0.0234375 0.0419921875
0 0.6435546875 0.423828125 0.037109375 0.01953125
0 0.3017578125 0.37109375 0.021484375 0.025390625
0 0.6064453125 0.3974609375 0.0185546875 0.0166015625
0 0.3740234375 0.572265625 0.064453125 0.0556640625
1 0.224609375 0.3916015625 0.0205078125 0.044921875
2 0.7978515625 0.4287109375 0.0263671875 0.025390625
1 0.0244140625 0.423828125 0.0234375 0.0419921875
1 0.66796875 0.3662109375 0.033203125 0.0498046875
1 0.8564453125 0.365234375 0.0185546875 0.0302734375
0 0.798828125 0.384765625 0.021484375 0.0302734375
0 0.591796875 0.4541015625 0.0185546875 0.025390625
1 0.9873046875 0.4482421875 0.025390625 0.091796875
2 0.611328125 0.4775390625 0.0234375 0.0224609375
0 0.3232421875 0.404296875 0.025390625 0.013671875
1 0.3134765625 0.3486328125 0.0107421875 0.01953125
0 0.1240234375 0.46484375 0.0205078125 0.01953125