2 0.806640625 0.8623046875 0.150390625 0.0751953125
1 0.66796875 0.62890625 0.419921875 0.341796875
1 0.244140625 0.3232421875 0.0234375 0.0302734375
1 0.2685546875 0.7099609375 0.3935546875 0.4697265625
1 0.4638671875 0.3212890625 0.0341796875 0.0751953125
1 0.369140625 0.4541015625 0.150390625 0.1865234375
1 0.2880859375 0.3193359375 0.0234375 0.02734375
1 0.6904296875 0.3984375 0.1064453125 0.1806640625
1 0.326171875 0.3349609375 0.060546875 0.091796875
1 0.716796875 0.29296875 0.021484375 0.0419921875
1 0.576171875 0.3095703125 0.029296875 0.05859375
1 0.6982421875 0.31640625 0.025390625 0.044921875
1 0.8447265625 0.345703125 0.044921875 0.05859375
1 0.544921875 0.3291015625 0.0263671875 0.0302734375
1 0.4248046875 0.3427734375 0.068359375 0.1083984375
1 0.080078125 0.4736328125 0.158203125 0.2587890625
1 0.8056640625 0.3115234375 0.060546875 0.0947265625
1 0.9326171875 0.3984375 0.134765625 0.2197265625
1 0.568359375 0.412109375 0.111328125 0.1806640625
1 0.630859375 0.3134765625 0.0439453125 0.072265625
1 0.4873046875 0.318359375 0.0185546875 0.0302734375
1 0.212890625 0.35546875 0.0498046875 0.072265625
1 0.7431640625 0.2822265625 0.0361328125 0.05859375
1 0.505859375 0.3291015625 0.0625 0.1474609375
1 0.525390625 0.31640625 0.013671875 0.02734375
1 0.07421875 0.361328125 0.0390625 0.0556640625
1 0.275390625 0.3740234375 0.0810546875 0.1083984375
1 0.984375 0.298828125 0.03125 0.0419921875
1 0.755859375 0.341796875 0.0439453125 0.099609375
0 0.888671875 0.54296875 0.1455078125 0.05859375
1 0.5947265625 0.2958984375 0.017578125 0.0361328125
1 0.66796875 0.3515625 0.029296875 0.05859375
1 0.900390625 0.31640625 0.033203125 0.0498046875
0 0.423828125 0.4169921875 0.025390625 0.033203125
0 0.443359375 0.56640625 0.0546875 0.0390625
0 0.412109375 0.392578125 0.025390625 0.025390625
0 0.361328125 0.9150390625 0.146484375 0.1640625
0 0.478515625 0.451171875 0.0419921875 0.0361328125
0 0.494140625 0.40234375 0.0263671875 0.0224609375
0 0.53125 0.533203125 0.1123046875 0.0498046875
0 0.701171875 0.443359375 0.041015625 0.0302734375
0 0.607421875 0.517578125 0.0263671875 0.025390625
0 0.3564453125 0.34765625 0.025390625 0.0166015625
0 0.1875 0.4248046875 0.03125 0.0166015625
1 0.875 0.294921875 0.025390625 0.0390625
0 0.4736328125 0.361328125 0.021484375 0.0166015625
2 0.3955078125 0.9736328125 0.037109375 0.0419921875
0 0.78125 0.345703125 0.0185546875 0.013671875
0 0.6435546875 0.392578125 0.025390625 0.01953125
1 0.654296875 0.294921875 0.015625 0.0224609375
0 0.744140625 0.404296875 0.025390625 0.0361328125
2 0.4990234375 0.4267578125 0.0263671875 0.025390625
2 0.798828125 0.337890625 0.0126953125 0.01953125
0 0.0498046875 0.4541015625 0.03125 0.025390625
0 0.60546875 0.37890625 0.029296875 0.046875
0 0.517578125 0.4677734375 0.044921875 0.0859375
0 0.3349609375 0.427734375 0.0361328125 0.033203125
1 0.3759765625 0.341796875 0.013671875 0.044921875
1 0.255859375 0.3662109375 0.025390625 0.033203125
0 0.21875 0.4443359375 0.0498046875 0.02734375
1 0.654296875 0.318359375 0.013671875 0.01953125