2 0.8349609375 0.927734375 0.1640625 0.0830078125
1 0.654296875 0.5927734375 0.3857421875 0.525390625
1 0.083984375 0.6630859375 0.16796875 0.572265625
1 0.642578125 0.318359375 0.017578125 0.0302734375
2 0.5185546875 0.591796875 0.025390625 0.044921875
1 0.861328125 0.4833984375 0.2265625 0.2333984375
1 0.4609375 0.404296875 0.087890625 0.15234375
1 0.4365234375 0.330078125 0.0263671875 0.0390625
1 0.6630859375 0.3212890625 0.0205078125 0.025390625
1 0.353515625 0.3916015625 0.0546875 0.177734375
0 0.4755859375 0.482421875 0.0419921875 0.0419921875
1 0.5048828125 0.3212890625 0.0126953125 0.025390625
1 0.5380859375 0.357421875 0.0361328125 0.0419921875
1 0.6123046875 0.3642578125 0.068359375 0.150390625
1 0.1689453125 0.392578125 0.0751953125 0.130859375
1 0.7734375 0.3359375 0.046875 0.0830078125
0 0.212890625 0.9306640625 0.2373046875 0.1337890625
1 0.8134765625 0.3427734375 0.0517578125 0.091796875
1 0.0556640625 0.412109375 0.0732421875 0.0751953125
1 0.974609375 0.3427734375 0.0498046875 0.0859375
1 0.875 0.3544921875 0.056640625 0.091796875
1 0.404296875 0.486328125 0.0751953125 0.1669921875
1 0.7236328125 0.3291015625 0.052734375 0.0859375
1 0.462890625 0.31640625 0.025390625 0.0498046875
0 0.376953125 0.94140625 0.109375 0.1162109375
0 0.8798828125 0.60546875 0.0751953125 0.0498046875
1 0.580078125 0.3427734375 0.0234375 0.052734375
0 0.4375 0.611328125 0.056640625 0.044921875
1 0.4892578125 0.328125 0.0283203125 0.044921875
1 0.849609375 0.341796875 0.0185546875 0.0166015625
0 0.4033203125 0.5712890625 0.021484375 0.0361328125
1 0.9140625 0.35546875 0.037109375 0.06640625
0 0.193359375 0.48046875 0.0517578125 0.02734375
1 0.7861328125 0.3984375 0.0498046875 0.0693359375
1 0.9482421875 0.705078125 0.0966796875 0.2724609375
0 0.986328125 0.5556640625 0.0263671875 0.0224609375
0 0.205078125 0.4580078125 0.029296875 0.033203125
1 0.599609375 0.3056640625 0.025390625 0.02734375
0 0.0439453125 0.5947265625 0.087890625 0.0615234375
0 0.5869140625 0.3779296875 0.0205078125 0.0166015625
1 0.4130859375 0.37890625 0.0361328125 0.052734375
0 0.041015625 0.548828125 0.0810546875 0.052734375
1 0.9111328125 0.3125 0.0283203125 0.0302734375
2 0.4306640625 0.466796875 0.013671875 0.0166015625
1 0.513671875 0.30859375 0.0205078125 0.02734375
1 0.6259765625 0.3515625 0.0234375 0.0361328125
1 0.025390625 0.384765625 0.0205078125 0.01953125
0 0.591796875 0.455078125 0.0234375 0.02734375
1 0.755859375 0.3486328125 0.0185546875 0.01953125
0 0.6103515625 0.392578125 0.0205078125 0.01953125
1 0.9853515625 0.41796875 0.0263671875 0.046875
0 0.130859375 0.45703125 0.0234375 0.025390625
0 0.34375 0.37890625 0.025390625 0.0302734375