2 0.8056640625 0.8623046875 0.154296875 0.0751953125
1 0.6513671875 0.630859375 0.384765625 0.3447265625
1 0.279296875 0.6982421875 0.3701171875 0.4697265625
1 0.4873046875 0.3212890625 0.0185546875 0.0361328125
1 0.537109375 0.4541015625 0.1748046875 0.1640625
1 0.435546875 0.3740234375 0.1064453125 0.130859375
1 0.462890625 0.3232421875 0.025390625 0.05859375
1 0.435546875 0.3056640625 0.0185546875 0.033203125
1 0.6005859375 0.3193359375 0.0419921875 0.072265625
1 0.2177734375 0.392578125 0.126953125 0.158203125
1 0.7177734375 0.283203125 0.017578125 0.033203125
1 0.3115234375 0.298828125 0.013671875 0.0302734375
1 0.6884765625 0.390625 0.111328125 0.1474609375
1 0.62890625 0.2900390625 0.017578125 0.025390625
1 0.087890625 0.455078125 0.173828125 0.216796875
1 0.32421875 0.3359375 0.048828125 0.06640625
1 0.8740234375 0.298828125 0.0263671875 0.0419921875
1 0.931640625 0.3720703125 0.1357421875 0.244140625
1 0.8076171875 0.3037109375 0.052734375 0.0751953125
1 0.6591796875 0.298828125 0.021484375 0.0302734375
1 0.2373046875 0.33984375 0.025390625 0.0419921875
1 0.705078125 0.3212890625 0.029296875 0.05859375
1 0.2880859375 0.3232421875 0.0205078125 0.01953125
1 0.9794921875 0.29296875 0.015625 0.0361328125
0 0.474609375 0.451171875 0.037109375 0.0361328125
0 0.416015625 0.3955078125 0.0185546875 0.025390625
1 0.556640625 0.35546875 0.0751953125 0.111328125
1 0.7529296875 0.2705078125 0.0185546875 0.025390625
1 0.4990234375 0.2958984375 0.013671875 0.025390625
0 0.423828125 0.41796875 0.025390625 0.0361328125
0 0.2099609375 0.9365234375 0.2080078125 0.1162109375
1 0.931640625 0.6484375 0.130859375 0.26953125
1 0.068359375 0.3681640625 0.0439453125 0.052734375
0 0.443359375 0.568359375 0.0546875 0.0361328125
1 0.625 0.326171875 0.025390625 0.0361328125
0 0.5 0.54296875 0.03125 0.0302734375
0 0.3798828125 0.5361328125 0.052734375 0.044921875
0 0.9677734375 0.505859375 0.060546875 0.044921875
1 0.361328125 0.341796875 0.0361328125 0.111328125
0 0.4892578125 0.3984375 0.0283203125 0.01953125
0 0.6826171875 0.44140625 0.0439453125 0.0224609375
0 0.755859375 0.4052734375 0.03125 0.02734375
2 0.537109375 0.5498046875 0.0576171875 0.044921875
0 0.83203125 0.5390625 0.1015625 0.0615234375
0 0.5791015625 0.423828125 0.029296875 0.0302734375
0 0.1875 0.4287109375 0.03125 0.01953125
1 0.5234375 0.31640625 0.0283203125 0.0556640625
1 0.1640625 0.392578125 0.0185546875 0.025390625
0 0.4697265625 0.3623046875 0.0234375 0.01953125
0 0.607421875 0.3544921875 0.0205078125 0.025390625
0 0.80078125 0.3359375 0.0205078125 0.0166015625
0 0.291015625 0.39453125 0.046875 0.02734375
1 0.9560546875 0.3251953125 0.025390625 0.044921875
0 0.017578125 0.46484375 0.0341796875 0.025390625
1 0.5888671875 0.29296875 0.0126953125 0.025390625
0 0.1572265625 0.4306640625 0.0234375 0.0166015625
2 0.3994140625 0.97265625 0.033203125 0.044921875
0 0.580078125 0.3525390625 0.0185546875 0.0166015625
0 0.623046875 0.384765625 0.041015625 0.0302734375
0 0.3125 0.4638671875 0.0185546875 0.0224609375
0 0.9501953125 0.35546875 0.025390625 0.0224609375
0 0.22265625 0.3486328125 0.017578125 0.01953125
0 0.775390625 0.3525390625 0.025390625 0.033203125
0 0.8154296875 0.361328125 0.046875 0.044921875
0 0.4814453125 0.4267578125 0.025390625 0.025390625
0 0.216796875 0.4443359375 0.052734375 0.02734375