2 0.833984375 0.923828125 0.166015625 0.080078125
1 0.6787109375 0.654296875 0.4423828125 0.4248046875
1 0.369140625 0.490234375 0.1513671875 0.1865234375
1 0.7373046875 0.31640625 0.0185546875 0.033203125
1 0.5361328125 0.4794921875 0.166015625 0.169921875
1 0.8740234375 0.482421875 0.2109375 0.2470703125
1 0.255859375 0.775390625 0.341796875 0.43359375
1 0.712890625 0.4169921875 0.125 0.1669921875
1 0.443359375 0.3486328125 0.0263671875 0.0419921875
1 0.279296875 0.341796875 0.0234375 0.044921875
1 0.76171875 0.328125 0.0517578125 0.078125
0 0.33203125 0.9580078125 0.1767578125 0.0830078125
1 0.341796875 0.361328125 0.046875 0.0947265625
1 0.884765625 0.330078125 0.060546875 0.072265625
1 0.97265625 0.4267578125 0.0546875 0.19140625
1 0.8173828125 0.337890625 0.068359375 0.1083984375
1 0.462890625 0.34765625 0.029296875 0.06640625
1 0.2724609375 0.4208984375 0.091796875 0.1640625
1 0.60546875 0.3427734375 0.0673828125 0.0859375
1 0.6455078125 0.322265625 0.0185546875 0.044921875
1 0.224609375 0.3583984375 0.025390625 0.0390625
1 0.3017578125 0.341796875 0.0283203125 0.0498046875
0 0.478515625 0.4833984375 0.0439453125 0.0390625
1 0.17578125 0.3974609375 0.0986328125 0.1337890625
1 0.6904296875 0.3662109375 0.03125 0.0498046875
1 0.7197265625 0.3427734375 0.0263671875 0.05859375
1 0.5244140625 0.3525390625 0.013671875 0.02734375
0 0.373046875 0.5830078125 0.068359375 0.033203125
1 0.068359375 0.421875 0.1015625 0.10546875
1 0.92578125 0.3525390625 0.048828125 0.072265625
1 0.4931640625 0.33203125 0.0205078125 0.0419921875
1 0.951171875 0.6962890625 0.095703125 0.2861328125
0 0.44140625 0.611328125 0.0546875 0.044921875
0 0.5341796875 0.5791015625 0.1591796875 0.0693359375
1 0.4052734375 0.3740234375 0.0419921875 0.080078125
1 0.666015625 0.3232421875 0.0205078125 0.0419921875
1 0.244140625 0.392578125 0.03125 0.046875
1 0.2841796875 0.3818359375 0.0283203125 0.0419921875
1 0.3642578125 0.357421875 0.0185546875 0.025390625
0 0.2939453125 0.56640625 0.0439453125 0.0224609375
0 0.4658203125 0.384765625 0.025390625 0.01953125
1 0.548828125 0.3359375 0.033203125 0.0556640625
1 0.2607421875 0.365234375 0.0185546875 0.0361328125
0 0.4990234375 0.431640625 0.0205078125 0.025390625
0 0.61328125 0.3916015625 0.029296875 0.0224609375
0 0.38671875 0.8916015625 0.138671875 0.0947265625
1 0.85546875 0.341796875 0.0234375 0.02734375
0 0.0390625 0.546875 0.078125 0.0556640625
1 0.6279296875 0.3662109375 0.0185546875 0.02734375
0 0.6142578125 0.470703125 0.0439453125 0.0361328125
0 0.443359375 0.4736328125 0.037109375 0.01953125
1 0.130859375 0.4599609375 0.03125 0.01953125
0 0.03515625 0.5986328125 0.0703125 0.05859375
0 0.802734375 0.384765625 0.021484375 0.01953125
0 0.30078125 0.505859375 0.0234375 0.0390625
1 0.2412109375 0.5302734375 0.048828125 0.099609375
0 0.787109375 0.404296875 0.0205078125 0.01953125
0 0.419921875 0.4443359375 0.013671875 0.033203125
0 0.9853515625 0.56640625 0.0205078125 0.0224609375
0 0.7744140625 0.4443359375 0.033203125 0.0390625
0 0.6484375 0.427734375 0.03125 0.0166015625
0 0.005859375 0.5029296875 0.01171875 0.029296875
0 0.28125 0.4287109375 0.03125 0.01953125
0 0.59375 0.4541015625 0.0185546875 0.025390625
2 0.8818359375 0.6220703125 0.0263671875 0.0166015625
0 0.955078125 0.3916015625 0.015625 0.0224609375