2 0.833984375 0.923828125 0.166015625 0.080078125
1 0.849609375 0.466796875 0.232421875 0.2275390625
1 0.701171875 0.69140625 0.46875 0.3330078125
1 0.07421875 0.6220703125 0.1484375 0.505859375
1 0.736328125 0.318359375 0.0205078125 0.0361328125
1 0.560546875 0.4677734375 0.2001953125 0.1865234375
1 0.4580078125 0.3544921875 0.0498046875 0.080078125
1 0.384765625 0.486328125 0.1201171875 0.1669921875
1 0.505859375 0.330078125 0.0126953125 0.033203125
1 0.818359375 0.296875 0.0185546875 0.033203125
1 0.6923828125 0.4072265625 0.087890625 0.158203125
1 0.8876953125 0.330078125 0.068359375 0.078125
1 0.767578125 0.3291015625 0.048828125 0.0859375
1 0.3134765625 0.3662109375 0.0517578125 0.0830078125
1 0.1923828125 0.40234375 0.103515625 0.1220703125
1 0.349609375 0.337890625 0.0439453125 0.0693359375
1 0.279296875 0.3447265625 0.025390625 0.0498046875
1 0.6064453125 0.3427734375 0.0498046875 0.0751953125
1 0.490234375 0.345703125 0.025390625 0.0361328125
1 0.716796875 0.3427734375 0.0283203125 0.052734375
0 0.48046875 0.4833984375 0.044921875 0.0390625
1 0.6494140625 0.3193359375 0.017578125 0.033203125
1 0.6748046875 0.3291015625 0.025390625 0.046875
0 0.2236328125 0.91796875 0.271484375 0.158203125
1 0.9560546875 0.662109375 0.087890625 0.341796875
0 0.8759765625 0.6044921875 0.1171875 0.09765625
1 0.298828125 0.3359375 0.013671875 0.033203125
1 0.013671875 0.3779296875 0.02734375 0.025390625
1 0.935546875 0.361328125 0.041015625 0.078125
1 0.2314453125 0.357421875 0.025390625 0.0361328125
0 0.4384765625 0.609375 0.0546875 0.0419921875
1 0.974609375 0.361328125 0.0498046875 0.06640625
1 0.8193359375 0.33203125 0.0576171875 0.0859375
1 0.576171875 0.341796875 0.0283203125 0.0390625
0 0.5576171875 0.5693359375 0.15625 0.0615234375
0 0.1689453125 0.4580078125 0.056640625 0.033203125
1 0.267578125 0.41796875 0.080078125 0.158203125
0 0.4912109375 0.4287109375 0.029296875 0.01953125
0 0.400390625 0.5791015625 0.0439453125 0.0419921875
0 0.404296875 0.4404296875 0.03125 0.0419921875
0 0.697265625 0.4794921875 0.044921875 0.025390625
0 0.7685546875 0.443359375 0.025390625 0.0302734375
1 0.849609375 0.3427734375 0.0185546875 0.0302734375
0 0.6064453125 0.3984375 0.025390625 0.01953125
0 0.6435546875 0.427734375 0.0439453125 0.0166015625
1 0.5224609375 0.341796875 0.033203125 0.072265625
0 0.798828125 0.3779296875 0.0234375 0.0166015625
0 0.419921875 0.466796875 0.029296875 0.0166015625
0 0.0439453125 0.5947265625 0.087890625 0.0615234375
1 0.255859375 0.392578125 0.0234375 0.0361328125
0 0.0390625 0.544921875 0.078125 0.0498046875
1 0.349609375 0.390625 0.0263671875 0.046875
0 0.2822265625 0.4287109375 0.033203125 0.01953125
1 0.5380859375 0.3486328125 0.013671875 0.0302734375
0 0.228515625 0.3974609375 0.0205078125 0.0166015625
1 0.556640625 0.4072265625 0.029296875 0.046875
1 0.7802734375 0.3681640625 0.0205078125 0.0419921875
2 0.044921875 0.9404296875 0.0419921875 0.052734375
2 0.474609375 0.4599609375 0.0234375 0.01953125
1 0.6318359375 0.3662109375 0.0205078125 0.02734375
0 0.8486328125 0.3642578125 0.015625 0.0224609375