2 0.8349609375 0.923828125 0.1640625 0.080078125
1 0.681640625 0.6806640625 0.4501953125 0.361328125
1 0.4375 0.404296875 0.1064453125 0.1640625
1 0.64453125 0.31640625 0.013671875 0.02734375
1 0.66796875 0.3193359375 0.0205078125 0.033203125
1 0.736328125 0.318359375 0.021484375 0.0361328125
1 0.275390625 0.3486328125 0.0234375 0.0302734375
1 0.71875 0.4111328125 0.1123046875 0.1552734375
1 0.0751953125 0.6279296875 0.150390625 0.5107421875
1 0.5517578125 0.4541015625 0.140625 0.2080078125
1 0.9541015625 0.4404296875 0.091796875 0.2080078125
1 0.21875 0.361328125 0.025390625 0.033203125
1 0.767578125 0.341796875 0.048828125 0.111328125
1 0.580078125 0.318359375 0.0341796875 0.046875
0 0.474609375 0.48046875 0.037109375 0.0390625
1 0.630859375 0.3427734375 0.0576171875 0.080078125
1 0.8671875 0.3623046875 0.0498046875 0.0302734375
1 0.82421875 0.3359375 0.064453125 0.0830078125
1 0.193359375 0.44140625 0.1064453125 0.2109375
1 0.3359375 0.345703125 0.021484375 0.046875
1 0.287109375 0.39453125 0.0810546875 0.1220703125
1 0.298828125 0.3359375 0.013671875 0.033203125
1 0.4638671875 0.3427734375 0.0283203125 0.05859375
0 0.408203125 0.4404296875 0.025390625 0.0361328125
0 0.869140625 0.595703125 0.0888671875 0.0634765625
0 0.4384765625 0.611328125 0.0576171875 0.044921875
1 0.3720703125 0.361328125 0.021484375 0.044921875
1 0.7177734375 0.3486328125 0.0263671875 0.052734375
1 0.9365234375 0.345703125 0.0361328125 0.05859375
1 0.9560546875 0.6884765625 0.0810546875 0.2998046875
1 0.91015625 0.318359375 0.029296875 0.046875
0 0.2001953125 0.91796875 0.181640625 0.1083984375
0 0.69921875 0.4794921875 0.0419921875 0.025390625
0 0.4921875 0.4287109375 0.025390625 0.025390625
0 0.3818359375 0.9287109375 0.1201171875 0.1357421875
0 0.5302734375 0.5751953125 0.126953125 0.06640625
0 0.6435546875 0.427734375 0.0439453125 0.0224609375
1 0.244140625 0.380859375 0.025390625 0.0390625
1 0.494140625 0.33984375 0.0205078125 0.0361328125
1 0.818359375 0.3125 0.0126953125 0.01953125
1 0.5185546875 0.341796875 0.03125 0.0556640625
1 0.6748046875 0.365234375 0.03125 0.05859375
1 0.3125 0.345703125 0.025390625 0.0361328125
0 0.76953125 0.4384765625 0.0205078125 0.0224609375
1 0.14453125 0.4140625 0.0205078125 0.0390625
1 0.6064453125 0.337890625 0.0185546875 0.0302734375
1 0.3505859375 0.3291015625 0.017578125 0.0302734375
0 0.0400390625 0.546875 0.080078125 0.0556640625
0 0.6064453125 0.392578125 0.0185546875 0.0302734375
0 0.0439453125 0.5947265625 0.087890625 0.0615234375
0 0.609375 0.4736328125 0.021484375 0.01953125
1 0.63671875 0.255859375 0.013671875 0.0107421875
1 0.880859375 0.3359375 0.025390625 0.033203125
1 0.775390625 0.412109375 0.0205078125 0.0302734375
0 0.435546875 0.4677734375 0.041015625 0.025390625
1 0.349609375 0.4072265625 0.037109375 0.0751953125
0 0.79296875 0.37890625 0.013671875 0.01953125
1 0.548828125 0.37890625 0.0205078125 0.046875
0 0.5927734375 0.4541015625 0.013671875 0.025390625
0 0.9375 0.388671875 0.0185546875 0.0498046875
0 0.3251953125 0.404296875 0.025390625 0.01953125
1 0.298828125 0.5859375 0.138671875 0.2333984375
2 0.3974609375 0.56640625 0.0263671875 0.02734375
1 0.7001953125 0.3662109375 0.0185546875 0.0224609375
0 0.4580078125 0.3818359375 0.0185546875 0.013671875
1 0.263671875 0.3662109375 0.013671875 0.02734375
1 0.90625 0.3681640625 0.03125 0.046875