2 0.833984375 0.923828125 0.166015625 0.080078125
1 0.7060546875 0.693359375 0.46875 0.3251953125
1 0.07421875 0.609375 0.1484375 0.48046875
1 0.53515625 0.47265625 0.158203125 0.1943359375
1 0.84375 0.4736328125 0.224609375 0.23046875
1 0.189453125 0.41796875 0.1123046875 0.1748046875
1 0.384765625 0.484375 0.1279296875 0.1806640625
1 0.7001953125 0.4169921875 0.099609375 0.1884765625
1 0.34375 0.31640625 0.0185546875 0.0224609375
1 0.4580078125 0.349609375 0.0439453125 0.06640625
1 0.4990234375 0.3349609375 0.0205078125 0.0302734375
1 0.818359375 0.3330078125 0.0498046875 0.0830078125
1 0.9658203125 0.43359375 0.068359375 0.19140625
1 0.6455078125 0.3193359375 0.0185546875 0.02734375
1 0.2294921875 0.365234375 0.03125 0.05859375
1 0.8974609375 0.3291015625 0.0517578125 0.0751953125
1 0.580078125 0.3291015625 0.03125 0.052734375
1 0.2783203125 0.3447265625 0.021484375 0.044921875
1 0.724609375 0.318359375 0.0361328125 0.0634765625
1 0.1640625 0.3359375 0.0341796875 0.044921875
1 0.671875 0.328125 0.021484375 0.0390625
1 0.26953125 0.4052734375 0.0673828125 0.14453125
1 0.3173828125 0.3681640625 0.0439453125 0.080078125
1 0.2978515625 0.33984375 0.017578125 0.0419921875
1 0.76953125 0.33984375 0.048828125 0.1083984375
0 0.478515625 0.48046875 0.0439453125 0.0390625
1 0.0224609375 0.392578125 0.044921875 0.0634765625
0 0.412109375 0.443359375 0.0205078125 0.0361328125
0 0.880859375 0.6044921875 0.150390625 0.1083984375
1 0.6064453125 0.3759765625 0.0498046875 0.1357421875
1 0.572265625 0.3857421875 0.0341796875 0.0556640625
1 0.361328125 0.341796875 0.0263671875 0.0498046875
0 0.25 0.9150390625 0.400390625 0.1640625
0 0.4384765625 0.607421875 0.0546875 0.0419921875
0 0.486328125 0.4287109375 0.0341796875 0.01953125
1 0.9619140625 0.666015625 0.076171875 0.33203125
1 0.6806640625 0.361328125 0.0361328125 0.0556640625
1 0.341796875 0.3544921875 0.0205078125 0.0302734375
0 0.6435546875 0.427734375 0.0439453125 0.0166015625
0 0.697265625 0.48046875 0.044921875 0.02734375
0 0.388671875 0.5751953125 0.0390625 0.044921875
1 0.509765625 0.3115234375 0.013671875 0.033203125
0 0.4541015625 0.384765625 0.0234375 0.01953125
2 0.54296875 0.5927734375 0.0732421875 0.046875
0 0.7685546875 0.44140625 0.025390625 0.02734375
1 0.5947265625 0.35546875 0.0205078125 0.02734375
1 0.0283203125 0.4677734375 0.056640625 0.119140625
0 0.7978515625 0.3740234375 0.0234375 0.01953125
0 0.6064453125 0.39453125 0.025390625 0.0166015625
0 0.3037109375 0.49609375 0.0234375 0.025390625
0 0.3466796875 0.3779296875 0.0341796875 0.033203125
0 0.419921875 0.46484375 0.029296875 0.025390625
0 0.240234375 0.4169921875 0.015625 0.0166015625
0 0.150390625 0.4404296875 0.0185546875 0.01953125
2 0.609375 0.48046875 0.021484375 0.0224609375
0 0.9375 0.388671875 0.0185546875 0.0498046875
0 0.904296875 0.3779296875 0.052734375 0.033203125
0 0.23046875 0.4052734375 0.0205078125 0.02734375
2 0.0302734375 0.9541015625 0.060546875 0.0859375
1 0.791015625 0.40234375 0.048828125 0.0556640625
0 0.9638671875 0.3544921875 0.0283203125 0.025390625