2 0.806640625 0.8642578125 0.150390625 0.072265625
1 0.666015625 0.591796875 0.4033203125 0.421875
1 0.380859375 0.4501953125 0.125 0.1943359375
1 0.091796875 0.5830078125 0.169921875 0.4833984375
1 0.1982421875 0.37890625 0.1064453125 0.1416015625
1 0.3173828125 0.3037109375 0.0126953125 0.025390625
1 0.7177734375 0.2919921875 0.0234375 0.033203125
1 0.248046875 0.3232421875 0.0234375 0.0419921875
1 0.6279296875 0.2919921875 0.021484375 0.02734375
1 0.4248046875 0.3349609375 0.056640625 0.091796875
1 0.693359375 0.365234375 0.087890625 0.1357421875
1 0.9345703125 0.4287109375 0.130859375 0.197265625
1 0.79296875 0.3154296875 0.060546875 0.0859375
1 0.51171875 0.341796875 0.0732421875 0.1279296875
1 0.298828125 0.34765625 0.052734375 0.0947265625
1 0.962890625 0.2998046875 0.0205078125 0.044921875
1 0.109375 0.3759765625 0.078125 0.09765625
0 0.900390625 0.54296875 0.150390625 0.05859375
1 0.66015625 0.29296875 0.033203125 0.052734375
1 0.869140625 0.3017578125 0.0439453125 0.0634765625
1 0.2109375 0.3359375 0.0283203125 0.033203125
1 0.7529296875 0.29296875 0.037109375 0.0634765625
1 0.36328125 0.3154296875 0.0205078125 0.0419921875
1 0.576171875 0.3037109375 0.033203125 0.046875
1 0.6552734375 0.3427734375 0.0263671875 0.046875
0 0.4794921875 0.451171875 0.041015625 0.0361328125
1 0.263671875 0.35546875 0.029296875 0.044921875
1 0.6044921875 0.3037109375 0.015625 0.0302734375
1 0.5654296875 0.3515625 0.0341796875 0.05859375
1 0.90625 0.3125 0.037109375 0.05859375
1 0.4619140625 0.3056640625 0.0234375 0.0498046875
0 0.4931640625 0.5419921875 0.0390625 0.044921875
1 0.4951171875 0.3095703125 0.0185546875 0.0302734375
0 0.443359375 0.568359375 0.0498046875 0.0361328125
0 0.4072265625 0.3955078125 0.029296875 0.025390625
1 0.8115234375 0.2900390625 0.017578125 0.025390625
0 0.9638671875 0.5322265625 0.052734375 0.01953125
0 0.4892578125 0.3984375 0.03125 0.01953125
1 0.51171875 0.294921875 0.0205078125 0.0498046875
0 0.1572265625 0.90234375 0.314453125 0.1943359375
0 0.935546875 0.35546875 0.029296875 0.02734375
1 0.94140625 0.3291015625 0.0390625 0.0419921875
1 0.33203125 0.3525390625 0.0205078125 0.044921875
2 0.5302734375 0.5537109375 0.044921875 0.0361328125
1 0.294921875 0.326171875 0.017578125 0.025390625
0 0.4267578125 0.41796875 0.03125 0.0361328125
0 0.4013671875 0.5390625 0.0439453125 0.033203125
1 0.236328125 0.34765625 0.017578125 0.033203125
0 0.359375 0.345703125 0.025390625 0.025390625
0 0.2568359375 0.384765625 0.0205078125 0.01953125
2 0.3974609375 0.9599609375 0.0390625 0.0693359375
0 0.1474609375 0.37890625 0.0234375 0.0419921875
0 0.462890625 0.361328125 0.0234375 0.0166015625
0 0.2919921875 0.3984375 0.0439453125 0.01953125
0 0.6064453125 0.3544921875 0.0185546875 0.01953125
0 0.36328125 0.904296875 0.1484375 0.1865234375
1 0.0224609375 0.4736328125 0.044921875 0.0693359375
0 0.7431640625 0.4052734375 0.033203125 0.044921875
1 0.3466796875 0.328125 0.0185546875 0.02734375
0 0.904296875 0.3818359375 0.037109375 0.0361328125