2 0.83203125 0.923828125 0.1669921875 0.080078125
1 0.259765625 0.73046875 0.419921875 0.4169921875
1 0.431640625 0.4052734375 0.09375 0.14453125
1 0.630859375 0.5654296875 0.318359375 0.59765625
1 0.3046875 0.318359375 0.0185546875 0.01953125
1 0.462890625 0.341796875 0.025390625 0.0498046875
1 0.8125 0.4677734375 0.1689453125 0.2138671875
1 0.505859375 0.380859375 0.0625 0.1220703125
1 0.498046875 0.322265625 0.015625 0.033203125
1 0.72265625 0.35546875 0.048828125 0.111328125
1 0.3076171875 0.3720703125 0.0751953125 0.1162109375
1 0.3505859375 0.33984375 0.0361328125 0.052734375
1 0.275390625 0.33984375 0.025390625 0.0419921875
1 0.837890625 0.3095703125 0.013671875 0.0302734375
1 0.76953125 0.3115234375 0.0419921875 0.0556640625
1 0.1865234375 0.447265625 0.126953125 0.1943359375
1 0.9423828125 0.427734375 0.115234375 0.28125
1 0.2314453125 0.3662109375 0.025390625 0.0390625
0 0.15625 0.9345703125 0.28125 0.119140625
1 0.8232421875 0.3388671875 0.0625 0.0888671875
1 0.5859375 0.318359375 0.015625 0.0302734375
1 0.900390625 0.31640625 0.025390625 0.0390625
1 0.92578125 0.3212890625 0.0205078125 0.025390625
1 0.724609375 0.3037109375 0.0185546875 0.025390625
0 0.869140625 0.5830078125 0.107421875 0.0615234375
0 0.4384765625 0.60546875 0.0546875 0.0390625
1 0.556640625 0.3681640625 0.037109375 0.0693359375
1 0.0556640625 0.419921875 0.0888671875 0.099609375
0 0.9443359375 0.580078125 0.076171875 0.033203125
0 0.41796875 0.451171875 0.0205078125 0.0361328125
1 0.6376953125 0.255859375 0.0185546875 0.0107421875
0 0.40625 0.4248046875 0.025390625 0.0166015625
0 0.37890625 0.578125 0.060546875 0.0390625
0 0.359375 0.9248046875 0.146484375 0.14453125
1 0.685546875 0.2998046875 0.033203125 0.0556640625
1 0.875 0.3662109375 0.037109375 0.044921875
0 0.46875 0.4775390625 0.03125 0.0390625
1 0.95703125 0.7041015625 0.0830078125 0.26953125
0 0.4931640625 0.5791015625 0.0205078125 0.0361328125
1 0.2470703125 0.3955078125 0.025390625 0.0361328125
0 0.798828125 0.37109375 0.0205078125 0.013671875
0 0.494140625 0.4306640625 0.0185546875 0.0166015625
0 0.2919921875 0.4306640625 0.025390625 0.0166015625
0 0.4326171875 0.4697265625 0.0439453125 0.02734375
1 0.5751953125 0.3330078125 0.0126953125 0.0224609375
1 0.7431640625 0.31640625 0.0107421875 0.0166015625
1 0.517578125 0.3154296875 0.025390625 0.0361328125
0 0.30078125 0.4970703125 0.0205078125 0.033203125
0 0.044921875 0.572265625 0.08984375 0.10546875
0 0.462890625 0.388671875 0.0234375 0.0224609375
1 0.349609375 0.4169921875 0.029296875 0.0615234375
1 0.576171875 0.3955078125 0.0205078125 0.0361328125
1 0.79296875 0.3486328125 0.033203125 0.0302734375
0 0.361328125 0.35546875 0.0078125 0.0166015625
0 0.8544921875 0.3544921875 0.0126953125 0.01953125
0 0.380859375 0.40234375 0.0126953125 0.0224609375
0 0.3232421875 0.4052734375 0.021484375 0.0107421875
1 0.193359375 0.392578125 0.029296875 0.05859375