2 0.8359375 0.927734375 0.166015625 0.0830078125
0 0.205078125 0.947265625 0.234375 0.10546875
1 0.669921875 0.658203125 0.4296875 0.400390625
1 0.380859375 0.47265625 0.1328125 0.1943359375
1 0.8125 0.4580078125 0.162109375 0.216796875
1 0.068359375 0.650390625 0.13671875 0.59765625
1 0.548828125 0.45703125 0.1669921875 0.2080078125
1 0.443359375 0.3251953125 0.0185546875 0.033203125
1 0.5302734375 0.3486328125 0.0205078125 0.0419921875
1 0.462890625 0.3525390625 0.0439453125 0.0888671875
1 0.8564453125 0.3447265625 0.0439453125 0.0390625
1 0.818359375 0.3349609375 0.0625 0.080078125
1 0.4931640625 0.326171875 0.017578125 0.0361328125
1 0.91015625 0.3544921875 0.0546875 0.1025390625
1 0.28125 0.3427734375 0.025390625 0.052734375
1 0.3017578125 0.330078125 0.0185546875 0.033203125
1 0.337890625 0.3525390625 0.0439453125 0.078125
1 0.619140625 0.3427734375 0.056640625 0.0859375
0 0.4794921875 0.4833984375 0.0439453125 0.0390625
1 0.5810546875 0.330078125 0.037109375 0.0556640625
1 0.6787109375 0.3193359375 0.0205078125 0.02734375
1 0.1435546875 0.380859375 0.056640625 0.111328125
1 0.2255859375 0.3515625 0.0263671875 0.0361328125
1 0.716796875 0.3486328125 0.03125 0.0419921875
1 0.291015625 0.404296875 0.0654296875 0.1474609375
1 0.6982421875 0.41796875 0.0654296875 0.09765625
1 0.7294921875 0.318359375 0.015625 0.0302734375
1 0.763671875 0.3037109375 0.021484375 0.0302734375
1 0.5556640625 0.37890625 0.0361328125 0.0634765625
0 0.931640625 0.5791015625 0.119140625 0.05859375
1 0.4072265625 0.388671875 0.0361328125 0.099609375
0 0.5302734375 0.5830078125 0.111328125 0.0615234375
0 0.439453125 0.611328125 0.052734375 0.044921875
0 0.380859375 0.94140625 0.099609375 0.1162109375
0 0.376953125 0.5751953125 0.0625 0.044921875
1 0.25 0.37890625 0.03125 0.052734375
0 0.3291015625 0.404296875 0.0263671875 0.013671875
1 0.025390625 0.3984375 0.0498046875 0.0693359375
1 0.3037109375 0.3544921875 0.0263671875 0.025390625
0 0.486328125 0.4306640625 0.0263671875 0.0224609375
1 0.9814453125 0.365234375 0.037109375 0.05859375
0 0.037109375 0.5478515625 0.07421875 0.052734375
0 0.6162109375 0.3916015625 0.0205078125 0.0224609375
0 0.4443359375 0.4775390625 0.029296875 0.0166015625
0 0.794921875 0.380859375 0.0263671875 0.0166015625
1 0.435546875 0.3818359375 0.029296875 0.052734375
1 0.693359375 0.357421875 0.0185546875 0.0361328125
0 0.044921875 0.59375 0.08984375 0.06640625
0 0.431640625 0.466796875 0.0126953125 0.0107421875
1 0.609375 0.330078125 0.015625 0.02734375
0 0.494140625 0.4052734375 0.025390625 0.0498046875
1 0.3662109375 0.3662109375 0.017578125 0.02734375
1 0.53125 0.404296875 0.025390625 0.05859375
0 0.642578125 0.4287109375 0.041015625 0.025390625
1 0.9443359375 0.3544921875 0.0234375 0.0302734375
1 0.8466796875 0.3232421875 0.015625 0.01953125
0 0.806640625 0.400390625 0.0439453125 0.033203125
0 0.9189453125 0.4111328125 0.025390625 0.0166015625
0 0.826171875 0.3544921875 0.0205078125 0.01953125
2 0.4599609375 0.955078125 0.0234375 0.0830078125