0 0.8349609375 0.9267578125 0.1640625 0.0859375
1 0.6884765625 0.7041015625 0.4638671875 0.3134765625
1 0.236328125 0.7177734375 0.416015625 0.486328125
1 0.830078125 0.4794921875 0.1923828125 0.2138671875
1 0.7294921875 0.3154296875 0.0185546875 0.0302734375
1 0.3740234375 0.4912109375 0.142578125 0.18359375
1 0.5263671875 0.3388671875 0.0185546875 0.0390625
1 0.419921875 0.359375 0.0517578125 0.119140625
1 0.67578125 0.3193359375 0.0205078125 0.033203125
1 0.9560546875 0.453125 0.087890625 0.205078125
1 0.275390625 0.3427734375 0.0234375 0.025390625
1 0.462890625 0.3447265625 0.029296875 0.0615234375
1 0.705078125 0.4306640625 0.125 0.2109375
1 0.3623046875 0.3447265625 0.037109375 0.078125
1 0.537109375 0.4638671875 0.1689453125 0.1884765625
1 0.298828125 0.33203125 0.0205078125 0.0361328125
1 0.171875 0.3447265625 0.0341796875 0.0390625
1 0.880859375 0.3779296875 0.0498046875 0.044921875
1 0.1982421875 0.4287109375 0.130859375 0.19140625
1 0.755859375 0.31640625 0.0498046875 0.0888671875
1 0.06640625 0.466796875 0.1298828125 0.2001953125
1 0.5947265625 0.3193359375 0.0205078125 0.033203125
1 0.818359375 0.3427734375 0.087890625 0.1083984375
1 0.4404296875 0.3291015625 0.0185546875 0.0361328125
1 0.6435546875 0.31640625 0.0185546875 0.033203125
1 0.212890625 0.3583984375 0.025390625 0.033203125
1 0.4931640625 0.33203125 0.0107421875 0.025390625
1 0.275390625 0.3779296875 0.068359375 0.0830078125
1 0.9619140625 0.6806640625 0.076171875 0.31640625
0 0.4755859375 0.48046875 0.0419921875 0.0390625
0 0.8740234375 0.5927734375 0.1044921875 0.0751953125
1 0.5556640625 0.361328125 0.0419921875 0.06640625
1 0.04296875 0.390625 0.048828125 0.0693359375
1 0.708984375 0.3232421875 0.025390625 0.0419921875
1 0.3349609375 0.349609375 0.0234375 0.044921875
0 0.31640625 0.95703125 0.1767578125 0.0751953125
1 0.619140625 0.328125 0.029296875 0.0498046875
0 0.3798828125 0.5791015625 0.0625 0.0361328125
0 0.439453125 0.6083984375 0.052734375 0.0390625
0 0.541015625 0.580078125 0.1220703125 0.0615234375
1 0.5869140625 0.3525390625 0.0263671875 0.0498046875
1 0.9775390625 0.353515625 0.044921875 0.046875
0 0.7119140625 0.4775390625 0.0517578125 0.033203125
1 0.666015625 0.3662109375 0.033203125 0.0556640625
1 0.837890625 0.3056640625 0.0185546875 0.02734375
0 0.6201171875 0.5595703125 0.03125 0.01953125
0 0.642578125 0.4248046875 0.033203125 0.0166015625
1 0.89453125 0.3330078125 0.029296875 0.0498046875
1 0.779296875 0.3291015625 0.017578125 0.0361328125
0 0.951171875 0.55859375 0.0732421875 0.033203125
0 0.7734375 0.44140625 0.03125 0.033203125
0 0.798828125 0.37890625 0.0234375 0.013671875
0 0.330078125 0.404296875 0.0205078125 0.013671875
0 0.96875 0.3857421875 0.0439453125 0.0166015625
0 0.5869140625 0.37890625 0.0205078125 0.01953125
0 0.494140625 0.419921875 0.0205078125 0.02734375
0 0.4501953125 0.4736328125 0.03125 0.01953125
0 0.4228515625 0.453125 0.017578125 0.0390625
0 0.150390625 0.4384765625 0.025390625 0.0224609375
0 0.607421875 0.4775390625 0.0234375 0.0224609375
1 0.85546875 0.318359375 0.0107421875 0.025390625
2 0.7822265625 0.4111328125 0.029296875 0.033203125
0 0.9404296875 0.349609375 0.052734375 0.0166015625
0 0.419921875 0.421875 0.017578125 0.0166015625
0 0.8505859375 0.3642578125 0.0205078125 0.0224609375
0 0.611328125 0.380859375 0.015625 0.0224609375
1 0.330078125 0.447265625 0.0205078125 0.06640625
0 0.275390625 0.423828125 0.0361328125 0.0302734375
0 0.59375 0.455078125 0.0126953125 0.02734375