2 0.8349609375 0.927734375 0.1640625 0.0830078125
1 0.6826171875 0.6279296875 0.427734375 0.4609375
1 0.2685546875 0.7412109375 0.4189453125 0.5
1 0.6435546875 0.318359375 0.0185546875 0.025390625
1 0.529296875 0.33984375 0.0205078125 0.0419921875
1 0.380859375 0.4912109375 0.1328125 0.177734375
1 0.7607421875 0.3193359375 0.0341796875 0.078125
1 0.439453125 0.390625 0.09375 0.1416015625
1 0.548828125 0.3544921875 0.0341796875 0.0361328125
1 0.306640625 0.357421875 0.056640625 0.0859375
1 0.943359375 0.4111328125 0.1123046875 0.283203125
1 0.255859375 0.3818359375 0.060546875 0.0859375
1 0.5009765625 0.357421875 0.0576171875 0.125
1 0.7314453125 0.298828125 0.0185546875 0.01953125
1 0.279296875 0.341796875 0.021484375 0.0390625
1 0.1865234375 0.423828125 0.1142578125 0.19140625
1 0.07421875 0.5107421875 0.1484375 0.2666015625
1 0.81640625 0.3427734375 0.0859375 0.09765625
1 0.671875 0.3212890625 0.021484375 0.0419921875
1 0.5849609375 0.3447265625 0.0390625 0.078125
1 0.6494140625 0.37890625 0.0859375 0.1083984375
1 0.7001953125 0.341796875 0.0185546875 0.044921875
1 0.88671875 0.328125 0.060546875 0.0830078125
1 0.3544921875 0.35546875 0.046875 0.0830078125
1 0.599609375 0.3056640625 0.0185546875 0.033203125
0 0.9404296875 0.58203125 0.1064453125 0.052734375
1 0.037109375 0.404296875 0.0517578125 0.0693359375
1 0.197265625 0.359375 0.029296875 0.0302734375
0 0.439453125 0.6083984375 0.052734375 0.0390625
0 0.3916015625 0.9287109375 0.154296875 0.1416015625
1 0.2197265625 0.3544921875 0.029296875 0.0751953125
0 0.4755859375 0.482421875 0.0419921875 0.0361328125
1 0.4580078125 0.3388671875 0.025390625 0.0390625
0 0.5439453125 0.5556640625 0.087890625 0.0390625
0 0.5966796875 0.39453125 0.025390625 0.0166015625
0 0.12890625 0.462890625 0.029296875 0.01953125
1 0.4619140625 0.3681640625 0.0234375 0.0302734375
1 0.9716796875 0.716796875 0.056640625 0.244140625
0 0.486328125 0.4287109375 0.0263671875 0.01953125
0 0.326171875 0.404296875 0.0283203125 0.013671875
2 0.541015625 0.591796875 0.0625 0.044921875
0 0.3916015625 0.5830078125 0.0546875 0.033203125
0 0.494140625 0.58203125 0.03125 0.05859375
0 0.8544921875 0.35546875 0.0185546875 0.0224609375
0 0.462890625 0.392578125 0.0234375 0.0302734375
0 0.412109375 0.4287109375 0.0185546875 0.025390625
0 0.8125 0.3974609375 0.0498046875 0.033203125
0 0.28125 0.4306640625 0.0439453125 0.0224609375
0 0.7607421875 0.380859375 0.03125 0.044921875
0 0.4248046875 0.4677734375 0.025390625 0.01953125
1 0.603515625 0.3427734375 0.017578125 0.025390625
1 0.63671875 0.3642578125 0.0205078125 0.02734375
0 0.986328125 0.380859375 0.0205078125 0.0166015625