2 0.8359375 0.9248046875 0.166015625 0.0830078125
1 0.6796875 0.6552734375 0.4248046875 0.4169921875
1 0.6689453125 0.31640625 0.0185546875 0.02734375
1 0.8349609375 0.3056640625 0.0205078125 0.02734375
1 0.25 0.7177734375 0.412109375 0.5419921875
1 0.4384765625 0.404296875 0.095703125 0.1474609375
1 0.8310546875 0.443359375 0.162109375 0.2197265625
1 0.755859375 0.31640625 0.0419921875 0.078125
1 0.5498046875 0.455078125 0.1376953125 0.2001953125
1 0.724609375 0.318359375 0.0234375 0.0419921875
1 0.1943359375 0.4052734375 0.1201171875 0.1552734375
1 0.306640625 0.361328125 0.060546875 0.0947265625
1 0.9501953125 0.4296875 0.099609375 0.23828125
1 0.7001953125 0.404296875 0.099609375 0.158203125
1 0.6181640625 0.3544921875 0.0673828125 0.0859375
1 0.224609375 0.3486328125 0.0234375 0.0419921875
1 0.494140625 0.3427734375 0.0185546875 0.0302734375
1 0.279296875 0.341796875 0.0205078125 0.0390625
1 0.353515625 0.3662109375 0.044921875 0.099609375
1 0.298828125 0.322265625 0.013671875 0.0166015625
1 0.55078125 0.35546875 0.033203125 0.0556640625
1 0.44140625 0.3359375 0.017578125 0.02734375
1 0.7109375 0.3486328125 0.0283203125 0.05859375
1 0.068359375 0.4794921875 0.13671875 0.232421875
1 0.837890625 0.3427734375 0.037109375 0.05859375
0 0.9423828125 0.5791015625 0.115234375 0.048828125
1 0.03125 0.4013671875 0.0498046875 0.0634765625
1 0.650390625 0.3291015625 0.0263671875 0.052734375
0 0.439453125 0.6083984375 0.052734375 0.0390625
0 0.4736328125 0.4833984375 0.03125 0.0390625
0 0.392578125 0.5791015625 0.0654296875 0.0361328125
1 0.5185546875 0.3291015625 0.03125 0.0751953125
0 0.5439453125 0.556640625 0.09375 0.0419921875
0 0.4873046875 0.4306640625 0.025390625 0.0224609375
0 0.419921875 0.4541015625 0.0205078125 0.0361328125
1 0.6005859375 0.3212890625 0.0205078125 0.0419921875
0 0.3916015625 0.9306640625 0.1484375 0.138671875
0 0.646484375 0.419921875 0.041015625 0.02734375
0 0.462890625 0.3916015625 0.033203125 0.02734375
1 0.462890625 0.341796875 0.025390625 0.044921875
0 0.611328125 0.392578125 0.0283203125 0.01953125
1 0.9658203125 0.73046875 0.068359375 0.216796875
1 0.259765625 0.3876953125 0.0546875 0.080078125
0 0.412109375 0.4287109375 0.017578125 0.025390625
1 0.9130859375 0.330078125 0.0419921875 0.072265625
1 0.13671875 0.4169921875 0.017578125 0.02734375
0 0.587890625 0.380859375 0.0185546875 0.0166015625
1 0.7998046875 0.337890625 0.037109375 0.0419921875
0 0.494140625 0.580078125 0.03125 0.0556640625
0 0.044921875 0.5947265625 0.0888671875 0.0615234375
0 0.798828125 0.3759765625 0.033203125 0.013671875
0 0.326171875 0.404296875 0.029296875 0.013671875
1 0.88671875 0.328125 0.017578125 0.02734375
1 0.556640625 0.3193359375 0.0185546875 0.02734375
0 0.9248046875 0.4052734375 0.056640625 0.0224609375
0 0.619140625 0.4833984375 0.03125 0.0390625
0 0.158203125 0.4599609375 0.03125 0.0302734375
0 0.2255859375 0.37890625 0.013671875 0.025390625
0 0.951171875 0.390625 0.021484375 0.025390625
1 0.7744140625 0.3818359375 0.013671875 0.046875
0 0.28125 0.4306640625 0.0439453125 0.0224609375
0 0.3505859375 0.380859375 0.017578125 0.0166015625
0 0.8173828125 0.3681640625 0.015625 0.013671875
1 0.3359375 0.341796875 0.0126953125 0.0166015625
1 0.744140625 0.3095703125 0.0078125 0.01953125