2 0.8349609375 0.923828125 0.1640625 0.080078125
1 0.681640625 0.68359375 0.482421875 0.3388671875
1 0.8505859375 0.4873046875 0.2265625 0.23046875
1 0.263671875 0.703125 0.330078125 0.3779296875
1 0.375 0.4912109375 0.1376953125 0.1669921875
1 0.5537109375 0.4697265625 0.1484375 0.171875
1 0.2294921875 0.3662109375 0.0283203125 0.044921875
1 0.716796875 0.3427734375 0.0283203125 0.046875
1 0.822265625 0.3056640625 0.0205078125 0.02734375
1 0.7177734375 0.4169921875 0.1298828125 0.1552734375
1 0.744140625 0.3359375 0.03125 0.044921875
1 0.3671875 0.357421875 0.0341796875 0.0693359375
1 0.080078125 0.4912109375 0.158203125 0.2724609375
1 0.9111328125 0.3544921875 0.0595703125 0.1083984375
1 0.6162109375 0.34765625 0.0703125 0.0947265625
1 0.48828125 0.3544921875 0.044921875 0.091796875
1 0.1884765625 0.431640625 0.111328125 0.203125
1 0.5576171875 0.3720703125 0.037109375 0.06640625
1 0.4248046875 0.3681640625 0.0810546875 0.1025390625
1 0.4990234375 0.3212890625 0.013671875 0.025390625
0 0.3662109375 0.9267578125 0.1767578125 0.1357421875
1 0.576171875 0.33984375 0.0205078125 0.0361328125
1 0.2939453125 0.4072265625 0.09375 0.1865234375
1 0.775390625 0.322265625 0.029296875 0.0556640625
0 0.478515625 0.482421875 0.0439453125 0.0419921875
1 0.826171875 0.3486328125 0.048828125 0.080078125
0 0.3759765625 0.580078125 0.0576171875 0.0390625
0 0.5439453125 0.5732421875 0.119140625 0.0693359375
1 0.3017578125 0.33984375 0.03125 0.046875
1 0.978515625 0.3583984375 0.0390625 0.0615234375
0 0.4384765625 0.607421875 0.0546875 0.0419921875
1 0.6630859375 0.328125 0.033203125 0.06640625
0 0.154296875 0.9287109375 0.2861328125 0.130859375
0 0.849609375 0.6044921875 0.119140625 0.052734375
0 0.3505859375 0.37890625 0.0205078125 0.01953125
1 0.869140625 0.330078125 0.044921875 0.0615234375
0 0.40625 0.4248046875 0.025390625 0.0166015625
0 0.41796875 0.453125 0.0205078125 0.0390625
1 0.6435546875 0.318359375 0.0185546875 0.0361328125
0 0.6943359375 0.48046875 0.044921875 0.02734375
0 0.494140625 0.4306640625 0.0185546875 0.0166015625
1 0.681640625 0.37890625 0.03125 0.046875
0 0.291015625 0.4306640625 0.025390625 0.0166015625
0 0.462890625 0.3818359375 0.0234375 0.013671875
1 0.4306640625 0.328125 0.013671875 0.02734375
1 0.51953125 0.3544921875 0.0263671875 0.046875
1 0.5185546875 0.3193359375 0.025390625 0.0390625
1 0.798828125 0.3291015625 0.0205078125 0.0302734375
0 0.587890625 0.4541015625 0.025390625 0.0302734375
0 0.3017578125 0.4990234375 0.021484375 0.0302734375
0 0.78515625 0.4013671875 0.0205078125 0.025390625
1 0.318359375 0.349609375 0.0126953125 0.033203125
0 0.6123046875 0.384765625 0.025390625 0.01953125
2 0.4873046875 0.4599609375 0.0185546875 0.01953125
0 0.4501953125 0.48046875 0.025390625 0.0224609375
0 0.322265625 0.4052734375 0.0234375 0.0166015625
1 0.294921875 0.375 0.029296875 0.044921875
1 0.9619140625 0.732421875 0.076171875 0.203125
1 0.2724609375 0.3515625 0.017578125 0.0361328125
1 0.359375 0.4052734375 0.0185546875 0.0498046875
0 0.380859375 0.404296875 0.017578125 0.025390625
1 0.337890625 0.35546875 0.025390625 0.044921875
1 0.7822265625 0.3681640625 0.017578125 0.025390625
0 0.1435546875 0.4599609375 0.0185546875 0.01953125
0 0.63671875 0.44140625 0.0361328125 0.0556640625
0 0.955078125 0.3486328125 0.0263671875 0.01953125
0 0.798828125 0.380859375 0.0234375 0.0224609375