2 0.83203125 0.923828125 0.1640625 0.080078125
1 0.8681640625 0.50390625 0.2578125 0.2470703125
1 0.673828125 0.693359375 0.455078125 0.3583984375
1 0.3671875 0.4892578125 0.15625 0.1884765625
1 0.2734375 0.349609375 0.025390625 0.044921875
1 0.0712890625 0.625 0.142578125 0.494140625
1 0.5478515625 0.4833984375 0.173828125 0.1611328125
1 0.69921875 0.421875 0.138671875 0.18359375
1 0.443359375 0.322265625 0.0185546875 0.033203125
1 0.19921875 0.4375 0.1201171875 0.2080078125
1 0.240234375 0.3642578125 0.037109375 0.0615234375
1 0.3173828125 0.365234375 0.056640625 0.0751953125
1 0.611328125 0.3291015625 0.0185546875 0.0302734375
1 0.6669921875 0.341796875 0.041015625 0.072265625
1 0.7314453125 0.318359375 0.025390625 0.0419921875
1 0.8974609375 0.318359375 0.0234375 0.0419921875
1 0.1640625 0.35546875 0.0341796875 0.044921875
1 0.45703125 0.3662109375 0.0732421875 0.111328125
1 0.5048828125 0.328125 0.0126953125 0.02734375
1 0.361328125 0.3388671875 0.0234375 0.0498046875
1 0.619140625 0.3837890625 0.0625 0.138671875
1 0.767578125 0.3232421875 0.046875 0.0693359375
1 0.81640625 0.357421875 0.080078125 0.1357421875
1 0.19921875 0.37109375 0.0361328125 0.05859375
0 0.4921875 0.4306640625 0.037109375 0.0224609375
0 0.537109375 0.580078125 0.1123046875 0.0498046875
0 0.4052734375 0.4384765625 0.0263671875 0.0390625
0 0.4384765625 0.607421875 0.0546875 0.0419921875
0 0.3740234375 0.572265625 0.0576171875 0.044921875
1 0.951171875 0.70703125 0.087890625 0.2587890625
0 0.478515625 0.482421875 0.0419921875 0.0419921875
1 0.716796875 0.3447265625 0.0283203125 0.044921875
1 0.080078125 0.4248046875 0.0546875 0.0830078125
0 0.7802734375 0.443359375 0.044921875 0.0361328125
1 0.830078125 0.3037109375 0.0205078125 0.0302734375
1 0.587890625 0.34765625 0.029296875 0.0556640625
0 0.6435546875 0.423828125 0.037109375 0.01953125
0 0.330078125 0.4052734375 0.029296875 0.0166015625
0 0.697265625 0.4794921875 0.048828125 0.0302734375
1 0.486328125 0.330078125 0.013671875 0.02734375
1 0.40625 0.375 0.0439453125 0.0830078125
0 0.611328125 0.4794921875 0.029296875 0.0361328125
0 0.28515625 0.4306640625 0.0419921875 0.02734375
0 0.0390625 0.5458984375 0.078125 0.046875
1 0.6474609375 0.330078125 0.017578125 0.0224609375
0 0.943359375 0.572265625 0.0859375 0.044921875
0 0.30078125 0.494140625 0.0205078125 0.02734375
0 0.611328125 0.3916015625 0.029296875 0.0166015625
1 0.03125 0.40234375 0.0439453125 0.0556640625
1 0.91796875 0.349609375 0.0263671875 0.044921875
0 0.0419921875 0.59765625 0.083984375 0.0556640625
1 0.5439453125 0.392578125 0.025390625 0.0634765625
1 0.8115234375 0.318359375 0.013671875 0.025390625
0 0.666015625 0.380859375 0.0283203125 0.0224609375
0 0.435546875 0.466796875 0.0390625 0.0224609375
0 0.9365234375 0.3818359375 0.029296875 0.052734375
1 0.060546875 0.404296875 0.017578125 0.0302734375
0 0.0068359375 0.50390625 0.013671875 0.0419921875
1 0.59765625 0.318359375 0.017578125 0.025390625
0 0.7724609375 0.35546875 0.017578125 0.0224609375
0 0.4287109375 0.9169921875 0.0546875 0.150390625