2 0.8349609375 0.927734375 0.1640625 0.0830078125
1 0.662109375 0.6416015625 0.4189453125 0.43359375
1 0.869140625 0.4931640625 0.205078125 0.23046875
1 0.2421875 0.779296875 0.4189453125 0.4306640625
1 0.71875 0.380859375 0.125 0.171875
1 0.36328125 0.490234375 0.158203125 0.1865234375
1 0.505859375 0.326171875 0.0126953125 0.025390625
1 0.6259765625 0.392578125 0.080078125 0.1474609375
1 0.4931640625 0.3427734375 0.0205078125 0.0361328125
1 0.8779296875 0.375 0.052734375 0.0556640625
1 0.505859375 0.390625 0.068359375 0.1416015625
1 0.0751953125 0.4931640625 0.150390625 0.2802734375
1 0.6064453125 0.3291015625 0.0185546875 0.0419921875
1 0.17578125 0.357421875 0.0390625 0.052734375
1 0.3125 0.361328125 0.056640625 0.0830078125
1 0.197265625 0.455078125 0.126953125 0.2275390625
1 0.2783203125 0.3544921875 0.021484375 0.0361328125
1 0.36328125 0.3544921875 0.029296875 0.0634765625
1 0.6669921875 0.33984375 0.037109375 0.0693359375
1 0.7119140625 0.3330078125 0.017578125 0.0498046875
1 0.8173828125 0.359375 0.072265625 0.119140625
1 0.423828125 0.3662109375 0.0732421875 0.0947265625
1 0.642578125 0.318359375 0.0185546875 0.025390625
1 0.2236328125 0.35546875 0.03125 0.0556640625
0 0.5205078125 0.580078125 0.083984375 0.0556640625
1 0.462890625 0.3427734375 0.029296875 0.05859375
0 0.873046875 0.6083984375 0.080078125 0.0498046875
0 0.375 0.5791015625 0.0625 0.0361328125
0 0.423828125 0.4541015625 0.0341796875 0.0361328125
0 0.4384765625 0.6083984375 0.0546875 0.0390625
0 0.4755859375 0.482421875 0.0390625 0.0361328125
1 0.9248046875 0.3291015625 0.025390625 0.046875
0 0.4072265625 0.427734375 0.0234375 0.0224609375
1 0.900390625 0.3291015625 0.025390625 0.046875
1 0.875 0.3291015625 0.037109375 0.052734375
1 0.5556640625 0.365234375 0.0361328125 0.046875
1 0.5791015625 0.2958984375 0.0517578125 0.1640625
0 0.2939453125 0.5693359375 0.0498046875 0.0390625
0 0.650390625 0.423828125 0.03125 0.01953125
1 0.9716796875 0.357421875 0.052734375 0.0634765625
1 0.755859375 0.2900390625 0.0185546875 0.0302734375
0 0.775390625 0.44140625 0.0361328125 0.033203125
1 0.76171875 0.3486328125 0.017578125 0.0302734375
1 0.8349609375 0.318359375 0.0205078125 0.0419921875
0 0.01171875 0.4912109375 0.0234375 0.0224609375
0 0.6630859375 0.3779296875 0.0234375 0.0166015625
0 0.48828125 0.4306640625 0.017578125 0.0166015625
1 0.509765625 0.3037109375 0.0107421875 0.01953125
0 0.3486328125 0.37890625 0.025390625 0.025390625
0 0.201171875 0.490234375 0.0546875 0.025390625
0 0.0380859375 0.54296875 0.076171875 0.052734375
0 0.611328125 0.39453125 0.029296875 0.0166015625
0 0.173828125 0.4541015625 0.048828125 0.025390625
0 0.796875 0.3759765625 0.021484375 0.013671875
2 0.7939453125 0.4306640625 0.0185546875 0.0224609375
0 0.369140625 0.39453125 0.025390625 0.0224609375
0 0.2998046875 0.4990234375 0.0185546875 0.0302734375
0 0.2841796875 0.4287109375 0.0439453125 0.025390625
2 0.0205078125 0.943359375 0.041015625 0.1025390625
0 0.1318359375 0.46484375 0.0205078125 0.01953125
0 0.2060546875 0.453125 0.037109375 0.02734375
1 0.98828125 0.4443359375 0.0205078125 0.0830078125
1 0.630859375 0.375 0.0234375 0.0166015625