2 0.8046875 0.8642578125 0.1533203125 0.078125
1 0.673828125 0.595703125 0.40625 0.408203125
1 0.2724609375 0.6865234375 0.408203125 0.466796875
1 0.3759765625 0.453125 0.138671875 0.1884765625
1 0.71875 0.287109375 0.0185546875 0.025390625
1 0.62890625 0.2861328125 0.017578125 0.0166015625
1 0.8076171875 0.2802734375 0.0185546875 0.0224609375
1 0.244140625 0.3232421875 0.025390625 0.0302734375
1 0.462890625 0.3154296875 0.037109375 0.0751953125
1 0.3125 0.2998046875 0.0185546875 0.0166015625
1 0.955078125 0.318359375 0.0703125 0.080078125
1 0.19921875 0.390625 0.1142578125 0.158203125
1 0.6572265625 0.3037109375 0.0390625 0.0693359375
1 0.9384765625 0.5693359375 0.1201171875 0.4169921875
1 0.087890625 0.4306640625 0.1640625 0.244140625
1 0.509765625 0.345703125 0.0654296875 0.125
1 0.322265625 0.337890625 0.046875 0.0751953125
1 0.701171875 0.3134765625 0.033203125 0.0498046875
1 0.5810546875 0.3125 0.03125 0.0693359375
1 0.2939453125 0.31640625 0.0185546875 0.0390625
0 0.8857421875 0.5419921875 0.1220703125 0.0615234375
1 0.84375 0.3291015625 0.0498046875 0.0859375
0 0.4794921875 0.451171875 0.041015625 0.0361328125
1 0.7802734375 0.330078125 0.0546875 0.10546875
1 0.4384765625 0.298828125 0.0205078125 0.0419921875
1 0.2607421875 0.357421875 0.041015625 0.0751953125
1 0.357421875 0.3291015625 0.0390625 0.0693359375
1 0.755859375 0.279296875 0.0205078125 0.0302734375
1 0.2109375 0.3349609375 0.0283203125 0.0302734375
1 0.8759765625 0.294921875 0.029296875 0.0498046875
1 0.619140625 0.318359375 0.037109375 0.0693359375
1 0.748046875 0.3212890625 0.029296875 0.0634765625
1 0.904296875 0.3095703125 0.037109375 0.080078125
0 0.443359375 0.568359375 0.0498046875 0.0361328125
2 0.537109375 0.5498046875 0.0576171875 0.044921875
0 0.423828125 0.4169921875 0.021484375 0.033203125
0 0.404296875 0.54296875 0.0703125 0.0302734375
1 0.724609375 0.3955078125 0.0361328125 0.05859375
1 0.6748046875 0.3662109375 0.0498046875 0.0615234375
0 0.4931640625 0.3984375 0.029296875 0.01953125
0 0.4072265625 0.392578125 0.029296875 0.01953125
1 0.599609375 0.3056640625 0.0126953125 0.0224609375
1 0.3623046875 0.3056640625 0.0126953125 0.0224609375
1 0.9794921875 0.41796875 0.041015625 0.1416015625
0 0.373046875 0.90234375 0.15625 0.1943359375
0 0.4384765625 0.4404296875 0.044921875 0.025390625
0 0.46875 0.359375 0.0185546875 0.01953125
2 0.3984375 0.95703125 0.037109375 0.0751953125
1 0.236328125 0.349609375 0.0185546875 0.033203125
0 0.9443359375 0.529296875 0.029296875 0.01953125
0 0.3935546875 0.37890625 0.0126953125 0.01953125
0 0.935546875 0.35546875 0.03125 0.02734375
0 0.607421875 0.35546875 0.017578125 0.0224609375
0 0.630859375 0.4169921875 0.03125 0.0556640625
0 0.603515625 0.380859375 0.0263671875 0.044921875
1 0.369140625 0.3291015625 0.0107421875 0.01953125
0 0.2919921875 0.3955078125 0.041015625 0.025390625