2 0.8359375 0.9248046875 0.166015625 0.0830078125
1 0.67578125 0.66796875 0.419921875 0.3857421875
1 0.462890625 0.337890625 0.044921875 0.080078125
1 0.560546875 0.4765625 0.1748046875 0.203125
1 0.8779296875 0.4912109375 0.2373046875 0.244140625
1 0.3671875 0.4833984375 0.150390625 0.18359375
1 0.0751953125 0.6181640625 0.150390625 0.486328125
1 0.712890625 0.404296875 0.1298828125 0.203125
1 0.2255859375 0.3623046875 0.033203125 0.0693359375
1 0.28515625 0.380859375 0.0517578125 0.099609375
1 0.19140625 0.443359375 0.123046875 0.2080078125
1 0.2919921875 0.3232421875 0.015625 0.01953125
1 0.76953125 0.3232421875 0.0361328125 0.0693359375
1 0.736328125 0.3056640625 0.017578125 0.0166015625
1 0.81640625 0.341796875 0.0703125 0.0947265625
1 0.587890625 0.3291015625 0.0439453125 0.0751953125
1 0.88671875 0.3779296875 0.0517578125 0.0498046875
1 0.869140625 0.322265625 0.048828125 0.0947265625
1 0.6376953125 0.326171875 0.037109375 0.046875
1 0.07421875 0.4169921875 0.0830078125 0.0830078125
1 0.337890625 0.341796875 0.0185546875 0.0224609375
1 0.974609375 0.3447265625 0.0498046875 0.072265625
1 0.94921875 0.6982421875 0.095703125 0.2802734375
1 0.5498046875 0.388671875 0.037109375 0.072265625
1 0.353515625 0.3486328125 0.015625 0.0302734375
1 0.66796875 0.3359375 0.0205078125 0.044921875
0 0.41015625 0.4384765625 0.0234375 0.0390625
1 0.9130859375 0.3525390625 0.029296875 0.0498046875
1 0.51171875 0.3544921875 0.060546875 0.09765625
1 0.33203125 0.3623046875 0.060546875 0.080078125
0 0.439453125 0.607421875 0.052734375 0.0419921875
0 0.375 0.578125 0.068359375 0.044921875
1 0.6416015625 0.3857421875 0.029296875 0.0556640625
1 0.189453125 0.369140625 0.03125 0.0498046875
1 0.818359375 0.3115234375 0.013671875 0.0224609375
2 0.798828125 0.43359375 0.0283203125 0.033203125
0 0.4931640625 0.5830078125 0.048828125 0.0498046875
1 0.99609375 0.3193359375 0.0078125 0.02734375
0 0.462890625 0.482421875 0.0703125 0.046875
0 0.6943359375 0.474609375 0.0390625 0.0166015625
0 0.8994140625 0.6044921875 0.060546875 0.052734375
1 0.5029296875 0.3251953125 0.015625 0.033203125
2 0.54296875 0.591796875 0.0732421875 0.0390625
0 0.4921875 0.4306640625 0.025390625 0.0224609375
1 0.9404296875 0.3544921875 0.025390625 0.0361328125
0 0.6416015625 0.427734375 0.0361328125 0.0224609375
2 0.787109375 0.41015625 0.0263671875 0.0302734375
0 0.1826171875 0.9375 0.2373046875 0.125
1 0.6162109375 0.318359375 0.0205078125 0.0302734375
1 0.60546875 0.361328125 0.0205078125 0.033203125
1 0.7998046875 0.3330078125 0.0185546875 0.033203125
0 0.7998046875 0.37890625 0.025390625 0.025390625
0 0.248046875 0.41796875 0.03125 0.013671875
1 0.26171875 0.369140625 0.013671875 0.02734375
1 0.4912109375 0.3447265625 0.0205078125 0.02734375
0 0.306640625 0.3916015625 0.013671875 0.0224609375