2 0.8046875 0.8623046875 0.1533203125 0.0751953125
1 0.826171875 0.443359375 0.228515625 0.224609375
1 0.712890625 0.28515625 0.0185546875 0.0302734375
1 0.263671875 0.669921875 0.3935546875 0.3837890625
1 0.375 0.453125 0.130859375 0.171875
1 0.662109375 0.2890625 0.013671875 0.0224609375
1 0.5361328125 0.4443359375 0.1533203125 0.2392578125
1 0.4189453125 0.337890625 0.056640625 0.091796875
1 0.2119140625 0.4052734375 0.123046875 0.1943359375
1 0.65625 0.634765625 0.400390625 0.330078125
1 0.28515625 0.3427734375 0.064453125 0.125
1 0.794921875 0.3154296875 0.0673828125 0.091796875
1 0.3544921875 0.3056640625 0.0185546875 0.033203125
1 0.630859375 0.29296875 0.0205078125 0.0361328125
1 0.7392578125 0.31640625 0.0439453125 0.0615234375
1 0.0869140625 0.470703125 0.1640625 0.224609375
1 0.248046875 0.326171875 0.021484375 0.0361328125
1 0.4384765625 0.3251953125 0.017578125 0.033203125
1 0.3310546875 0.3349609375 0.0498046875 0.080078125
1 0.4677734375 0.3212890625 0.0234375 0.0419921875
1 0.5859375 0.31640625 0.052734375 0.072265625
0 0.3759765625 0.5361328125 0.064453125 0.044921875
1 0.94140625 0.607421875 0.1171875 0.3525390625
1 0.75 0.279296875 0.025390625 0.0361328125
0 0.423828125 0.41796875 0.025390625 0.0361328125
1 0.6455078125 0.3427734375 0.0654296875 0.119140625
0 0.837890625 0.552734375 0.0751953125 0.0498046875
1 0.685546875 0.318359375 0.029296875 0.0634765625
1 0.8798828125 0.31640625 0.072265625 0.0888671875
0 0.416015625 0.392578125 0.0205078125 0.025390625
0 0.1689453125 0.91796875 0.2998046875 0.1640625
0 0.474609375 0.451171875 0.037109375 0.0361328125
1 0.9599609375 0.326171875 0.0419921875 0.052734375
1 0.984375 0.298828125 0.015625 0.0302734375
0 0.443359375 0.568359375 0.0546875 0.0361328125
1 0.369140625 0.3193359375 0.0185546875 0.033203125
1 0.1162109375 0.3916015625 0.044921875 0.0556640625
0 0.3603515625 0.3486328125 0.0234375 0.01953125
1 0.2197265625 0.3515625 0.0361328125 0.05859375
0 0.6826171875 0.44140625 0.0498046875 0.02734375
1 0.5107421875 0.306640625 0.052734375 0.052734375
0 0.3046875 0.39453125 0.021484375 0.0166015625
0 0.6044921875 0.35546875 0.025390625 0.0224609375
0 0.380859375 0.892578125 0.1376953125 0.2080078125
0 0.8251953125 0.3427734375 0.025390625 0.01953125
0 0.4970703125 0.544921875 0.025390625 0.0224609375
1 0.919921875 0.3330078125 0.0263671875 0.0615234375
2 0.537109375 0.546875 0.0625 0.044921875
0 0.5751953125 0.345703125 0.0185546875 0.013671875
0 0.603515625 0.46484375 0.0654296875 0.05859375
0 0.0166015625 0.46484375 0.029296875 0.01953125
0 0.248046875 0.3525390625 0.017578125 0.0224609375
0 0.7529296875 0.404296875 0.021484375 0.025390625
0 0.951171875 0.5302734375 0.0283203125 0.02734375
1 0.0810546875 0.3916015625 0.025390625 0.0498046875
0 0.7802734375 0.3447265625 0.017578125 0.0166015625
0 0.3134765625 0.4677734375 0.0234375 0.0419921875
2 0.798828125 0.337890625 0.0126953125 0.01953125
0 0.9482421875 0.5712890625 0.0341796875 0.0634765625
1 0.5888671875 0.3291015625 0.015625 0.025390625
1 0.9599609375 0.4931640625 0.048828125 0.05859375