2 0.8046875 0.8642578125 0.1533203125 0.072265625
1 0.6572265625 0.634765625 0.3955078125 0.330078125
1 0.259765625 0.716796875 0.4091796875 0.47265625
1 0.3701171875 0.455078125 0.1279296875 0.1552734375
1 0.447265625 0.37890625 0.083984375 0.130859375
1 0.826171875 0.4287109375 0.201171875 0.2802734375
1 0.5302734375 0.4580078125 0.1611328125 0.150390625
1 0.7041015625 0.390625 0.1044921875 0.15234375
1 0.505859375 0.3544921875 0.0673828125 0.125
1 0.619140625 0.31640625 0.0625 0.078125
1 0.287109375 0.31640625 0.0185546875 0.0224609375
1 0.8779296875 0.2919921875 0.0283203125 0.02734375
1 0.2080078125 0.4052734375 0.109375 0.177734375
1 0.2802734375 0.3544921875 0.0732421875 0.09765625
1 0.19921875 0.330078125 0.033203125 0.044921875
1 0.791015625 0.3056640625 0.0703125 0.0888671875
1 0.70703125 0.296875 0.0419921875 0.06640625
1 0.087890625 0.4677734375 0.173828125 0.236328125
1 0.66015625 0.302734375 0.0390625 0.0556640625
0 0.376953125 0.5322265625 0.068359375 0.046875
1 0.26953125 0.318359375 0.017578125 0.01953125
1 0.744140625 0.3095703125 0.0263671875 0.0419921875
1 0.982421875 0.3037109375 0.0263671875 0.052734375
0 0.244140625 0.8623046875 0.1513671875 0.125
1 0.912109375 0.31640625 0.0517578125 0.078125
1 0.8125 0.2802734375 0.0185546875 0.02734375
0 0.419921875 0.4169921875 0.0234375 0.033203125
0 0.478515625 0.4462890625 0.037109375 0.0361328125
1 0.9384765625 0.625 0.123046875 0.31640625
1 0.359375 0.306640625 0.021484375 0.0419921875
1 0.0693359375 0.3642578125 0.048828125 0.0615234375
0 0.443359375 0.568359375 0.0546875 0.0361328125
0 0.537109375 0.537109375 0.1015625 0.0419921875
1 0.318359375 0.31640625 0.025390625 0.0390625
1 0.75 0.279296875 0.025390625 0.0361328125
0 0.4111328125 0.39453125 0.025390625 0.0224609375
0 0.912109375 0.5400390625 0.09375 0.0361328125
0 0.46875 0.359375 0.025390625 0.01953125
1 0.3359375 0.3525390625 0.0283203125 0.0390625
1 0.5751953125 0.3056640625 0.03125 0.0556640625
0 0.48828125 0.40234375 0.0205078125 0.0224609375
0 0.357421875 0.3486328125 0.0205078125 0.01953125
1 0.4912109375 0.3037109375 0.017578125 0.0302734375
0 0.685546875 0.443359375 0.052734375 0.025390625
0 0.0146484375 0.4638671875 0.029296875 0.0224609375
0 0.7548828125 0.41015625 0.025390625 0.0302734375
0 0.634765625 0.3916015625 0.0390625 0.0224609375
0 0.8564453125 0.56640625 0.037109375 0.0224609375
1 0.513671875 0.29296875 0.0234375 0.0302734375
0 0.3037109375 0.3955078125 0.0205078125 0.013671875
0 0.580078125 0.4306640625 0.0263671875 0.044921875
0 0.7802734375 0.3427734375 0.013671875 0.013671875
0 0.158203125 0.4287109375 0.025390625 0.01953125
0 0.611328125 0.35546875 0.0234375 0.0166015625
1 0.23828125 0.33984375 0.013671875 0.025390625
1 0.4755859375 0.3056640625 0.013671875 0.033203125
0 0.3017578125 0.9345703125 0.037109375 0.130859375
1 0.7666015625 0.3037109375 0.017578125 0.025390625
1 0.806640625 0.31640625 0.0185546875 0.02734375
0 0.3876953125 0.37109375 0.0126953125 0.025390625
2 0.798828125 0.33984375 0.021484375 0.01953125
0 0.3134765625 0.4697265625 0.0234375 0.0390625