2 0.83203125 0.9267578125 0.1640625 0.0859375
1 0.6484375 0.60546875 0.390625 0.5166015625
1 0.25 0.7724609375 0.3564453125 0.4443359375
1 0.361328125 0.4931640625 0.1640625 0.1748046875
1 0.8681640625 0.4677734375 0.1953125 0.236328125
1 0.435546875 0.392578125 0.111328125 0.1474609375
1 0.4443359375 0.330078125 0.0205078125 0.044921875
1 0.716796875 0.33984375 0.029296875 0.0419921875
1 0.275390625 0.3447265625 0.0205078125 0.0390625
1 0.1845703125 0.359375 0.025390625 0.0419921875
1 0.5068359375 0.375 0.0732421875 0.1337890625
1 0.0791015625 0.5166015625 0.158203125 0.2724609375
1 0.224609375 0.3544921875 0.0185546875 0.0361328125
1 0.5498046875 0.3681640625 0.03125 0.05859375
1 0.1953125 0.4482421875 0.1279296875 0.2412109375
1 0.67578125 0.3291015625 0.0390625 0.052734375
1 0.3291015625 0.3916015625 0.0576171875 0.1279296875
1 0.7666015625 0.322265625 0.048828125 0.06640625
1 0.603515625 0.3447265625 0.0498046875 0.078125
1 0.0322265625 0.404296875 0.044921875 0.052734375
1 0.294921875 0.3388671875 0.017578125 0.033203125
1 0.90625 0.33984375 0.0625 0.1025390625
1 0.349609375 0.330078125 0.0185546875 0.033203125
0 0.8623046875 0.609375 0.119140625 0.0693359375
2 0.5205078125 0.591796875 0.0283203125 0.044921875
0 0.474609375 0.48046875 0.037109375 0.0390625
1 0.822265625 0.3330078125 0.0625 0.0830078125
0 0.439453125 0.607421875 0.052734375 0.0419921875
0 0.494140625 0.4287109375 0.03125 0.01953125
1 0.7607421875 0.3779296875 0.0283203125 0.044921875
1 0.732421875 0.318359375 0.0205078125 0.0361328125
1 0.650390625 0.384765625 0.0732421875 0.130859375
1 0.36328125 0.3544921875 0.0205078125 0.0419921875
1 0.6474609375 0.3232421875 0.017578125 0.0302734375
0 0.40625 0.427734375 0.025390625 0.0224609375
1 0.97265625 0.357421875 0.0546875 0.05859375
1 0.33203125 0.35546875 0.0205078125 0.033203125
0 0.349609375 0.37890625 0.017578125 0.01953125
0 0.4169921875 0.453125 0.025390625 0.0390625
1 0.4990234375 0.328125 0.0234375 0.033203125
1 0.462890625 0.3447265625 0.0185546875 0.033203125
0 0.46875 0.3876953125 0.0185546875 0.01953125
0 0.2763671875 0.4248046875 0.0439453125 0.033203125
0 0.6044921875 0.4697265625 0.025390625 0.0224609375
0 0.798828125 0.3759765625 0.017578125 0.013671875
0 0.6064453125 0.3984375 0.025390625 0.01953125
1 0.14453125 0.427734375 0.0263671875 0.0556640625
0 0.0390625 0.546875 0.078125 0.0556640625
0 0.2236328125 0.8818359375 0.109375 0.0361328125
1 0.630859375 0.3681640625 0.0205078125 0.0302734375
0 0.8466796875 0.3642578125 0.015625 0.0224609375
0 0.30078125 0.49609375 0.0205078125 0.025390625
0 0.228515625 0.37890625 0.0205078125 0.025390625
1 0.837890625 0.3115234375 0.0185546875 0.0224609375
0 0.3134765625 0.37890625 0.013671875 0.046875
0 0.36328125 0.40234375 0.0263671875 0.033203125
1 0.880859375 0.3291015625 0.0185546875 0.0302734375
1 0.2626953125 0.359375 0.0126953125 0.01953125