2 0.8056640625 0.8623046875 0.1513671875 0.0751953125
1 0.716796875 0.28515625 0.017578125 0.01953125
1 0.8349609375 0.453125 0.1953125 0.216796875
1 0.53515625 0.4443359375 0.1513671875 0.1552734375
1 0.4638671875 0.3359375 0.0439453125 0.0830078125
1 0.3818359375 0.447265625 0.1201171875 0.1552734375
1 0.6630859375 0.64453125 0.404296875 0.328125
1 0.8115234375 0.279296875 0.0205078125 0.025390625
1 0.5 0.3037109375 0.0185546875 0.0419921875
1 0.6875 0.380859375 0.1064453125 0.1669921875
1 0.294921875 0.3857421875 0.091796875 0.1669921875
1 0.09375 0.5556640625 0.181640625 0.427734375
1 0.576171875 0.298828125 0.0263671875 0.05859375
1 0.2060546875 0.3974609375 0.119140625 0.18359375
1 0.978515625 0.2919921875 0.0185546875 0.0390625
1 0.759765625 0.3056640625 0.0517578125 0.0888671875
1 0.63671875 0.2998046875 0.013671875 0.044921875
1 0.25 0.328125 0.025390625 0.0390625
1 0.869140625 0.3037109375 0.0439453125 0.0693359375
1 0.318359375 0.318359375 0.0234375 0.0419921875
1 0.830078125 0.322265625 0.048828125 0.06640625
1 0.654296875 0.296875 0.021484375 0.044921875
1 0.7001953125 0.3115234375 0.037109375 0.0556640625
1 0.3037109375 0.322265625 0.013671875 0.0166015625
0 0.537109375 0.5400390625 0.1123046875 0.0419921875
1 0.2177734375 0.341796875 0.033203125 0.033203125
0 0.443359375 0.568359375 0.0517578125 0.0361328125
0 0.474609375 0.451171875 0.037109375 0.0361328125
0 0.416015625 0.392578125 0.0185546875 0.01953125
0 0.224609375 0.892578125 0.419921875 0.2080078125
1 0.0341796875 0.41796875 0.068359375 0.1142578125
1 0.3349609375 0.341796875 0.029296875 0.0615234375
1 0.59765625 0.298828125 0.017578125 0.0302734375
0 0.38671875 0.5361328125 0.0517578125 0.044921875
1 0.966796875 0.4287109375 0.0654296875 0.1865234375
0 0.4228515625 0.41796875 0.0263671875 0.0361328125
1 0.3623046875 0.341796875 0.037109375 0.10546875
0 0.6865234375 0.4501953125 0.0390625 0.033203125
0 0.4892578125 0.3984375 0.021484375 0.01953125
0 0.294921875 0.3955078125 0.048828125 0.025390625
0 0.576171875 0.3486328125 0.025390625 0.01953125
1 0.662109375 0.33984375 0.029296875 0.05859375
0 0.474609375 0.3623046875 0.0205078125 0.01953125
2 0.943359375 0.529296875 0.037109375 0.025390625
0 0.6064453125 0.35546875 0.0185546875 0.0224609375
0 0.630859375 0.392578125 0.03125 0.01953125
0 0.353515625 0.3486328125 0.015625 0.01953125
1 0.7841796875 0.302734375 0.021484375 0.02734375
1 0.904296875 0.3291015625 0.021484375 0.0361328125
0 0.7509765625 0.41015625 0.0234375 0.0302734375
1 0.9501953125 0.3349609375 0.0498046875 0.0419921875
1 0.5166015625 0.341796875 0.013671875 0.033203125
1 0.75 0.3544921875 0.0185546875 0.0361328125
0 0.1572265625 0.4306640625 0.0263671875 0.0224609375
0 0.01171875 0.482421875 0.0234375 0.052734375
0 0.5859375 0.3720703125 0.0341796875 0.044921875
0 0.978515625 0.3515625 0.0234375 0.025390625
0 0.6005859375 0.443359375 0.0234375 0.025390625
0 0.2568359375 0.3876953125 0.013671875 0.01953125