2 0.833984375 0.923828125 0.166015625 0.080078125
1 0.6904296875 0.6748046875 0.447265625 0.3837890625
1 0.2626953125 0.7294921875 0.380859375 0.447265625
1 0.4619140625 0.3349609375 0.0517578125 0.091796875
1 0.3759765625 0.4794921875 0.138671875 0.1806640625
1 0.5 0.328125 0.0126953125 0.02734375
1 0.556640625 0.4609375 0.1328125 0.18359375
1 0.70703125 0.404296875 0.1044921875 0.169921875
1 0.5546875 0.3544921875 0.0341796875 0.0302734375
1 0.2607421875 0.390625 0.0625 0.080078125
1 0.193359375 0.4306640625 0.123046875 0.1884765625
1 0.638671875 0.318359375 0.021484375 0.0361328125
1 0.3603515625 0.345703125 0.029296875 0.046875
1 0.8564453125 0.4765625 0.212890625 0.2138671875
1 0.28515625 0.3427734375 0.033203125 0.052734375
1 0.767578125 0.31640625 0.0419921875 0.078125
1 0.310546875 0.3525390625 0.0234375 0.033203125
1 0.076171875 0.5029296875 0.146484375 0.25
1 0.9306640625 0.35546875 0.060546875 0.0947265625
1 0.2255859375 0.37109375 0.0263671875 0.0419921875
0 0.150390625 0.9501953125 0.279296875 0.0947265625
1 0.8125 0.341796875 0.056640625 0.0888671875
1 0.873046875 0.369140625 0.0546875 0.06640625
1 0.599609375 0.3447265625 0.0439453125 0.078125
0 0.3798828125 0.580078125 0.052734375 0.0390625
1 0.525390625 0.345703125 0.03125 0.0634765625
0 0.8857421875 0.58984375 0.15625 0.0751953125
1 0.7177734375 0.341796875 0.0234375 0.0390625
0 0.478515625 0.482421875 0.044921875 0.0419921875
0 0.541015625 0.5712890625 0.1123046875 0.0634765625
0 0.4384765625 0.607421875 0.0546875 0.0419921875
1 0.04296875 0.3984375 0.044921875 0.05859375
0 0.412109375 0.4375 0.0234375 0.0419921875
1 0.869140625 0.328125 0.03125 0.0390625
1 0.9736328125 0.3525390625 0.052734375 0.072265625
0 0.4658203125 0.390625 0.025390625 0.01953125
1 0.662109375 0.31640625 0.017578125 0.02734375
1 0.1474609375 0.41796875 0.0263671875 0.0419921875
0 0.7001953125 0.4794921875 0.037109375 0.01953125
0 0.138671875 0.4609375 0.0263671875 0.0166015625
1 0.46875 0.4404296875 0.0625 0.0751953125
0 0.2001953125 0.490234375 0.0498046875 0.025390625
0 0.494140625 0.4306640625 0.025390625 0.0166015625
0 0.3232421875 0.404296875 0.025390625 0.013671875
0 0.607421875 0.3916015625 0.0205078125 0.0166015625
0 0.2919921875 0.4287109375 0.021484375 0.013671875
1 0.4228515625 0.3837890625 0.0361328125 0.0615234375
1 0.669921875 0.380859375 0.029296875 0.044921875
0 0.181640625 0.455078125 0.0673828125 0.02734375
0 0.9755859375 0.56640625 0.044921875 0.02734375
0 0.642578125 0.4287109375 0.0361328125 0.01953125
1 0.888671875 0.2861328125 0.029296875 0.033203125
1 0.59375 0.31640625 0.0126953125 0.02734375
0 0.798828125 0.3759765625 0.021484375 0.013671875
0 0.4248046875 0.4677734375 0.025390625 0.025390625
0 0.591796875 0.4541015625 0.0205078125 0.025390625
0 0.505859375 0.48046875 0.0205078125 0.02734375
0 0.611328125 0.4736328125 0.0205078125 0.01953125
1 0.9970703125 0.3359375 0.005859375 0.033203125
0 0.9130859375 0.404296875 0.0263671875 0.013671875
0 0.78125 0.3974609375 0.025390625 0.044921875
1 0.33203125 0.3515625 0.029296875 0.046875