2 0.8056640625 0.8623046875 0.1513671875 0.0751953125
1 0.443359375 0.302734375 0.0185546875 0.02734375
1 0.2626953125 0.7041015625 0.400390625 0.5302734375
1 0.716796875 0.28515625 0.0185546875 0.0302734375
1 0.8369140625 0.4443359375 0.1982421875 0.244140625
1 0.294921875 0.3037109375 0.0234375 0.0302734375
1 0.6943359375 0.3857421875 0.111328125 0.1552734375
1 0.373046875 0.453125 0.1298828125 0.171875
1 0.314453125 0.3017578125 0.015625 0.025390625
1 0.599609375 0.3037109375 0.0185546875 0.0361328125
1 0.806640625 0.3056640625 0.0625 0.078125
1 0.525390625 0.46484375 0.162109375 0.15234375
1 0.669921875 0.642578125 0.4169921875 0.3251953125
1 0.087890625 0.455078125 0.169921875 0.25
1 0.576171875 0.3037109375 0.041015625 0.0634765625
1 0.212890625 0.341796875 0.056640625 0.078125
1 0.6318359375 0.2998046875 0.0234375 0.044921875
1 0.4638671875 0.31640625 0.0439453125 0.06640625
1 0.3544921875 0.3525390625 0.0439453125 0.1162109375
1 0.904296875 0.3193359375 0.0732421875 0.0830078125
1 0.744140625 0.306640625 0.03125 0.046875
1 0.28125 0.3857421875 0.0751953125 0.1552734375
1 0.5185546875 0.3525390625 0.0625 0.1337890625
1 0.986328125 0.2958984375 0.021484375 0.0361328125
1 0.7060546875 0.318359375 0.025390625 0.052734375
1 0.357421875 0.306640625 0.013671875 0.0302734375
0 0.478515625 0.451171875 0.041015625 0.0361328125
1 0.66015625 0.306640625 0.0419921875 0.0634765625
0 0.380859375 0.5361328125 0.064453125 0.044921875
0 0.4228515625 0.4169921875 0.0234375 0.033203125
0 0.8935546875 0.5615234375 0.119140625 0.044921875
1 0.4931640625 0.29296875 0.013671875 0.0302734375
0 0.443359375 0.568359375 0.0546875 0.0361328125
1 0.3095703125 0.328125 0.025390625 0.033203125
0 0.412109375 0.39453125 0.0185546875 0.0224609375
1 0.7529296875 0.27734375 0.0283203125 0.0390625
2 0.541015625 0.5517578125 0.0654296875 0.0361328125
1 0.3740234375 0.328125 0.0205078125 0.033203125
0 0.48828125 0.400390625 0.0205078125 0.0166015625
0 0.681640625 0.44140625 0.0439453125 0.0224609375
0 0.4677734375 0.361328125 0.0205078125 0.0166015625
1 0.169921875 0.3740234375 0.048828125 0.119140625
1 0.4541015625 0.404296875 0.0546875 0.0693359375
0 0.4990234375 0.548828125 0.033203125 0.01953125
0 0.3349609375 0.3759765625 0.0263671875 0.013671875
0 0.9609375 0.5302734375 0.0595703125 0.033203125
0 0.576171875 0.4287109375 0.03125 0.0419921875
0 0.6376953125 0.392578125 0.03125 0.01953125
1 0.6572265625 0.3525390625 0.029296875 0.044921875
0 0.20703125 0.431640625 0.0703125 0.052734375
0 0.869140625 0.3291015625 0.03125 0.01953125
0 0.7802734375 0.3427734375 0.0205078125 0.013671875
0 0.017578125 0.4658203125 0.03515625 0.033203125
1 0.8564453125 0.3056640625 0.03125 0.044921875
1 0.6787109375 0.3388671875 0.017578125 0.0390625
0 0.6015625 0.3623046875 0.021484375 0.01953125
1 0.962890625 0.66796875 0.0732421875 0.224609375
2 0.5419921875 0.5234375 0.0654296875 0.01953125
0 0.3857421875 0.3623046875 0.015625 0.01953125
2 0.6005859375 0.44140625 0.0234375 0.0224609375
1 0.486328125 0.31640625 0.015625 0.0224609375
2 0.798828125 0.33984375 0.017578125 0.01953125
0 0.3125 0.466796875 0.0185546875 0.02734375
1 0.2568359375 0.3623046875 0.0234375 0.0302734375
0 0.30078125 0.3955078125 0.0205078125 0.013671875
0 0.5791015625 0.345703125 0.0234375 0.025390625
0 0.947265625 0.31640625 0.0185546875 0.0224609375