2 0.806640625 0.859375 0.15625 0.080078125
1 0.662109375 0.62890625 0.380859375 0.34765625
1 0.306640625 0.294921875 0.017578125 0.0224609375
1 0.263671875 0.7177734375 0.404296875 0.474609375
1 0.4912109375 0.318359375 0.0234375 0.0419921875
1 0.5537109375 0.330078125 0.033203125 0.033203125
1 0.462890625 0.31640625 0.0498046875 0.0830078125
1 0.837890625 0.45703125 0.2060546875 0.224609375
1 0.3759765625 0.4443359375 0.126953125 0.171875
1 0.525390625 0.443359375 0.1640625 0.19140625
1 0.2119140625 0.392578125 0.0986328125 0.1748046875
1 0.357421875 0.318359375 0.0205078125 0.0419921875
1 0.29296875 0.330078125 0.0390625 0.0615234375
1 0.244140625 0.3359375 0.0185546875 0.044921875
1 0.8193359375 0.3056640625 0.029296875 0.0498046875
1 0.587890625 0.306640625 0.0419921875 0.0751953125
1 0.7177734375 0.287109375 0.017578125 0.025390625
1 0.0830078125 0.4677734375 0.166015625 0.224609375
1 0.986328125 0.294921875 0.025390625 0.0390625
1 0.638671875 0.3037109375 0.0205078125 0.052734375
1 0.697265625 0.37890625 0.1201171875 0.1474609375
1 0.841796875 0.3427734375 0.046875 0.052734375
0 0.244140625 0.85546875 0.150390625 0.1220703125
0 0.1728515625 0.947265625 0.263671875 0.10546875
1 0.748046875 0.30859375 0.0263671875 0.0390625
1 0.9599609375 0.412109375 0.080078125 0.19140625
1 0.619140625 0.3232421875 0.03125 0.05859375
1 0.669921875 0.3134765625 0.017578125 0.02734375
1 0.755859375 0.279296875 0.025390625 0.0361328125
0 0.380859375 0.5390625 0.0625 0.0390625
1 0.8818359375 0.3212890625 0.0673828125 0.1142578125
0 0.443359375 0.568359375 0.0546875 0.0361328125
1 0.787109375 0.30859375 0.048828125 0.06640625
0 0.478515625 0.4482421875 0.041015625 0.0419921875
0 0.9638671875 0.5234375 0.0625 0.0419921875
1 0.517578125 0.31640625 0.029296875 0.0498046875
1 0.162109375 0.3916015625 0.025390625 0.044921875
1 0.65625 0.2919921875 0.0185546875 0.033203125
0 0.685546875 0.4482421875 0.0390625 0.0302734375
1 0.69140625 0.322265625 0.029296875 0.044921875
0 0.46875 0.35546875 0.025390625 0.0224609375
0 0.62890625 0.3916015625 0.033203125 0.0224609375
0 0.416015625 0.392578125 0.015625 0.01953125
0 0.35546875 0.3486328125 0.0234375 0.01953125
1 0.662109375 0.34765625 0.03125 0.0556640625
0 0.3046875 0.39453125 0.021484375 0.0166015625
0 0.861328125 0.5615234375 0.060546875 0.033203125
0 0.42578125 0.41796875 0.029296875 0.0361328125
1 0.9560546875 0.6650390625 0.087890625 0.236328125
1 0.322265625 0.318359375 0.015625 0.025390625
2 0.537109375 0.5498046875 0.0625 0.044921875
1 0.3740234375 0.3212890625 0.017578125 0.025390625
0 0.7802734375 0.3447265625 0.0234375 0.0166015625
1 0.857421875 0.3037109375 0.0205078125 0.0361328125
0 0.3359375 0.3740234375 0.025390625 0.01953125
0 0.603515625 0.35546875 0.0185546875 0.0224609375
2 0.6005859375 0.44140625 0.0234375 0.0224609375
0 0.4873046875 0.3984375 0.0185546875 0.01953125
0 0.3134765625 0.4677734375 0.0234375 0.0302734375
0 0.212890625 0.392578125 0.037109375 0.0419921875
1 0.9013671875 0.33984375 0.015625 0.0361328125
0 0.3037109375 0.9375 0.0390625 0.125
2 0.0107421875 0.5087890625 0.021484375 0.0166015625
1 0.986328125 0.4775390625 0.025390625 0.0498046875
2 0.5849609375 0.3544921875 0.0234375 0.025390625