2 0.833984375 0.923828125 0.166015625 0.080078125
1 0.6748046875 0.66796875 0.431640625 0.3857421875
1 0.25 0.7431640625 0.4248046875 0.4697265625
1 0.5380859375 0.466796875 0.158203125 0.18359375
1 0.8125 0.4677734375 0.1748046875 0.197265625
1 0.439453125 0.33984375 0.021484375 0.0361328125
1 0.642578125 0.318359375 0.0185546875 0.0302734375
1 0.3740234375 0.48046875 0.1201171875 0.177734375
1 0.275390625 0.34765625 0.025390625 0.033203125
1 0.7685546875 0.318359375 0.0439453125 0.0693359375
1 0.498046875 0.3212890625 0.013671875 0.025390625
1 0.3134765625 0.375 0.060546875 0.1162109375
1 0.8974609375 0.341796875 0.076171875 0.1220703125
1 0.2314453125 0.3681640625 0.03125 0.05859375
1 0.71875 0.33203125 0.0498046875 0.0634765625
1 0.65625 0.37890625 0.0751953125 0.1083984375
1 0.255859375 0.380859375 0.033203125 0.0615234375
1 0.048828125 0.4228515625 0.09765625 0.130859375
1 0.5986328125 0.3623046875 0.0595703125 0.130859375
1 0.193359375 0.4365234375 0.125 0.18359375
1 0.4912109375 0.3447265625 0.0205078125 0.033203125
1 0.9853515625 0.345703125 0.029296875 0.05859375
1 0.8134765625 0.341796875 0.0703125 0.111328125
1 0.9560546875 0.66796875 0.087890625 0.3359375
0 0.87890625 0.58984375 0.107421875 0.052734375
0 0.474609375 0.48046875 0.037109375 0.0390625
0 0.537109375 0.580078125 0.1064453125 0.0556640625
0 0.4384765625 0.607421875 0.0546875 0.0419921875
0 0.376953125 0.578125 0.056640625 0.033203125
1 0.30078125 0.3427734375 0.0205078125 0.0302734375
1 0.3681640625 0.361328125 0.0234375 0.044921875
0 0.486328125 0.4287109375 0.029296875 0.01953125
1 0.4072265625 0.3720703125 0.044921875 0.06640625
1 0.46875 0.349609375 0.025390625 0.044921875
1 0.666015625 0.31640625 0.0185546875 0.02734375
1 0.830078125 0.306640625 0.0205078125 0.0302734375
1 0.5185546875 0.3427734375 0.03125 0.05859375
0 0.697265625 0.48046875 0.0498046875 0.02734375
1 0.3466796875 0.337890625 0.0185546875 0.0302734375
0 0.4267578125 0.466796875 0.03125 0.0224609375
0 0.3564453125 0.923828125 0.150390625 0.1416015625
1 0.134765625 0.41796875 0.0234375 0.0302734375
0 0.466796875 0.384765625 0.0263671875 0.0302734375
1 0.8046875 0.330078125 0.021484375 0.033203125
0 0.9130859375 0.4052734375 0.0263671875 0.0166015625
0 0.6103515625 0.3916015625 0.0234375 0.0166015625
0 0.7978515625 0.37890625 0.0205078125 0.01953125
1 0.5810546875 0.3193359375 0.0126953125 0.0224609375
0 0.0439453125 0.556640625 0.087890625 0.1357421875
0 0.29296875 0.4287109375 0.0234375 0.01953125
0 0.85546875 0.3583984375 0.017578125 0.0166015625
1 0.6259765625 0.3642578125 0.017578125 0.0224609375
0 0.2109375 0.37890625 0.0283203125 0.0302734375
0 0.9013671875 0.5625 0.0341796875 0.01953125
0 0.580078125 0.380859375 0.017578125 0.0166015625
2 0.197265625 0.4306640625 0.0263671875 0.033203125
1 0.82421875 0.330078125 0.0234375 0.02734375
1 0.54296875 0.3916015625 0.029296875 0.0390625
0 0.9482421875 0.3486328125 0.0439453125 0.01953125
0 0.7724609375 0.37890625 0.013671875 0.046875
0 0.306640625 0.380859375 0.0126953125 0.044921875