2 0.8349609375 0.923828125 0.1640625 0.080078125
1 0.6826171875 0.669921875 0.458984375 0.361328125
1 0.4873046875 0.3427734375 0.0185546875 0.0419921875
1 0.7177734375 0.4052734375 0.126953125 0.1669921875
1 0.44140625 0.404296875 0.1044921875 0.1416015625
1 0.849609375 0.4833984375 0.224609375 0.2392578125
1 0.248046875 0.755859375 0.34375 0.466796875
1 0.5576171875 0.4580078125 0.146484375 0.1884765625
1 0.5537109375 0.3544921875 0.0390625 0.0361328125
1 0.9375 0.3447265625 0.025390625 0.0390625
1 0.6044921875 0.3486328125 0.046875 0.080078125
1 0.197265625 0.4482421875 0.1298828125 0.2197265625
1 0.767578125 0.3359375 0.048828125 0.0830078125
1 0.07421875 0.5009765625 0.1484375 0.236328125
1 0.228515625 0.361328125 0.0263671875 0.033203125
1 0.3056640625 0.3427734375 0.060546875 0.119140625
1 0.8232421875 0.3330078125 0.0654296875 0.0888671875
1 0.892578125 0.3291015625 0.0595703125 0.0751953125
1 0.2734375 0.3447265625 0.021484375 0.0390625
1 0.181640625 0.35546875 0.025390625 0.044921875
1 0.3642578125 0.375 0.0341796875 0.10546875
1 0.5751953125 0.337890625 0.0185546875 0.0302734375
1 0.955078125 0.64453125 0.0830078125 0.3779296875
1 0.861328125 0.3779296875 0.037109375 0.033203125
1 0.2490234375 0.390625 0.029296875 0.052734375
0 0.8623046875 0.58984375 0.09375 0.0693359375
1 0.7080078125 0.341796875 0.03125 0.06640625
1 0.6630859375 0.3251953125 0.029296875 0.06640625
1 0.64453125 0.3291015625 0.0205078125 0.0361328125
1 0.974609375 0.3544921875 0.048828125 0.091796875
0 0.3740234375 0.5791015625 0.064453125 0.0361328125
0 0.544921875 0.5693359375 0.126953125 0.06640625
0 0.47265625 0.484375 0.064453125 0.0419921875
1 0.435546875 0.33984375 0.017578125 0.025390625
0 0.4384765625 0.607421875 0.0546875 0.0419921875
1 0.0615234375 0.3974609375 0.044921875 0.0556640625
1 0.822265625 0.30859375 0.013671875 0.02734375
0 0.697265625 0.48046875 0.0419921875 0.0224609375
0 0.4912109375 0.4287109375 0.0263671875 0.01953125
1 0.6767578125 0.3681640625 0.03125 0.052734375
0 0.466796875 0.390625 0.029296875 0.01953125
0 0.291015625 0.4306640625 0.0205078125 0.0166015625
1 0.4638671875 0.3486328125 0.0185546875 0.0302734375
1 0.310546875 0.3193359375 0.015625 0.02734375
0 0.40625 0.4267578125 0.025390625 0.025390625
1 0.5234375 0.3330078125 0.0341796875 0.0615234375
1 0.400390625 0.3916015625 0.03125 0.044921875
0 0.7744140625 0.3544921875 0.017578125 0.01953125
0 0.2080078125 0.37890625 0.025390625 0.01953125
0 0.6435546875 0.4267578125 0.037109375 0.025390625
0 0.013671875 0.501953125 0.02734375 0.0390625
0 0.3017578125 0.4990234375 0.025390625 0.0302734375
0 0.796875 0.380859375 0.025390625 0.0224609375
0 0.3251953125 0.4052734375 0.025390625 0.0166015625
0 0.607421875 0.392578125 0.0205078125 0.01953125
2 0.4921875 0.4990234375 0.015625 0.01953125
0 0.9384765625 0.3857421875 0.017578125 0.0556640625
1 0.6259765625 0.3681640625 0.0205078125 0.025390625
0 0.7685546875 0.4384765625 0.025390625 0.02734375
0 0.380859375 0.40234375 0.0126953125 0.0224609375
0 0.353515625 0.37890625 0.015625 0.01953125
0 0.611328125 0.5556640625 0.0205078125 0.0224609375
1 0.8935546875 0.3662109375 0.025390625 0.033203125
2 0.4287109375 0.4677734375 0.017578125 0.01953125
0 0.9580078125 0.349609375 0.0185546875 0.0166015625
1 0.337890625 0.341796875 0.0234375 0.0556640625
0 0.7861328125 0.4111328125 0.025390625 0.033203125
2 0.4580078125 0.9541015625 0.025390625 0.0859375