2 0.8349609375 0.923828125 0.1640625 0.080078125
1 0.681640625 0.673828125 0.4560546875 0.369140625
1 0.861328125 0.48046875 0.232421875 0.2275390625
1 0.375 0.48046875 0.150390625 0.1884765625
1 0.2509765625 0.7470703125 0.4296875 0.4169921875
1 0.541015625 0.466796875 0.166015625 0.1884765625
1 0.3037109375 0.330078125 0.017578125 0.0224609375
1 0.9677734375 0.4169921875 0.064453125 0.1943359375
1 0.28125 0.3330078125 0.025390625 0.033203125
1 0.45703125 0.3447265625 0.0419921875 0.072265625
1 0.611328125 0.3486328125 0.0517578125 0.091796875
1 0.7138671875 0.4072265625 0.1376953125 0.158203125
1 0.36328125 0.3544921875 0.0361328125 0.0751953125
1 0.8349609375 0.3056640625 0.0205078125 0.0224609375
1 0.2744140625 0.427734375 0.0888671875 0.1884765625
1 0.529296875 0.3427734375 0.0185546875 0.0419921875
1 0.076171875 0.5166015625 0.1513671875 0.2666015625
1 0.7626953125 0.318359375 0.0498046875 0.0634765625
1 0.169921875 0.35546875 0.0361328125 0.0498046875
1 0.4931640625 0.3359375 0.013671875 0.033203125
1 0.556640625 0.361328125 0.0390625 0.0556640625
1 0.892578125 0.330078125 0.0517578125 0.06640625
1 0.646484375 0.322265625 0.025390625 0.0556640625
0 0.318359375 0.9580078125 0.1826171875 0.0830078125
0 0.478515625 0.482421875 0.041015625 0.0419921875
1 0.4306640625 0.3427734375 0.033203125 0.046875
1 0.212890625 0.3544921875 0.0234375 0.0302734375
1 0.884765625 0.3779296875 0.0546875 0.0498046875
1 0.8125 0.34765625 0.0751953125 0.0947265625
1 0.505859375 0.3544921875 0.068359375 0.130859375
0 0.8798828125 0.5986328125 0.0908203125 0.05859375
1 0.2998046875 0.365234375 0.025390625 0.0361328125
0 0.376953125 0.580078125 0.0625 0.033203125
0 0.5361328125 0.5791015625 0.115234375 0.05859375
1 0.025390625 0.3818359375 0.029296875 0.0361328125
1 0.671875 0.3193359375 0.021484375 0.0390625
0 0.439453125 0.607421875 0.052734375 0.0419921875
1 0.7236328125 0.3154296875 0.0283203125 0.0419921875
0 0.7724609375 0.44140625 0.033203125 0.033203125
1 0.5849609375 0.330078125 0.0234375 0.0390625
0 0.697265625 0.4794921875 0.048828125 0.025390625
1 0.662109375 0.37109375 0.03125 0.0634765625
0 0.1611328125 0.943359375 0.150390625 0.1025390625
0 0.462890625 0.388671875 0.025390625 0.0224609375
0 0.326171875 0.404296875 0.025390625 0.013671875
0 0.611328125 0.390625 0.0185546875 0.025390625
0 0.6123046875 0.4794921875 0.037109375 0.025390625
1 0.9970703125 0.318359375 0.005859375 0.0302734375
0 0.4990234375 0.423828125 0.029296875 0.0302734375
0 0.1875 0.4677734375 0.0810546875 0.05859375
0 0.962890625 0.3916015625 0.03125 0.02734375
1 0.263671875 0.3544921875 0.015625 0.0302734375
1 0.935546875 0.3544921875 0.041015625 0.052734375
0 0.4296875 0.466796875 0.015625 0.0166015625
1 0.9853515625 0.3564453125 0.029296875 0.037109375
0 0.853515625 0.3681640625 0.0234375 0.013671875
1 0.3310546875 0.35546875 0.0185546875 0.0224609375
0 0.30078125 0.50390625 0.0234375 0.046875
0 0.650390625 0.4248046875 0.03125 0.0166015625
2 0.7939453125 0.427734375 0.0185546875 0.0224609375
0 0.7998046875 0.3818359375 0.025390625 0.025390625
1 0.6044921875 0.3291015625 0.015625 0.025390625
1 0.826171875 0.3349609375 0.0205078125 0.0302734375
1 0.7626953125 0.3115234375 0.0126953125 0.0166015625
0 0.9580078125 0.3486328125 0.0185546875 0.01953125