2 0.8056640625 0.8623046875 0.154296875 0.0751953125
1 0.25 0.3125 0.025390625 0.0302734375
1 0.6669921875 0.62109375 0.4248046875 0.3642578125
1 0.5380859375 0.4365234375 0.154296875 0.18359375
1 0.384765625 0.453125 0.125 0.1884765625
1 0.810546875 0.26953125 0.0205078125 0.02734375
1 0.29296875 0.3134765625 0.0205078125 0.0390625
1 0.69140625 0.3759765625 0.1201171875 0.15234375
1 0.8662109375 0.30859375 0.0673828125 0.0830078125
1 0.0927734375 0.5927734375 0.1767578125 0.486328125
1 0.75 0.296875 0.0498046875 0.0830078125
1 0.4375 0.3037109375 0.025390625 0.046875
1 0.275390625 0.37890625 0.0859375 0.1357421875
1 0.630859375 0.2919921875 0.0185546875 0.033203125
1 0.6943359375 0.302734375 0.048828125 0.078125
1 0.310546875 0.3154296875 0.0205078125 0.0419921875
1 0.935546875 0.4150390625 0.126953125 0.2080078125
1 0.9677734375 0.3037109375 0.0205078125 0.046875
1 0.10546875 0.3740234375 0.0703125 0.091796875
1 0.712890625 0.2763671875 0.013671875 0.025390625
1 0.19921875 0.3359375 0.0576171875 0.0830078125
1 0.580078125 0.3037109375 0.03125 0.05859375
1 0.484375 0.3154296875 0.037109375 0.0751953125
1 0.349609375 0.306640625 0.0126953125 0.025390625
1 0.4619140625 0.318359375 0.0234375 0.046875
1 0.8037109375 0.31640625 0.044921875 0.06640625
0 0.11328125 0.9111328125 0.2265625 0.1669921875
1 0.330078125 0.3525390625 0.033203125 0.044921875
1 0.6552734375 0.2998046875 0.0361328125 0.0556640625
1 0.625 0.3232421875 0.0439453125 0.0693359375
0 0.904296875 0.5390625 0.080078125 0.0498046875
0 0.5498046875 0.5224609375 0.087890625 0.044921875
0 0.494140625 0.546875 0.033203125 0.044921875
1 0.599609375 0.2998046875 0.0185546875 0.033203125
0 0.443359375 0.568359375 0.0517578125 0.0361328125
0 0.41015625 0.3955078125 0.0263671875 0.025390625
0 0.478515625 0.451171875 0.0419921875 0.0361328125
1 0.548828125 0.3427734375 0.033203125 0.052734375
1 0.478515625 0.2705078125 0.021484375 0.025390625
1 0.7626953125 0.359375 0.0439453125 0.080078125
0 0.361328125 0.9345703125 0.140625 0.130859375
0 0.35546875 0.3486328125 0.0234375 0.01953125
0 0.48828125 0.400390625 0.0263671875 0.0166015625
0 0.4697265625 0.3623046875 0.0205078125 0.01953125
0 0.4267578125 0.41796875 0.025390625 0.0361328125
1 0.255859375 0.3681640625 0.0263671875 0.0419921875
1 0.7177734375 0.29296875 0.013671875 0.01953125
0 0.3984375 0.546875 0.0283203125 0.0166015625
1 0.51953125 0.3251953125 0.029296875 0.0498046875
0 0.291015625 0.3955078125 0.0419921875 0.025390625
0 0.048828125 0.466796875 0.0546875 0.033203125
0 0.2099609375 0.4345703125 0.0732421875 0.05859375
0 0.5791015625 0.349609375 0.0234375 0.0166015625
0 0.736328125 0.4072265625 0.041015625 0.046875
0 0.5986328125 0.517578125 0.03125 0.025390625
0 0.5986328125 0.365234375 0.037109375 0.025390625
0 0.4443359375 0.4404296875 0.033203125 0.01953125
0 0.912109375 0.349609375 0.0390625 0.0556640625
0 0.7607421875 0.40234375 0.0185546875 0.02734375
0 0.697265625 0.44140625 0.029296875 0.0224609375