2 0.806640625 0.8623046875 0.150390625 0.0751953125
1 0.6689453125 0.6416015625 0.4248046875 0.3388671875
1 0.287109375 0.7138671875 0.3515625 0.5107421875
1 0.541015625 0.4365234375 0.15625 0.171875
1 0.8349609375 0.4208984375 0.1923828125 0.263671875
1 0.6884765625 0.3984375 0.1044921875 0.1806640625
1 0.384765625 0.4580078125 0.1328125 0.18359375
1 0.87890625 0.279296875 0.0263671875 0.0302734375
1 0.494140625 0.3154296875 0.0185546875 0.0302734375
1 0.212890625 0.388671875 0.099609375 0.177734375
1 0.2880859375 0.3291015625 0.0205078125 0.0361328125
1 0.3125 0.3095703125 0.0185546875 0.0302734375
1 0.701171875 0.298828125 0.0361328125 0.0693359375
1 0.4365234375 0.3525390625 0.0859375 0.1162109375
1 0.978515625 0.2919921875 0.017578125 0.02734375
1 0.9736328125 0.375 0.052734375 0.18359375
1 0.248046875 0.330078125 0.0234375 0.0390625
1 0.3017578125 0.37109375 0.068359375 0.125
1 0.619140625 0.318359375 0.056640625 0.080078125
1 0.55078125 0.3359375 0.033203125 0.0556640625
1 0.7490234375 0.298828125 0.0576171875 0.080078125
1 0.8037109375 0.318359375 0.0576171875 0.0751953125
1 0.6552734375 0.302734375 0.0361328125 0.06640625
1 0.8125 0.279296875 0.0126953125 0.01953125
1 0.0888671875 0.5625 0.1748046875 0.4306640625
1 0.3681640625 0.31640625 0.0234375 0.044921875
1 0.9404296875 0.630859375 0.119140625 0.3056640625
1 0.576171875 0.3154296875 0.03125 0.0751953125
0 0.412109375 0.3955078125 0.025390625 0.025390625
0 0.423828125 0.4169921875 0.0205078125 0.033203125
0 0.2001953125 0.9345703125 0.2001953125 0.119140625
0 0.443359375 0.568359375 0.0517578125 0.0361328125
0 0.474609375 0.453125 0.037109375 0.0390625
0 0.4873046875 0.400390625 0.03125 0.0166015625
1 0.462890625 0.302734375 0.0185546875 0.033203125
0 0.5380859375 0.5302734375 0.126953125 0.0498046875
1 0.5205078125 0.3193359375 0.03125 0.0615234375
0 0.8740234375 0.546875 0.0859375 0.044921875
1 0.4423828125 0.298828125 0.0185546875 0.0302734375
1 0.599609375 0.302734375 0.013671875 0.02734375
0 0.3369140625 0.3759765625 0.0205078125 0.013671875
2 0.3974609375 0.9736328125 0.0361328125 0.0419921875
0 0.6064453125 0.3544921875 0.025390625 0.025390625
0 0.46875 0.365234375 0.025390625 0.01953125
0 0.0439453125 0.5166015625 0.087890625 0.0556640625
0 0.69921875 0.443359375 0.044921875 0.0302734375
1 0.6572265625 0.3642578125 0.0263671875 0.0390625
0 0.189453125 0.423828125 0.037109375 0.01953125
0 0.30078125 0.3984375 0.0205078125 0.01953125
1 0.748046875 0.3427734375 0.0205078125 0.052734375
0 0.0556640625 0.4541015625 0.0361328125 0.025390625
1 0.57421875 0.2998046875 0.0107421875 0.0166015625
1 0.517578125 0.287109375 0.017578125 0.025390625
0 0.9501953125 0.5224609375 0.0625 0.044921875
0 0.630859375 0.4150390625 0.037109375 0.046875
0 0.7412109375 0.41015625 0.0390625 0.0419921875
1 0.958984375 0.330078125 0.021484375 0.033203125
0 0.443359375 0.4375 0.03125 0.025390625
1 0.353515625 0.3486328125 0.033203125 0.0419921875
0 0.9619140625 0.35546875 0.0361328125 0.02734375
1 0.322265625 0.328125 0.013671875 0.0224609375
0 0.21875 0.4462890625 0.0498046875 0.025390625