2 0.8349609375 0.927734375 0.1640625 0.0830078125
1 0.693359375 0.6806640625 0.474609375 0.35546875
1 0.5439453125 0.46484375 0.15625 0.197265625
1 0.716796875 0.380859375 0.09375 0.177734375
1 0.455078125 0.3857421875 0.064453125 0.1669921875
1 0.7841796875 0.3544921875 0.0810546875 0.1416015625
1 0.9462890625 0.4501953125 0.107421875 0.224609375
0 0.2001953125 0.931640625 0.2314453125 0.125
1 0.556640625 0.3681640625 0.037109375 0.052734375
1 0.5439453125 0.2919921875 0.0439453125 0.14453125
1 0.8564453125 0.2802734375 0.099609375 0.205078125
1 0.7451171875 0.2919921875 0.0341796875 0.0556640625
1 0.650390625 0.341796875 0.048828125 0.1162109375
1 0.34375 0.341796875 0.0498046875 0.18359375
1 0.6376953125 0.2607421875 0.0185546875 0.0166015625
0 0.431640625 0.580078125 0.1484375 0.0615234375
1 0.248046875 0.5029296875 0.205078125 0.7724609375
0 0.474609375 0.4833984375 0.03125 0.0390625
0 0.9130859375 0.5927734375 0.1513671875 0.080078125
1 0.435546875 0.3212890625 0.0263671875 0.0419921875
0 0.5810546875 0.568359375 0.099609375 0.052734375
1 0.98828125 0.1650390625 0.0205078125 0.05859375
0 0.3916015625 0.9306640625 0.1484375 0.1337890625
1 0.0927734375 0.4765625 0.1767578125 0.947265625
1 0.6943359375 0.31640625 0.0361328125 0.0390625
1 0.455078125 0.2998046875 0.0185546875 0.0166015625
0 0.7197265625 0.4775390625 0.0732421875 0.0390625
1 0.513671875 0.2666015625 0.0234375 0.0498046875
1 0.572265625 0.29296875 0.0283203125 0.1025390625
1 0.3466796875 0.267578125 0.0185546875 0.0302734375
1 0.3310546875 0.2802734375 0.025390625 0.0390625
1 0.474609375 0.359375 0.0205078125 0.0419921875
1 0.14453125 0.3359375 0.0107421875 0.044921875
0 0.4912109375 0.4306640625 0.0205078125 0.0224609375
0 0.7724609375 0.44140625 0.029296875 0.02734375
0 0.642578125 0.4169921875 0.0439453125 0.033203125
0 0.623046875 0.4736328125 0.03125 0.01953125
1 0.9296875 0.265625 0.0283203125 0.09765625
1 0.025390625 0.08203125 0.0498046875 0.1640625
1 0.505859375 0.31640625 0.0263671875 0.0556640625
1 0.82421875 0.2490234375 0.0205078125 0.0419921875
0 0.1572265625 0.5693359375 0.0361328125 0.0615234375
1 0.4130859375 0.296875 0.0205078125 0.033203125
1 0.5302734375 0.39453125 0.0234375 0.0830078125
1 0.81640625 0.3759765625 0.0361328125 0.0361328125
0 0.8935546875 0.4541015625 0.025390625 0.0302734375
0 0.46875 0.384765625 0.0185546875 0.01953125
1 0.76171875 0.341796875 0.0234375 0.033203125
0 0.291015625 0.6162109375 0.0546875 0.0498046875
0 0.9814453125 0.578125 0.037109375 0.0390625