0 0.8349609375 0.923828125 0.1640625 0.080078125
1 0.8662109375 0.5009765625 0.2578125 0.2470703125
1 0.23046875 0.763671875 0.3544921875 0.4609375
1 0.369140625 0.4931640625 0.150390625 0.1865234375
1 0.4443359375 0.3125 0.0205078125 0.0302734375
1 0.541015625 0.4775390625 0.181640625 0.18359375
1 0.6787109375 0.693359375 0.4482421875 0.3583984375
1 0.7353515625 0.318359375 0.0205078125 0.0361328125
1 0.6435546875 0.3212890625 0.0185546875 0.025390625
1 0.32421875 0.3857421875 0.060546875 0.1162109375
1 0.7060546875 0.41796875 0.130859375 0.1806640625
1 0.201171875 0.4306640625 0.1201171875 0.216796875
1 0.361328125 0.33984375 0.025390625 0.052734375
1 0.4912109375 0.3662109375 0.0517578125 0.111328125
1 0.2822265625 0.3486328125 0.0390625 0.0693359375
1 0.6689453125 0.3427734375 0.0439453125 0.0751953125
1 0.8994140625 0.31640625 0.0263671875 0.0498046875
1 0.2373046875 0.3515625 0.025390625 0.0361328125
1 0.0673828125 0.4765625 0.134765625 0.1865234375
1 0.767578125 0.330078125 0.046875 0.078125
1 0.5810546875 0.3359375 0.037109375 0.06640625
1 0.822265625 0.3583984375 0.0888671875 0.138671875
0 0.4072265625 0.4384765625 0.0234375 0.0390625
0 0.3759765625 0.5791015625 0.060546875 0.0361328125
0 0.537109375 0.5791015625 0.1171875 0.052734375
0 0.474609375 0.48046875 0.0439453125 0.0390625
1 0.201171875 0.3740234375 0.0390625 0.05859375
1 0.5888671875 0.2919921875 0.015625 0.0224609375
1 0.248046875 0.3916015625 0.0361328125 0.0556640625
0 0.4384765625 0.6083984375 0.0546875 0.0390625
1 0.408203125 0.369140625 0.052734375 0.099609375
0 0.4873046875 0.4287109375 0.025390625 0.01953125
1 0.609375 0.330078125 0.0185546875 0.02734375
1 0.951171875 0.7041015625 0.0888671875 0.26953125
1 0.54296875 0.3544921875 0.0419921875 0.091796875
1 0.6328125 0.35546875 0.041015625 0.0556640625
0 0.3466796875 0.37890625 0.0283203125 0.025390625
1 0.69921875 0.3515625 0.0205078125 0.0361328125
0 0.7001953125 0.4775390625 0.0498046875 0.02734375
0 0.6484375 0.4267578125 0.0341796875 0.025390625
0 0.779296875 0.44140625 0.0439453125 0.033203125
1 0.3134765625 0.35546875 0.0234375 0.02734375
0 0.326171875 0.404296875 0.0283203125 0.013671875
0 0.9365234375 0.5654296875 0.0986328125 0.05859375
0 0.201171875 0.490234375 0.0546875 0.025390625
0 0.435546875 0.4677734375 0.0439453125 0.025390625
0 0.6123046875 0.392578125 0.03125 0.013671875
1 0.494140625 0.341796875 0.0185546875 0.0224609375
1 0.0361328125 0.408203125 0.037109375 0.0498046875
0 0.287109375 0.392578125 0.0185546875 0.01953125
0 0.30078125 0.494140625 0.0205078125 0.02734375
0 0.5859375 0.380859375 0.0185546875 0.0166015625
0 0.2861328125 0.4287109375 0.0439453125 0.025390625
0 0.3017578125 0.5615234375 0.037109375 0.033203125
0 0.19921875 0.4541015625 0.0517578125 0.0302734375
0 0.3623046875 0.392578125 0.025390625 0.025390625
1 0.8291015625 0.31640625 0.0263671875 0.044921875
1 0.517578125 0.318359375 0.029296875 0.0361328125
0 0.666015625 0.37890625 0.029296875 0.01953125
0 0.0068359375 0.505859375 0.013671875 0.044921875
1 0.5185546875 0.3974609375 0.025390625 0.044921875
0 0.4296875 0.9169921875 0.052734375 0.150390625
0 0.9443359375 0.3623046875 0.0390625 0.0419921875