2 0.8056640625 0.857421875 0.1513671875 0.0751953125
1 0.875 0.298828125 0.03125 0.0419921875
1 0.6748046875 0.634765625 0.337890625 0.3193359375
1 0.087890625 0.5732421875 0.173828125 0.4697265625
1 0.4384765625 0.380859375 0.1015625 0.1279296875
1 0.53515625 0.455078125 0.1669921875 0.171875
1 0.8251953125 0.453125 0.224609375 0.2109375
1 0.6904296875 0.37890625 0.1064453125 0.1474609375
1 0.4853515625 0.3291015625 0.0205078125 0.046875
1 0.80078125 0.3056640625 0.060546875 0.078125
1 0.611328125 0.322265625 0.0595703125 0.0830078125
1 0.7041015625 0.3056640625 0.048828125 0.072265625
1 0.9755859375 0.3544921875 0.044921875 0.169921875
1 0.244140625 0.3291015625 0.0263671875 0.0361328125
1 0.650390625 0.302734375 0.0205078125 0.033203125
1 0.2939453125 0.3720703125 0.0751953125 0.14453125
1 0.6259765625 0.29296875 0.017578125 0.0302734375
1 0.5 0.3056640625 0.0185546875 0.044921875
1 0.09375 0.3720703125 0.068359375 0.06640625
1 0.4267578125 0.3291015625 0.0283203125 0.0419921875
1 0.978515625 0.2919921875 0.017578125 0.0390625
1 0.291015625 0.328125 0.0205078125 0.02734375
1 0.8564453125 0.3359375 0.0498046875 0.0556640625
1 0.3330078125 0.3427734375 0.03125 0.05859375
1 0.580078125 0.2958984375 0.029296875 0.052734375
0 0.3681640625 0.904296875 0.1669921875 0.19140625
1 0.94140625 0.6484375 0.1171875 0.26953125
1 0.1923828125 0.37109375 0.078125 0.125
1 0.375 0.3232421875 0.025390625 0.05859375
1 0.55078125 0.3427734375 0.033203125 0.0693359375
0 0.861328125 0.5556640625 0.0810546875 0.0498046875
1 0.3134765625 0.3037109375 0.0205078125 0.0302734375
0 0.4091796875 0.3955078125 0.0283203125 0.025390625
0 0.962890625 0.5166015625 0.068359375 0.0498046875
1 0.755859375 0.33984375 0.0439453125 0.0859375
0 0.4755859375 0.451171875 0.0419921875 0.0361328125
0 0.423828125 0.4306640625 0.03125 0.0166015625
0 0.443359375 0.568359375 0.0546875 0.0361328125
2 0.537109375 0.5517578125 0.0625 0.0361328125
1 0.5234375 0.3154296875 0.0283203125 0.052734375
1 0.7177734375 0.2919921875 0.013671875 0.0224609375
0 0.6826171875 0.443359375 0.046875 0.025390625
0 0.3916015625 0.5361328125 0.0419921875 0.033203125
0 0.4892578125 0.3984375 0.0283203125 0.01953125
0 0.1806640625 0.4287109375 0.0234375 0.013671875
1 0.7529296875 0.279296875 0.0185546875 0.025390625
0 0.3564453125 0.3486328125 0.0185546875 0.01953125
0 0.1826171875 0.892578125 0.2783203125 0.203125
0 0.46875 0.365234375 0.0185546875 0.01953125
1 0.962890625 0.328125 0.013671875 0.033203125
0 0.609375 0.3544921875 0.021484375 0.025390625
0 0.580078125 0.427734375 0.0283203125 0.033203125
1 0.462890625 0.328125 0.0185546875 0.02734375
2 0.3994140625 0.97265625 0.033203125 0.044921875
0 0.75390625 0.4052734375 0.0234375 0.02734375
0 0.2998046875 0.3955078125 0.0185546875 0.013671875
0 0.6298828125 0.4150390625 0.0283203125 0.052734375
0 0.580078125 0.3486328125 0.0205078125 0.01953125
0 0.775390625 0.3427734375 0.0185546875 0.013671875
1 0.806640625 0.3662109375 0.056640625 0.0556640625
0 0.94921875 0.35546875 0.0234375 0.0224609375
0 0.15625 0.4306640625 0.0185546875 0.0166015625
0 0.5927734375 0.3740234375 0.0361328125 0.0302734375
1 0.75 0.302734375 0.0185546875 0.0224609375
1 0.162109375 0.3916015625 0.0185546875 0.0224609375
1 0.35546875 0.3115234375 0.0234375 0.0556640625