2 0.806640625 0.859375 0.154296875 0.080078125
1 0.279296875 0.73046875 0.3671875 0.52734375
1 0.681640625 0.634765625 0.40625 0.330078125
1 0.837890625 0.4169921875 0.193359375 0.25
1 0.90625 0.2890625 0.025390625 0.0390625
1 0.380859375 0.455078125 0.130859375 0.1884765625
1 0.6943359375 0.39453125 0.1201171875 0.1884765625
1 0.541015625 0.4306640625 0.15625 0.171875
1 0.7216796875 0.2861328125 0.015625 0.033203125
1 0.8125 0.27734375 0.0185546875 0.0224609375
1 0.287109375 0.3232421875 0.0234375 0.0302734375
1 0.2490234375 0.330078125 0.0234375 0.0390625
1 0.48828125 0.3427734375 0.064453125 0.1083984375
1 0.212890625 0.392578125 0.099609375 0.1865234375
1 0.3291015625 0.3427734375 0.0673828125 0.1142578125
1 0.3603515625 0.318359375 0.0234375 0.0419921875
1 0.96875 0.2890625 0.0185546875 0.02734375
1 0.6552734375 0.3017578125 0.0361328125 0.0634765625
1 0.810546875 0.3037109375 0.029296875 0.0361328125
1 0.4892578125 0.31640625 0.0185546875 0.02734375
1 0.5810546875 0.2890625 0.037109375 0.0615234375
1 0.697265625 0.3056640625 0.0517578125 0.078125
1 0.744140625 0.279296875 0.0205078125 0.0302734375
1 0.4248046875 0.341796875 0.068359375 0.0947265625
1 0.5302734375 0.318359375 0.0234375 0.052734375
1 0.44140625 0.3017578125 0.0205078125 0.0361328125
1 0.087890625 0.466796875 0.17578125 0.2421875
1 0.306640625 0.302734375 0.013671875 0.033203125
0 0.474609375 0.451171875 0.037109375 0.0361328125
1 0.974609375 0.3818359375 0.0498046875 0.1865234375
1 0.9404296875 0.6337890625 0.115234375 0.2890625
0 0.423828125 0.41796875 0.017578125 0.0302734375
1 0.5546875 0.3359375 0.0341796875 0.044921875
1 0.263671875 0.359375 0.037109375 0.05859375
0 0.3740234375 0.5302734375 0.0576171875 0.044921875
0 0.869140625 0.544921875 0.0986328125 0.0498046875
0 0.443359375 0.568359375 0.0517578125 0.0361328125
0 0.412109375 0.3955078125 0.0263671875 0.025390625
0 0.53515625 0.5361328125 0.1171875 0.0556640625
1 0.6005859375 0.298828125 0.017578125 0.0302734375
0 0.607421875 0.3544921875 0.029296875 0.025390625
0 0.48828125 0.3984375 0.029296875 0.01953125
0 0.044921875 0.4580078125 0.048828125 0.033203125
2 0.3955078125 0.9736328125 0.0341796875 0.0419921875
1 0.775390625 0.3291015625 0.03125 0.0634765625
0 0.7109375 0.44140625 0.052734375 0.033203125
0 0.2880859375 0.3955078125 0.0390625 0.025390625
0 0.7431640625 0.41015625 0.0361328125 0.0419921875
0 0.3603515625 0.3515625 0.0205078125 0.025390625
1 0.462890625 0.328125 0.0205078125 0.02734375
1 0.7451171875 0.328125 0.025390625 0.044921875
0 0.599609375 0.5234375 0.0517578125 0.0419921875
0 0.943359375 0.5166015625 0.0498046875 0.044921875
1 0.6279296875 0.31640625 0.025390625 0.0390625
0 0.5810546875 0.345703125 0.0185546875 0.013671875
0 0.3935546875 0.5537109375 0.037109375 0.0087890625
1 0.662109375 0.3681640625 0.025390625 0.0361328125
0 0.3359375 0.369140625 0.021484375 0.0166015625
1 0.517578125 0.2890625 0.017578125 0.0224609375
0 0.1572265625 0.427734375 0.0234375 0.0224609375
1 0.0146484375 0.4931640625 0.029296875 0.046875
0 0.3115234375 0.4638671875 0.017578125 0.0224609375
1 0.82421875 0.3330078125 0.013671875 0.0390625
0 0.7705078125 0.294921875 0.0185546875 0.0166015625
0 0.62890625 0.4111328125 0.0390625 0.0556640625
1 0.375 0.3544921875 0.0185546875 0.0361328125
0 0.677734375 0.462890625 0.041015625 0.05859375
0 0.587890625 0.421875 0.0126953125 0.033203125