2 0.833984375 0.923828125 0.166015625 0.080078125
1 0.228515625 0.755859375 0.4140625 0.47265625
1 0.556640625 0.35546875 0.037109375 0.02734375
1 0.693359375 0.6962890625 0.470703125 0.3251953125
1 0.5869140625 0.328125 0.029296875 0.0615234375
1 0.439453125 0.3291015625 0.021484375 0.0419921875
1 0.7119140625 0.4248046875 0.1357421875 0.216796875
1 0.2744140625 0.3486328125 0.0234375 0.0302734375
1 0.4482421875 0.404296875 0.1220703125 0.1416015625
1 0.3564453125 0.50390625 0.1748046875 0.1865234375
1 0.8623046875 0.4775390625 0.244140625 0.2666015625
1 0.763671875 0.3330078125 0.0517578125 0.099609375
1 0.5546875 0.4541015625 0.125 0.19140625
1 0.060546875 0.462890625 0.1142578125 0.1806640625
1 0.3125 0.3662109375 0.068359375 0.099609375
1 0.228515625 0.361328125 0.021484375 0.044921875
1 0.1806640625 0.3759765625 0.0703125 0.09765625
1 0.66796875 0.3232421875 0.033203125 0.05859375
1 0.9189453125 0.3232421875 0.025390625 0.05859375
1 0.3505859375 0.3349609375 0.013671875 0.0302734375
1 0.818359375 0.3427734375 0.068359375 0.1142578125
1 0.6171875 0.361328125 0.0595703125 0.0830078125
1 0.4931640625 0.33203125 0.029296875 0.046875
1 0.9755859375 0.341796875 0.0419921875 0.072265625
0 0.478515625 0.48046875 0.0419921875 0.0390625
1 0.9619140625 0.6943359375 0.076171875 0.283203125
1 0.849609375 0.345703125 0.025390625 0.0361328125
1 0.3681640625 0.3662109375 0.0205078125 0.0498046875
1 0.880859375 0.3447265625 0.068359375 0.0888671875
1 0.2490234375 0.37890625 0.0419921875 0.0634765625
0 0.529296875 0.5751953125 0.0859375 0.0498046875
0 0.4384765625 0.607421875 0.0546875 0.0419921875
1 0.6435546875 0.3232421875 0.0185546875 0.0419921875
0 0.69921875 0.48046875 0.044921875 0.0224609375
0 0.4013671875 0.4375 0.0341796875 0.0419921875
0 0.298828125 0.576171875 0.052734375 0.046875
0 0.6005859375 0.5537109375 0.0703125 0.05859375
1 0.99609375 0.3291015625 0.0078125 0.0419921875
0 0.16796875 0.9541015625 0.1826171875 0.0859375
1 0.66796875 0.37890625 0.029296875 0.0419921875
0 0.466796875 0.390625 0.0283203125 0.01953125
0 0.037109375 0.5478515625 0.07421875 0.052734375
1 0.462890625 0.341796875 0.0234375 0.0390625
1 0.5126953125 0.31640625 0.0126953125 0.0390625
0 0.494140625 0.4306640625 0.025390625 0.0166015625
0 0.189453125 0.4677734375 0.078125 0.05859375
0 0.607421875 0.3974609375 0.0205078125 0.0166015625
0 0.642578125 0.427734375 0.037109375 0.0224609375
0 0.8984375 0.6025390625 0.0625 0.0498046875
1 0.984375 0.4052734375 0.0283203125 0.0498046875
0 0.775390625 0.443359375 0.037109375 0.0361328125
2 0.7998046875 0.4306640625 0.03125 0.02734375
0 0.79296875 0.400390625 0.029296875 0.0166015625
1 0.3291015625 0.3525390625 0.0107421875 0.0224609375
0 0.021484375 0.599609375 0.0419921875 0.0498046875
1 0.0244140625 0.421875 0.0234375 0.044921875
1 0.767578125 0.337890625 0.015625 0.0302734375
2 0.611328125 0.4794921875 0.0234375 0.025390625
1 0.841796875 0.31640625 0.0126953125 0.033203125
2 0.9951171875 0.5419921875 0.009765625 0.0498046875
0 0.59375 0.455078125 0.0126953125 0.0224609375
0 0.3232421875 0.4169921875 0.0283203125 0.044921875