2 0.8349609375 0.927734375 0.1640625 0.0830078125
1 0.7353515625 0.3115234375 0.0234375 0.0224609375
1 0.0830078125 0.654296875 0.166015625 0.591796875
1 0.662109375 0.5986328125 0.380859375 0.5087890625
1 0.4560546875 0.404296875 0.0810546875 0.1474609375
1 0.888671875 0.330078125 0.0576171875 0.078125
1 0.244140625 0.3662109375 0.0498046875 0.0830078125
1 0.7666015625 0.330078125 0.0419921875 0.06640625
1 0.1728515625 0.40234375 0.111328125 0.1279296875
1 0.2822265625 0.3583984375 0.033203125 0.0830078125
1 0.384765625 0.4833984375 0.1044921875 0.1669921875
1 0.48828125 0.33984375 0.0205078125 0.046875
0 0.236328125 0.943359375 0.1591796875 0.1083984375
1 0.349609375 0.3740234375 0.0439453125 0.119140625
1 0.6376953125 0.318359375 0.0185546875 0.046875
1 0.3037109375 0.3232421875 0.017578125 0.01953125
1 0.177734375 0.3544921875 0.03125 0.0419921875
1 0.537109375 0.3837890625 0.099609375 0.138671875
1 0.7109375 0.3232421875 0.025390625 0.0419921875
1 0.931640625 0.330078125 0.0390625 0.0556640625
1 0.669921875 0.345703125 0.033203125 0.05859375
1 0.017578125 0.3828125 0.03515625 0.0390625
2 0.51953125 0.5927734375 0.029296875 0.046875
1 0.8359375 0.3291015625 0.0439453125 0.0751953125
0 0.380859375 0.9365234375 0.123046875 0.1162109375
1 0.412109375 0.3779296875 0.037109375 0.0830078125
1 0.9697265625 0.404296875 0.060546875 0.16015625
0 0.38671875 0.5732421875 0.0517578125 0.0419921875
1 0.5869140625 0.341796875 0.0419921875 0.072265625
0 0.4755859375 0.4833984375 0.0419921875 0.0390625
1 0.513671875 0.328125 0.0234375 0.044921875
0 0.4384765625 0.6083984375 0.0546875 0.0390625
1 0.357421875 0.328125 0.013671875 0.02734375
0 0.873046875 0.5947265625 0.076171875 0.06640625
1 0.326171875 0.380859375 0.0234375 0.0498046875
0 0.841796875 0.3779296875 0.0283203125 0.0166015625
1 0.462890625 0.330078125 0.0234375 0.0390625
1 0.3056640625 0.3486328125 0.0205078125 0.01953125
1 0.0302734375 0.447265625 0.060546875 0.10546875
1 0.318359375 0.3515625 0.0126953125 0.025390625
0 0.255859375 0.41015625 0.0234375 0.01953125
1 0.6123046875 0.322265625 0.025390625 0.044921875
1 0.6376953125 0.37890625 0.0751953125 0.169921875
0 0.2802734375 0.4287109375 0.0419921875 0.01953125
0 0.591796875 0.455078125 0.021484375 0.02734375
0 0.4296875 0.4677734375 0.0185546875 0.013671875
0 0.5751953125 0.3857421875 0.025390625 0.044921875
0 0.763671875 0.3623046875 0.0234375 0.01953125
0 0.6357421875 0.4404296875 0.0283203125 0.0419921875
2 0.4580078125 0.9541015625 0.025390625 0.0859375
0 0.46875 0.37890625 0.0126953125 0.025390625
0 0.5625 0.375 0.0126953125 0.0166015625
0 0.609375 0.388671875 0.0126953125 0.0224609375