0 0.833984375 0.927734375 0.166015625 0.0830078125
1 0.6552734375 0.5947265625 0.3857421875 0.5224609375
1 0.0791015625 0.654296875 0.1484375 0.580078125
1 0.642578125 0.31640625 0.013671875 0.02734375
2 0.517578125 0.591796875 0.0205078125 0.044921875
1 0.255859375 0.66796875 0.279296875 0.4580078125
1 0.4599609375 0.4111328125 0.0888671875 0.14453125
1 0.8310546875 0.306640625 0.0185546875 0.0302734375
1 0.2392578125 0.369140625 0.046875 0.078125
1 0.6630859375 0.3193359375 0.0205078125 0.0224609375
1 0.8564453125 0.4833984375 0.21875 0.2333984375
1 0.3642578125 0.484375 0.1279296875 0.1806640625
1 0.1748046875 0.392578125 0.09375 0.119140625
1 0.8876953125 0.34765625 0.0751953125 0.0947265625
1 0.3056640625 0.322265625 0.017578125 0.0166015625
1 0.4375 0.330078125 0.025390625 0.02734375
1 0.767578125 0.3291015625 0.044921875 0.0859375
0 0.212890625 0.927734375 0.2373046875 0.1337890625
1 0.9658203125 0.435546875 0.068359375 0.1953125
0 0.4755859375 0.48046875 0.0419921875 0.0390625
1 0.1865234375 0.349609375 0.0263671875 0.033203125
1 0.5859375 0.35546875 0.0498046875 0.1279296875
1 0.70703125 0.3232421875 0.0205078125 0.0419921875
1 0.349609375 0.3662109375 0.0439453125 0.1279296875
1 0.2822265625 0.3525390625 0.033203125 0.072265625
1 0.5185546875 0.3720703125 0.0498046875 0.1162109375
1 0.64453125 0.369140625 0.080078125 0.1279296875
0 0.380859375 0.94140625 0.1064453125 0.1162109375
0 0.8798828125 0.595703125 0.083984375 0.0634765625
1 0.8115234375 0.35546875 0.048828125 0.078125
0 0.439453125 0.611328125 0.052734375 0.044921875
0 0.380859375 0.5732421875 0.068359375 0.0419921875
1 0.4658203125 0.31640625 0.025390625 0.044921875
1 0.509765625 0.3037109375 0.0107421875 0.013671875
1 0.9951171875 0.3154296875 0.009765625 0.0361328125
1 0.912109375 0.326171875 0.0185546875 0.0361328125
1 0.306640625 0.3515625 0.0185546875 0.025390625
1 0.4921875 0.3193359375 0.0185546875 0.02734375
1 0.03125 0.455078125 0.0625 0.1279296875
0 0.42578125 0.466796875 0.0205078125 0.0224609375
1 0.4228515625 0.3720703125 0.0263671875 0.044921875
0 0.2548828125 0.41015625 0.021484375 0.01953125
1 0.0361328125 0.3876953125 0.021484375 0.025390625
0 0.591796875 0.455078125 0.021484375 0.02734375
0 0.1630859375 0.4375 0.033203125 0.01953125
1 0.86328125 0.3544921875 0.0205078125 0.025390625
1 0.943359375 0.69140625 0.111328125 0.2998046875
0 0.611328125 0.388671875 0.0185546875 0.0224609375
0 0.587890625 0.3662109375 0.0126953125 0.0166015625
1 0.4794921875 0.3232421875 0.0126953125 0.0302734375
2 0.291015625 0.4052734375 0.0107421875 0.02734375
1 0.59375 0.3388671875 0.0185546875 0.0224609375
0 0.279296875 0.4306640625 0.0439453125 0.0224609375
2 0.4599609375 0.955078125 0.0234375 0.0830078125