2 0.8056640625 0.8623046875 0.154296875 0.0751953125
1 0.6494140625 0.6357421875 0.388671875 0.35546875
1 0.275390625 0.693359375 0.373046875 0.48046875
1 0.71875 0.29296875 0.0185546875 0.0302734375
1 0.435546875 0.37890625 0.095703125 0.130859375
1 0.53515625 0.4541015625 0.173828125 0.169921875
1 0.20703125 0.390625 0.1171875 0.158203125
1 0.6943359375 0.380859375 0.107421875 0.1552734375
1 0.4375 0.3291015625 0.0185546875 0.0361328125
1 0.587890625 0.3125 0.0439453125 0.080078125
1 0.2734375 0.365234375 0.0625 0.0859375
1 0.4873046875 0.3212890625 0.0185546875 0.0361328125
1 0.322265625 0.330078125 0.048828125 0.0830078125
1 0.505859375 0.349609375 0.064453125 0.1337890625
1 0.83203125 0.3486328125 0.044921875 0.0693359375
1 0.8125 0.466796875 0.1875 0.2333984375
1 0.0859375 0.4638671875 0.1689453125 0.2275390625
1 0.7998046875 0.3095703125 0.0498046875 0.080078125
1 0.5 0.306640625 0.0185546875 0.046875
0 0.2158203125 0.927734375 0.2314453125 0.14453125
1 0.2431640625 0.341796875 0.0234375 0.044921875
1 0.9853515625 0.2958984375 0.0234375 0.0419921875
1 0.935546875 0.5654296875 0.126953125 0.4365234375
1 0.0751953125 0.3681640625 0.0439453125 0.05859375
1 0.5498046875 0.34765625 0.037109375 0.0830078125
0 0.423828125 0.4169921875 0.0234375 0.033203125
1 0.36328125 0.29296875 0.013671875 0.0302734375
1 0.3779296875 0.3359375 0.0185546875 0.0556640625
1 0.63671875 0.31640625 0.013671875 0.033203125
1 0.701171875 0.3056640625 0.025390625 0.0498046875
1 0.744140625 0.29296875 0.048828125 0.0693359375
0 0.4794921875 0.451171875 0.0439453125 0.0361328125
0 0.412109375 0.3984375 0.0263671875 0.0302734375
0 0.9111328125 0.5390625 0.0966796875 0.0498046875
0 0.443359375 0.568359375 0.0498046875 0.0361328125
0 0.3876953125 0.529296875 0.0625 0.052734375
1 0.650390625 0.29296875 0.0205078125 0.046875
1 0.888671875 0.31640625 0.056640625 0.0947265625
1 0.337890625 0.404296875 0.037109375 0.0751953125
1 0.986328125 0.3515625 0.0234375 0.0634765625
0 0.6826171875 0.443359375 0.0439453125 0.025390625
0 0.1875 0.4248046875 0.03125 0.0166015625
1 0.462890625 0.318359375 0.0205078125 0.0361328125
0 0.625 0.3818359375 0.037109375 0.025390625
0 0.4912109375 0.3984375 0.0263671875 0.01953125
1 0.685546875 0.33203125 0.021484375 0.0419921875
0 0.3037109375 0.3974609375 0.0234375 0.0166015625
1 0.1640625 0.388671875 0.015625 0.02734375
0 0.779296875 0.35546875 0.021484375 0.02734375
1 0.65625 0.3447265625 0.03125 0.044921875
0 0.4697265625 0.3623046875 0.017578125 0.01953125
0 0.755859375 0.408203125 0.03125 0.033203125
0 0.580078125 0.427734375 0.0283203125 0.033203125
0 0.314453125 0.462890625 0.021484375 0.025390625
2 0.3994140625 0.97265625 0.033203125 0.044921875
0 0.361328125 0.3525390625 0.021484375 0.02734375
2 0.529296875 0.5205078125 0.052734375 0.025390625
1 0.982421875 0.421875 0.029296875 0.10546875
1 0.9501953125 0.328125 0.0498046875 0.0498046875
0 0.609375 0.3544921875 0.021484375 0.025390625
0 0.5927734375 0.3740234375 0.033203125 0.0419921875
0 0.3662109375 0.904296875 0.138671875 0.19140625
0 0.580078125 0.3515625 0.015625 0.013671875
0 0.6357421875 0.423828125 0.037109375 0.0693359375
0 0.630859375 0.7763671875 0.158203125 0.025390625
0 0.21875 0.4443359375 0.0439453125 0.02734375
1 0.349609375 0.3017578125 0.0234375 0.0419921875
0 0.5341796875 0.5390625 0.021484375 0.0107421875
0 0.150390625 0.4306640625 0.013671875 0.0166015625
1 0.017578125 0.4541015625 0.0341796875 0.0361328125