2 0.8349609375 0.923828125 0.1640625 0.080078125
1 0.6552734375 0.6162109375 0.3984375 0.494140625
1 0.732421875 0.31640625 0.0205078125 0.033203125
1 0.6689453125 0.3193359375 0.0185546875 0.02734375
1 0.3671875 0.4931640625 0.166015625 0.1748046875
1 0.64453125 0.318359375 0.013671875 0.025390625
1 0.513671875 0.3857421875 0.0576171875 0.14453125
1 0.818359375 0.427734375 0.1376953125 0.2890625
1 0.6689453125 0.35546875 0.037109375 0.0556640625
1 0.2470703125 0.7587890625 0.400390625 0.4501953125
1 0.4560546875 0.3291015625 0.025390625 0.0361328125
1 0.716796875 0.3447265625 0.033203125 0.0615234375
1 0.28515625 0.341796875 0.0263671875 0.044921875
1 0.9443359375 0.4462890625 0.111328125 0.2138671875
1 0.767578125 0.31640625 0.0419921875 0.06640625
1 0.5625 0.3623046875 0.03125 0.0302734375
1 0.201171875 0.423828125 0.1064453125 0.2080078125
1 0.0751953125 0.4990234375 0.150390625 0.2412109375
1 0.0205078125 0.384765625 0.041015625 0.0419921875
1 0.505859375 0.3232421875 0.013671875 0.0302734375
1 0.287109375 0.4111328125 0.076171875 0.1669921875
1 0.892578125 0.31640625 0.0517578125 0.0830078125
0 0.478515625 0.4833984375 0.0419921875 0.0390625
1 0.576171875 0.330078125 0.03125 0.0615234375
1 0.4931640625 0.3427734375 0.0205078125 0.0361328125
1 0.220703125 0.3642578125 0.0283203125 0.0390625
1 0.9375 0.3447265625 0.037109375 0.0498046875
1 0.62890625 0.3427734375 0.060546875 0.0751953125
1 0.75 0.3740234375 0.0439453125 0.0693359375
1 0.8681640625 0.384765625 0.044921875 0.080078125
1 0.9560546875 0.6904296875 0.087890625 0.302734375
0 0.51953125 0.5791015625 0.1044921875 0.05859375
1 0.3505859375 0.3662109375 0.0419921875 0.099609375
1 0.9775390625 0.36328125 0.044921875 0.0625
0 0.3779296875 0.5791015625 0.0595703125 0.0419921875
0 0.41796875 0.453125 0.0205078125 0.0390625
0 0.439453125 0.6083984375 0.052734375 0.0390625
0 0.400390625 0.427734375 0.033203125 0.0224609375
1 0.904296875 0.380859375 0.037109375 0.0556640625
1 0.3037109375 0.3447265625 0.013671875 0.02734375
0 0.48828125 0.4306640625 0.033203125 0.0166015625
0 0.25 0.4169921875 0.025390625 0.0224609375
1 0.6005859375 0.3251953125 0.017578125 0.033203125
1 0.8564453125 0.330078125 0.0185546875 0.0390625
1 0.1435546875 0.412109375 0.0185546875 0.0419921875
1 0.2490234375 0.380859375 0.0263671875 0.0390625
0 0.6064453125 0.4697265625 0.025390625 0.0166015625
1 0.509765625 0.3037109375 0.013671875 0.01953125
0 0.30078125 0.494140625 0.0234375 0.0224609375
1 0.2666015625 0.357421875 0.017578125 0.025390625
0 0.6552734375 0.818359375 0.0830078125 0.025390625
0 0.6279296875 0.423828125 0.025390625 0.01953125
0 0.5927734375 0.3779296875 0.013671875 0.0166015625
0 0.91796875 0.4072265625 0.0205078125 0.013671875
2 0.0185546875 0.9541015625 0.037109375 0.0859375
0 0.603515625 0.412109375 0.017578125 0.025390625
0 0.9375 0.380859375 0.0185546875 0.0390625
0 0.61328125 0.3818359375 0.017578125 0.025390625
0 0.59375 0.4541015625 0.0126953125 0.025390625
0 0.2802734375 0.4306640625 0.0361328125 0.0224609375