2 0.8349609375 0.927734375 0.1640625 0.0830078125
1 0.6630859375 0.5947265625 0.3798828125 0.5224609375
1 0.255859375 0.712890625 0.443359375 0.4697265625
1 0.4677734375 0.3427734375 0.044921875 0.09765625
1 0.4384765625 0.318359375 0.0234375 0.025390625
1 0.244140625 0.3662109375 0.0517578125 0.0830078125
1 0.6669921875 0.328125 0.03125 0.033203125
2 0.51953125 0.591796875 0.0263671875 0.044921875
1 0.736328125 0.318359375 0.021484375 0.0419921875
1 0.7685546875 0.3291015625 0.037109375 0.0693359375
1 0.888671875 0.328125 0.0595703125 0.078125
1 0.712890625 0.3232421875 0.025390625 0.0302734375
1 0.310546875 0.37109375 0.056640625 0.1083984375
1 0.3857421875 0.486328125 0.1064453125 0.1669921875
1 0.5791015625 0.3388671875 0.044921875 0.072265625
1 0.181640625 0.380859375 0.1044921875 0.1337890625
0 0.2373046875 0.94140625 0.15625 0.111328125
1 0.349609375 0.3720703125 0.0439453125 0.1162109375
1 0.734375 0.361328125 0.037109375 0.06640625
1 0.08203125 0.50390625 0.1640625 0.26953125
1 0.8359375 0.3291015625 0.041015625 0.0751953125
1 0.408203125 0.3662109375 0.041015625 0.0888671875
1 0.494140625 0.318359375 0.0185546875 0.046875
0 0.380859375 0.9384765625 0.119140625 0.1220703125
1 0.5126953125 0.30859375 0.0185546875 0.02734375
1 0.931640625 0.33203125 0.0390625 0.0634765625
1 0.63671875 0.328125 0.0205078125 0.0498046875
0 0.38671875 0.5732421875 0.0517578125 0.0419921875
1 0.0244140625 0.400390625 0.048828125 0.06640625
0 0.4755859375 0.482421875 0.0419921875 0.0361328125
0 0.4384765625 0.607421875 0.0546875 0.0419921875
1 0.35546875 0.328125 0.013671875 0.02734375
1 0.2802734375 0.3525390625 0.017578125 0.02734375
0 0.8671875 0.5927734375 0.087890625 0.0693359375
1 0.9736328125 0.3544921875 0.052734375 0.060546875
1 0.6103515625 0.3232421875 0.0205078125 0.0419921875
1 0.9375 0.455078125 0.119140625 0.2275390625
0 0.849609375 0.375 0.0361328125 0.0166015625
1 0.5126953125 0.35546875 0.037109375 0.0947265625
1 0.306640625 0.35546875 0.0185546875 0.02734375
0 0.2548828125 0.41015625 0.025390625 0.01953125
0 0.1884765625 0.466796875 0.080078125 0.0556640625
0 0.224609375 0.3857421875 0.025390625 0.0166015625
0 0.2802734375 0.4306640625 0.0419921875 0.0224609375
1 0.3193359375 0.349609375 0.0107421875 0.0166015625
0 0.767578125 0.453125 0.029296875 0.0390625
1 0.142578125 0.4169921875 0.0263671875 0.033203125
0 0.591796875 0.455078125 0.021484375 0.02734375
0 0.5791015625 0.3837890625 0.0263671875 0.0390625
0 0.76171875 0.37890625 0.029296875 0.046875
0 0.943359375 0.3740234375 0.0126953125 0.0302734375
0 0.6064453125 0.3974609375 0.0185546875 0.0166015625
0 0.4287109375 0.4677734375 0.017578125 0.013671875
2 0.4580078125 0.9541015625 0.025390625 0.0859375
0 0.123046875 0.453125 0.0595703125 0.0390625