2 0.8349609375 0.9267578125 0.1669921875 0.0859375
1 0.681640625 0.6552734375 0.4501953125 0.421875
1 0.2626953125 0.7392578125 0.40625 0.5107421875
1 0.6474609375 0.3125 0.017578125 0.01953125
0 0.2373046875 0.94140625 0.150390625 0.099609375
1 0.5517578125 0.46484375 0.1591796875 0.1865234375
1 0.48828125 0.345703125 0.0234375 0.046875
1 0.423828125 0.3330078125 0.029296875 0.033203125
1 0.82421875 0.455078125 0.158203125 0.216796875
1 0.462890625 0.33984375 0.048828125 0.0859375
1 0.724609375 0.392578125 0.111328125 0.119140625
1 0.384765625 0.4794921875 0.130859375 0.1748046875
1 0.1845703125 0.4287109375 0.134765625 0.1865234375
1 0.763671875 0.3212890625 0.0517578125 0.0751953125
1 0.298828125 0.3291015625 0.0126953125 0.025390625
1 0.505859375 0.3291015625 0.0126953125 0.0302734375
1 0.6689453125 0.3193359375 0.0439453125 0.072265625
1 0.275390625 0.33203125 0.025390625 0.0419921875
1 0.912109375 0.3525390625 0.068359375 0.0947265625
1 0.2705078125 0.3779296875 0.03125 0.0615234375
1 0.353515625 0.33984375 0.0361328125 0.05859375
1 0.228515625 0.3486328125 0.0361328125 0.05859375
1 0.3076171875 0.388671875 0.0654296875 0.1220703125
1 0.068359375 0.5087890625 0.1357421875 0.2607421875
1 0.8203125 0.330078125 0.068359375 0.078125
1 0.58203125 0.341796875 0.0390625 0.072265625
1 0.029296875 0.3984375 0.0517578125 0.05859375
1 0.712890625 0.3427734375 0.029296875 0.052734375
0 0.3857421875 0.5791015625 0.072265625 0.0419921875
0 0.478515625 0.4833984375 0.0439453125 0.0390625
0 0.439453125 0.6083984375 0.052734375 0.0390625
0 0.9404296875 0.580078125 0.1064453125 0.0498046875
1 0.9609375 0.716796875 0.078125 0.25
0 0.5224609375 0.58203125 0.095703125 0.0634765625
0 0.392578125 0.9306640625 0.1435546875 0.138671875
0 0.642578125 0.427734375 0.0439453125 0.0224609375
0 0.798828125 0.37890625 0.033203125 0.013671875
1 0.625 0.3623046875 0.0439453125 0.0693359375
1 0.1923828125 0.3662109375 0.03125 0.0390625
0 0.4658203125 0.390625 0.037109375 0.025390625
0 0.4248046875 0.4677734375 0.025390625 0.01953125
0 0.8388671875 0.3759765625 0.021484375 0.013671875
0 0.4912109375 0.4287109375 0.0234375 0.01953125
0 0.2001953125 0.4912109375 0.0498046875 0.02734375
1 0.310546875 0.3544921875 0.0205078125 0.025390625
1 0.6865234375 0.330078125 0.013671875 0.0166015625
1 0.607421875 0.3427734375 0.013671875 0.025390625
1 0.548828125 0.3662109375 0.03125 0.0498046875
0 0.330078125 0.404296875 0.029296875 0.013671875
1 0.669921875 0.3740234375 0.029296875 0.0419921875
0 0.224609375 0.384765625 0.025390625 0.0302734375
0 0.412109375 0.4287109375 0.013671875 0.01953125
0 0.234375 0.4052734375 0.021484375 0.0224609375
0 0.9814453125 0.5458984375 0.037109375 0.046875
1 0.7255859375 0.3193359375 0.013671875 0.0224609375
0 0.85546875 0.35546875 0.0205078125 0.0224609375
1 0.3623046875 0.392578125 0.037109375 0.0751953125
0 0.279296875 0.4306640625 0.041015625 0.0224609375
0 0.76953125 0.3759765625 0.0205078125 0.0361328125
0 0.337890625 0.4482421875 0.037109375 0.0302734375
1 0.3330078125 0.3515625 0.0185546875 0.025390625
1 0.5947265625 0.3232421875 0.0107421875 0.01953125
0 0.9609375 0.349609375 0.0283203125 0.0166015625
0 0.6044921875 0.39453125 0.037109375 0.0166015625