2 0.833984375 0.927734375 0.166015625 0.0830078125
1 0.673828125 0.6669921875 0.431640625 0.3837890625
1 0.3818359375 0.466796875 0.1455078125 0.22265625
1 0.0751953125 0.6279296875 0.1435546875 0.5224609375
1 0.8193359375 0.47265625 0.154296875 0.255859375
1 0.552734375 0.46484375 0.134765625 0.1748046875
1 0.462890625 0.341796875 0.0419921875 0.078125
1 0.505859375 0.33203125 0.0185546875 0.052734375
1 0.6689453125 0.318359375 0.0185546875 0.0302734375
1 0.6474609375 0.318359375 0.017578125 0.0302734375
1 0.189453125 0.4384765625 0.119140625 0.2109375
1 0.4306640625 0.322265625 0.0234375 0.033203125
1 0.3564453125 0.337890625 0.0439453125 0.0693359375
1 0.177734375 0.3544921875 0.03125 0.0419921875
1 0.9423828125 0.4541015625 0.115234375 0.236328125
1 0.6279296875 0.345703125 0.0439453125 0.0751953125
1 0.2822265625 0.337890625 0.0205078125 0.0302734375
1 0.7197265625 0.3232421875 0.048828125 0.080078125
0 0.2099609375 0.9306640625 0.251953125 0.1337890625
1 0.287109375 0.4072265625 0.0859375 0.19140625
1 0.7001953125 0.4052734375 0.1064453125 0.1552734375
1 0.767578125 0.318359375 0.033203125 0.0634765625
1 0.58203125 0.330078125 0.029296875 0.0615234375
1 0.23046875 0.35546875 0.0390625 0.072265625
1 0.8056640625 0.33203125 0.0517578125 0.091796875
1 0.3251953125 0.341796875 0.0185546875 0.02734375
1 0.83203125 0.3134765625 0.017578125 0.0390625
1 0.880859375 0.361328125 0.0576171875 0.1337890625
0 0.8857421875 0.6015625 0.171875 0.0751953125
1 0.03125 0.392578125 0.0439453125 0.0634765625
1 0.9560546875 0.71484375 0.087890625 0.2529296875
0 0.380859375 0.9423828125 0.09375 0.115234375
0 0.4814453125 0.482421875 0.0498046875 0.0361328125
1 0.494140625 0.318359375 0.0185546875 0.0361328125
0 0.4384765625 0.6083984375 0.0546875 0.0390625
1 0.9814453125 0.357421875 0.037109375 0.046875
1 0.3251953125 0.37109375 0.03125 0.05859375
0 0.5205078125 0.5751953125 0.109375 0.0556640625
0 0.462890625 0.3916015625 0.0390625 0.02734375
0 0.373046875 0.5888671875 0.0673828125 0.02734375
0 0.794921875 0.37890625 0.0263671875 0.01953125
0 0.4873046875 0.4287109375 0.025390625 0.01953125
0 0.0126953125 0.4970703125 0.025390625 0.033203125
0 0.8955078125 0.4541015625 0.03125 0.013671875
0 0.642578125 0.4306640625 0.046875 0.0224609375
0 0.611328125 0.39453125 0.025390625 0.0224609375
0 0.041015625 0.546875 0.0810546875 0.0556640625
0 0.0439453125 0.5947265625 0.087890625 0.06640625
0 0.701171875 0.4794921875 0.0390625 0.01953125
1 0.3046875 0.3447265625 0.0185546875 0.02734375
0 0.798828125 0.4052734375 0.0498046875 0.0498046875
1 0.1328125 0.419921875 0.0185546875 0.0224609375
0 0.7724609375 0.361328125 0.013671875 0.033203125
0 0.9375 0.3544921875 0.056640625 0.025390625
0 0.3291015625 0.4052734375 0.0234375 0.0166015625
0 0.3564453125 0.4052734375 0.025390625 0.0390625
0 0.73828125 0.8330078125 0.064453125 0.0390625
0 0.279296875 0.423828125 0.037109375 0.0302734375
1 0.853515625 0.3330078125 0.0263671875 0.033203125