2 0.8349609375 0.923828125 0.1640625 0.080078125
1 0.681640625 0.673828125 0.443359375 0.369140625
1 0.8701171875 0.4599609375 0.240234375 0.30859375
1 0.26171875 0.72265625 0.388671875 0.4169921875
1 0.3681640625 0.4912109375 0.154296875 0.18359375
1 0.5380859375 0.4580078125 0.158203125 0.2001953125
1 0.4375 0.3291015625 0.0185546875 0.0302734375
1 0.806640625 0.330078125 0.0625 0.10546875
1 0.64453125 0.31640625 0.013671875 0.02734375
1 0.2060546875 0.4482421875 0.130859375 0.23046875
1 0.767578125 0.3154296875 0.037109375 0.05859375
1 0.462890625 0.3427734375 0.0361328125 0.0693359375
1 0.9130859375 0.3427734375 0.033203125 0.091796875
1 0.080078125 0.3974609375 0.0908203125 0.1337890625
1 0.7119140625 0.380859375 0.1044921875 0.205078125
1 0.5302734375 0.341796875 0.0205078125 0.0498046875
1 0.216796875 0.3544921875 0.0341796875 0.046875
1 0.6630859375 0.322265625 0.0361328125 0.0556640625
1 0.41015625 0.3662109375 0.048828125 0.0888671875
1 0.8310546875 0.3154296875 0.0185546875 0.0361328125
1 0.275390625 0.3525390625 0.025390625 0.044921875
1 0.56640625 0.375 0.0361328125 0.0498046875
1 0.5849609375 0.3154296875 0.013671875 0.0302734375
1 0.57421875 0.337890625 0.0205078125 0.0302734375
1 0.294921875 0.3349609375 0.017578125 0.0302734375
1 0.4931640625 0.33984375 0.0205078125 0.046875
1 0.599609375 0.341796875 0.056640625 0.099609375
1 0.1806640625 0.3486328125 0.033203125 0.05859375
0 0.193359375 0.927734375 0.248046875 0.1337890625
1 0.955078125 0.69140625 0.0859375 0.283203125
0 0.869140625 0.6025390625 0.125 0.0830078125
1 0.3447265625 0.3837890625 0.0546875 0.138671875
0 0.5380859375 0.5751953125 0.1201171875 0.0556640625
0 0.474609375 0.48046875 0.0361328125 0.0390625
0 0.3740234375 0.5849609375 0.0732421875 0.0302734375
0 0.439453125 0.607421875 0.052734375 0.0419921875
1 0.943359375 0.349609375 0.033203125 0.044921875
1 0.3681640625 0.357421875 0.0205078125 0.046875
1 0.017578125 0.41796875 0.03515625 0.0859375
1 0.1318359375 0.41796875 0.013671875 0.0302734375
0 0.712890625 0.470703125 0.068359375 0.0361328125
1 0.63671875 0.365234375 0.0234375 0.025390625
0 0.642578125 0.427734375 0.037109375 0.0224609375
0 0.4189453125 0.453125 0.0185546875 0.033203125
0 0.798828125 0.3779296875 0.0205078125 0.0107421875
0 0.5888671875 0.37890625 0.015625 0.01953125
1 0.509765625 0.302734375 0.0107421875 0.0107421875
1 0.3134765625 0.341796875 0.0234375 0.0390625
0 0.591796875 0.455078125 0.0185546875 0.0224609375
0 0.6064453125 0.3974609375 0.0185546875 0.0166015625
0 0.462890625 0.3876953125 0.025390625 0.01953125
0 0.044921875 0.5615234375 0.0888671875 0.1337890625
0 0.609375 0.4736328125 0.021484375 0.01953125
0 0.412109375 0.4287109375 0.017578125 0.01953125
0 0.294921875 0.56640625 0.048828125 0.02734375
0 0.2822265625 0.4287109375 0.044921875 0.025390625
0 0.494140625 0.4287109375 0.0205078125 0.01953125
1 0.244140625 0.392578125 0.029296875 0.0419921875
0 0.9111328125 0.4072265625 0.021484375 0.013671875
0 0.017578125 0.4794921875 0.03515625 0.044921875
1 0.634765625 0.3955078125 0.0673828125 0.05859375
0 0.30078125 0.49609375 0.0205078125 0.025390625
0 0.931640625 0.3837890625 0.025390625 0.0390625
1 0.9853515625 0.4912109375 0.0263671875 0.0830078125
1 0.6005859375 0.31640625 0.013671875 0.02734375
1 0.0478515625 0.4169921875 0.0234375 0.0390625
0 0.767578125 0.443359375 0.0185546875 0.0302734375
0 0.8134765625 0.400390625 0.0361328125 0.044921875
2 0.8115234375 0.3662109375 0.013671875 0.0166015625