2 0.8056640625 0.8623046875 0.1513671875 0.0751953125
1 0.662109375 0.6259765625 0.3984375 0.34765625
1 0.375 0.4541015625 0.1435546875 0.1865234375
1 0.2412109375 0.7177734375 0.4423828125 0.552734375
1 0.7119140625 0.2919921875 0.0205078125 0.0390625
1 0.7041015625 0.3779296875 0.1328125 0.177734375
1 0.5478515625 0.451171875 0.185546875 0.1748046875
1 0.4384765625 0.3095703125 0.017578125 0.01953125
1 0.505859375 0.3427734375 0.0625 0.119140625
1 0.201171875 0.384765625 0.095703125 0.158203125
1 0.7509765625 0.2861328125 0.0361328125 0.06640625
1 0.8173828125 0.443359375 0.146484375 0.23046875
1 0.6484375 0.3037109375 0.0439453125 0.0634765625
1 0.087890625 0.453125 0.162109375 0.25
1 0.4326171875 0.341796875 0.0751953125 0.0947265625
1 0.931640625 0.4306640625 0.1328125 0.2001953125
1 0.95703125 0.3154296875 0.076171875 0.080078125
1 0.7998046875 0.294921875 0.025390625 0.0556640625
1 0.259765625 0.361328125 0.0390625 0.06640625
1 0.25 0.3212890625 0.025390625 0.0361328125
1 0.587890625 0.3154296875 0.0439453125 0.080078125
1 0.2939453125 0.3134765625 0.0185546875 0.0390625
1 0.4990234375 0.3056640625 0.017578125 0.0390625
1 0.3193359375 0.337890625 0.0517578125 0.0751953125
1 0.5498046875 0.341796875 0.037109375 0.078125
1 0.6875 0.3251953125 0.03125 0.0556640625
0 0.8681640625 0.548828125 0.091796875 0.0419921875
1 0.466796875 0.318359375 0.025390625 0.046875
0 0.2431640625 0.927734375 0.1298828125 0.138671875
0 0.443359375 0.568359375 0.0498046875 0.0361328125
0 0.392578125 0.5458984375 0.0546875 0.025390625
1 0.3564453125 0.330078125 0.037109375 0.06640625
0 0.41796875 0.39453125 0.013671875 0.0224609375
1 0.375 0.3291015625 0.0185546875 0.0302734375
1 0.875 0.3154296875 0.056640625 0.091796875
0 0.4619140625 0.4462890625 0.060546875 0.0361328125
0 0.529296875 0.54296875 0.09375 0.0361328125
1 0.306640625 0.3095703125 0.0126953125 0.01953125
1 0.65625 0.34765625 0.03125 0.0556640625
0 0.4931640625 0.40234375 0.0205078125 0.0166015625
0 0.470703125 0.359375 0.021484375 0.01953125
0 0.9306640625 0.359375 0.0263671875 0.0302734375
0 0.958984375 0.5322265625 0.037109375 0.01953125
0 0.630859375 0.392578125 0.037109375 0.01953125
0 0.6806640625 0.451171875 0.0390625 0.0361328125
0 0.3125 0.46484375 0.0185546875 0.025390625
0 0.3046875 0.39453125 0.021484375 0.0166015625
0 0.58203125 0.345703125 0.013671875 0.013671875
0 0.7568359375 0.345703125 0.013671875 0.046875
1 0.2265625 0.357421875 0.0283203125 0.0419921875
1 0.3681640625 0.380859375 0.013671875 0.033203125
1 0.619140625 0.29296875 0.03125 0.0361328125
1 0.154296875 0.3916015625 0.015625 0.0224609375
1 0.7841796875 0.35546875 0.0439453125 0.06640625
0 0.16796875 0.4287109375 0.0205078125 0.025390625
0 0.603515625 0.380859375 0.029296875 0.0498046875
2 0.384765625 0.52734375 0.013671875 0.033203125
0 0.431640625 0.4306640625 0.0185546875 0.0166015625