2 0.8056640625 0.8623046875 0.154296875 0.0751953125
1 0.2744140625 0.6806640625 0.3515625 0.4443359375
1 0.5439453125 0.4482421875 0.162109375 0.158203125
1 0.3818359375 0.4482421875 0.1171875 0.169921875
1 0.822265625 0.453125 0.220703125 0.22265625
1 0.65625 0.6484375 0.400390625 0.30859375
1 0.755859375 0.2734375 0.025390625 0.0302734375
1 0.25 0.3359375 0.025390625 0.044921875
1 0.69140625 0.392578125 0.1171875 0.158203125
1 0.0947265625 0.470703125 0.1796875 0.236328125
1 0.296875 0.3056640625 0.0185546875 0.033203125
1 0.4931640625 0.3427734375 0.0673828125 0.1083984375
1 0.8134765625 0.2919921875 0.013671875 0.033203125
1 0.208984375 0.3427734375 0.0654296875 0.091796875
1 0.662109375 0.298828125 0.0439453125 0.05859375
1 0.873046875 0.35546875 0.048828125 0.072265625
1 0.6142578125 0.3056640625 0.0625 0.0830078125
1 0.3076171875 0.3779296875 0.0751953125 0.138671875
1 0.943359375 0.3876953125 0.1064453125 0.2080078125
1 0.7119140625 0.3056640625 0.0263671875 0.0498046875
1 0.9755859375 0.3056640625 0.0205078125 0.044921875
1 0.744140625 0.328125 0.0439453125 0.078125
1 0.7880859375 0.3056640625 0.0576171875 0.078125
1 0.0634765625 0.359375 0.0263671875 0.01953125
1 0.3798828125 0.33984375 0.0185546875 0.052734375
1 0.892578125 0.298828125 0.033203125 0.05859375
0 0.4755859375 0.451171875 0.0361328125 0.0361328125
0 0.4130859375 0.4072265625 0.0263671875 0.0419921875
1 0.494140625 0.3037109375 0.017578125 0.0361328125
0 0.86328125 0.5654296875 0.080078125 0.0419921875
0 0.548828125 0.529296875 0.1298828125 0.046875
1 0.091796875 0.3857421875 0.064453125 0.06640625
0 0.443359375 0.56640625 0.0517578125 0.0390625
1 0.853515625 0.3037109375 0.0419921875 0.0634765625
0 0.4697265625 0.3583984375 0.0234375 0.0166015625
0 0.69140625 0.44140625 0.0390625 0.0390625
1 0.654296875 0.345703125 0.0283203125 0.046875
1 0.431640625 0.3388671875 0.033203125 0.072265625
1 0.5556640625 0.3427734375 0.0361328125 0.05859375
1 0.580078125 0.328125 0.0205078125 0.044921875
1 0.525390625 0.318359375 0.025390625 0.046875
0 0.6298828125 0.392578125 0.03125 0.01953125
0 0.35546875 0.345703125 0.029296875 0.025390625
0 0.20703125 0.431640625 0.0732421875 0.052734375
0 0.494140625 0.3984375 0.0205078125 0.01953125
0 0.375 0.892578125 0.1376953125 0.2138671875
0 0.755859375 0.404296875 0.0263671875 0.025390625
1 0.6865234375 0.330078125 0.029296875 0.0390625
0 0.580078125 0.3515625 0.0185546875 0.013671875
0 0.779296875 0.3447265625 0.021484375 0.0166015625
0 0.0126953125 0.4736328125 0.025390625 0.0302734375
0 0.607421875 0.35546875 0.0263671875 0.02734375
1 0.9814453125 0.4208984375 0.03125 0.05859375
0 0.5849609375 0.427734375 0.017578125 0.0390625
0 0.29296875 0.39453125 0.033203125 0.0224609375
1 0.3193359375 0.3115234375 0.0107421875 0.0166015625
1 0.341796875 0.4169921875 0.0185546875 0.0615234375
0 0.15625 0.4287109375 0.0185546875 0.01953125
0 0.2978515625 0.9326171875 0.037109375 0.134765625
1 0.361328125 0.318359375 0.013671875 0.01953125
1 0.9169921875 0.33984375 0.0283203125 0.052734375
0 0.330078125 0.3740234375 0.029296875 0.01953125
1 0.83203125 0.341796875 0.0361328125 0.0498046875
0 0.64453125 0.37890625 0.029296875 0.025390625
0 0.7978515625 0.337890625 0.013671875 0.01953125
0 0.3935546875 0.5419921875 0.0126953125 0.033203125