2 0.8056640625 0.8623046875 0.1513671875 0.0751953125
1 0.2626953125 0.703125 0.369140625 0.505859375
1 0.5341796875 0.44140625 0.15625 0.1669921875
1 0.8310546875 0.443359375 0.193359375 0.2412109375
1 0.380859375 0.4501953125 0.1171875 0.1552734375
1 0.205078125 0.3779296875 0.111328125 0.150390625
1 0.48828125 0.318359375 0.0205078125 0.0361328125
1 0.662109375 0.6416015625 0.4189453125 0.31640625
1 0.8154296875 0.279296875 0.021484375 0.0302734375
1 0.4375 0.3212890625 0.0185546875 0.025390625
1 0.697265625 0.3984375 0.1171875 0.19140625
1 0.26953125 0.35546875 0.033203125 0.0556640625
1 0.294921875 0.31640625 0.0234375 0.033203125
1 0.5927734375 0.318359375 0.048828125 0.0751953125
1 0.46875 0.3291015625 0.037109375 0.05859375
1 0.8251953125 0.31640625 0.0498046875 0.0498046875
1 0.4130859375 0.3515625 0.0517578125 0.0751953125
1 0.091796875 0.462890625 0.1767578125 0.2080078125
1 0.962890625 0.31640625 0.064453125 0.078125
1 0.306640625 0.2998046875 0.0126953125 0.0166015625
1 0.8876953125 0.322265625 0.068359375 0.10546875
1 0.662109375 0.3056640625 0.0498046875 0.06640625
1 0.240234375 0.3359375 0.0283203125 0.044921875
1 0.712890625 0.2900390625 0.0185546875 0.0361328125
0 0.380859375 0.53515625 0.056640625 0.0419921875
1 0.4990234375 0.2958984375 0.013671875 0.025390625
1 0.3173828125 0.318359375 0.021484375 0.0361328125
1 0.6279296875 0.3154296875 0.0283203125 0.05859375
1 0.7861328125 0.31640625 0.052734375 0.0947265625
0 0.474609375 0.451171875 0.037109375 0.0361328125
0 0.4228515625 0.41796875 0.029296875 0.0361328125
0 0.412109375 0.39453125 0.0234375 0.0224609375
0 0.541015625 0.5361328125 0.1123046875 0.044921875
0 0.443359375 0.568359375 0.0517578125 0.0361328125
1 0.7568359375 0.279296875 0.0234375 0.0361328125
1 0.517578125 0.3359375 0.060546875 0.1162109375
0 0.70703125 0.44140625 0.048828125 0.033203125
0 0.912109375 0.5390625 0.0830078125 0.0390625
0 0.4912109375 0.400390625 0.0234375 0.0166015625
0 0.35546875 0.3486328125 0.0205078125 0.01953125
1 0.07421875 0.3642578125 0.044921875 0.0615234375
1 0.3349609375 0.3486328125 0.0263671875 0.052734375
0 0.576171875 0.345703125 0.021484375 0.013671875
1 0.9619140625 0.43359375 0.076171875 0.2001953125
0 0.880859375 0.3779296875 0.0439453125 0.0224609375
0 0.4736328125 0.361328125 0.025390625 0.0166015625
1 0.755859375 0.3095703125 0.0205078125 0.0302734375
0 0.201171875 0.421875 0.0546875 0.033203125
0 0.275390625 0.3916015625 0.0419921875 0.02734375
0 0.154296875 0.4287109375 0.0185546875 0.01953125
0 0.63671875 0.392578125 0.033203125 0.025390625
0 0.849609375 0.341796875 0.017578125 0.0107421875
1 0.15625 0.572265625 0.0625 0.10546875
0 0.31640625 0.345703125 0.017578125 0.0361328125
0 0.0126953125 0.48046875 0.025390625 0.0390625
0 0.849609375 0.56640625 0.0419921875 0.0224609375
0 0.9755859375 0.3544921875 0.0205078125 0.01953125
0 0.607421875 0.3544921875 0.013671875 0.025390625
0 0.220703125 0.4443359375 0.041015625 0.02734375
0 0.5869140625 0.4267578125 0.013671875 0.0361328125
1 0.8564453125 0.3115234375 0.0185546875 0.044921875
0 0.3134765625 0.466796875 0.0234375 0.02734375
0 0.6064453125 0.4013671875 0.037109375 0.046875
1 0.375 0.318359375 0.0126953125 0.01953125