2 0.806640625 0.8623046875 0.150390625 0.0751953125
1 0.6669921875 0.59765625 0.4091796875 0.39453125
1 0.3818359375 0.4541015625 0.1298828125 0.19140625
1 0.4658203125 0.3154296875 0.046875 0.1025390625
1 0.2822265625 0.705078125 0.392578125 0.4892578125
1 0.70703125 0.3642578125 0.123046875 0.1279296875
1 0.2509765625 0.31640625 0.0234375 0.033203125
1 0.505859375 0.34765625 0.0625 0.1337890625
1 0.6201171875 0.318359375 0.046875 0.0751953125
1 0.294921875 0.3154296875 0.0234375 0.0361328125
1 0.9365234375 0.41796875 0.123046875 0.2197265625
1 0.2001953125 0.3955078125 0.1123046875 0.1748046875
1 0.6552734375 0.3056640625 0.0361328125 0.06640625
1 0.0810546875 0.470703125 0.162109375 0.2587890625
1 0.75390625 0.2919921875 0.0390625 0.0615234375
1 0.5751953125 0.3037109375 0.03125 0.046875
1 0.3251953125 0.3359375 0.0439453125 0.06640625
1 0.8369140625 0.3359375 0.048828125 0.06640625
1 0.693359375 0.322265625 0.025390625 0.044921875
1 0.36328125 0.30859375 0.013671875 0.02734375
1 0.716796875 0.29296875 0.0234375 0.0361328125
0 0.4794921875 0.451171875 0.041015625 0.0361328125
1 0.455078125 0.298828125 0.0126953125 0.0302734375
1 0.412109375 0.3486328125 0.033203125 0.0693359375
0 0.869140625 0.54296875 0.080078125 0.05859375
1 0.8115234375 0.2900390625 0.0234375 0.0419921875
1 0.494140625 0.30859375 0.0185546875 0.0390625
1 0.255859375 0.3681640625 0.029296875 0.046875
1 0.548828125 0.3544921875 0.0390625 0.080078125
0 0.423828125 0.41796875 0.0205078125 0.0361328125
1 0.375 0.330078125 0.0185546875 0.0498046875
1 0.599609375 0.3037109375 0.017578125 0.0302734375
1 0.9619140625 0.3056640625 0.0205078125 0.0556640625
0 0.443359375 0.568359375 0.0517578125 0.0361328125
1 0.8671875 0.2919921875 0.0341796875 0.0615234375
1 0.20703125 0.3349609375 0.0361328125 0.0302734375
1 0.900390625 0.3134765625 0.0498046875 0.078125
1 0.0810546875 0.35546875 0.037109375 0.0498046875
0 0.412109375 0.3955078125 0.025390625 0.025390625
0 0.494140625 0.54296875 0.0390625 0.0361328125
1 0.287109375 0.361328125 0.037109375 0.0556640625
2 0.5244140625 0.5498046875 0.0263671875 0.044921875
0 0.3857421875 0.544921875 0.052734375 0.02734375
0 0.4931640625 0.3984375 0.0263671875 0.01953125
1 0.78125 0.306640625 0.03125 0.0419921875
1 0.986328125 0.48046875 0.0234375 0.0947265625
1 0.310546875 0.3115234375 0.017578125 0.0224609375
2 0.3984375 0.95703125 0.037109375 0.0751953125
1 0.330078125 0.3251953125 0.0126953125 0.0166015625
0 0.29296875 0.39453125 0.048828125 0.02734375
0 0.7392578125 0.4052734375 0.0341796875 0.044921875
1 0.919921875 0.3134765625 0.017578125 0.02734375
0 0.607421875 0.35546875 0.017578125 0.0224609375
1 0.580078125 0.35546875 0.033203125 0.033203125
0 0.4697265625 0.365234375 0.0205078125 0.01953125
0 0.630859375 0.4140625 0.03125 0.0498046875
0 0.9306640625 0.35546875 0.0361328125 0.02734375
2 0.962890625 0.4541015625 0.037109375 0.01953125
0 0.01171875 0.48046875 0.0234375 0.044921875
0 0.4423828125 0.4404296875 0.037109375 0.025390625
0 0.357421875 0.3515625 0.0234375 0.025390625
0 0.75390625 0.34765625 0.017578125 0.044921875
0 0.76171875 0.412109375 0.017578125 0.025390625
0 0.3330078125 0.3916015625 0.0283203125 0.0498046875