2 0.833984375 0.9267578125 0.166015625 0.0859375
1 0.650390625 0.6572265625 0.408203125 0.3916015625
1 0.443359375 0.408203125 0.099609375 0.150390625
1 0.369140625 0.494140625 0.130859375 0.1669921875
1 0.5380859375 0.4775390625 0.154296875 0.18359375
1 0.416015625 0.318359375 0.0205078125 0.0302734375
1 0.7060546875 0.404296875 0.1064453125 0.1474609375
1 0.88671875 0.5009765625 0.201171875 0.236328125
1 0.2294921875 0.3544921875 0.056640625 0.0859375
1 0.6435546875 0.3037109375 0.0185546875 0.025390625
1 0.07421875 0.462890625 0.1484375 0.23046875
1 0.83203125 0.318359375 0.0205078125 0.0302734375
1 0.8134765625 0.369140625 0.0888671875 0.1220703125
1 0.3330078125 0.3515625 0.021484375 0.0361328125
1 0.734375 0.3125 0.0185546875 0.0302734375
1 0.244140625 0.7431640625 0.4189453125 0.4970703125
1 0.673828125 0.330078125 0.021484375 0.0615234375
1 0.2998046875 0.3427734375 0.025390625 0.046875
1 0.4560546875 0.337890625 0.0439453125 0.0693359375
1 0.5234375 0.3544921875 0.0185546875 0.025390625
1 0.287109375 0.400390625 0.0703125 0.18359375
1 0.6240234375 0.341796875 0.0576171875 0.0888671875
1 0.181640625 0.3623046875 0.029296875 0.0419921875
1 0.767578125 0.31640625 0.033203125 0.06640625
1 0.486328125 0.3486328125 0.017578125 0.0302734375
2 0.529296875 0.5927734375 0.0419921875 0.046875
1 0.921875 0.3525390625 0.0751953125 0.111328125
0 0.3837890625 0.9423828125 0.095703125 0.115234375
0 0.4189453125 0.4501953125 0.0185546875 0.033203125
0 0.4384765625 0.6083984375 0.0517578125 0.0390625
1 0.9814453125 0.35546875 0.037109375 0.044921875
1 0.5810546875 0.33984375 0.03125 0.052734375
0 0.224609375 0.9365234375 0.1748046875 0.1162109375
0 0.8681640625 0.5986328125 0.080078125 0.05859375
0 0.349609375 0.3779296875 0.025390625 0.02734375
0 0.474609375 0.4833984375 0.037109375 0.0390625
1 0.603515625 0.3037109375 0.015625 0.0302734375
1 0.693359375 0.3515625 0.03125 0.05859375
2 0.798828125 0.4365234375 0.029296875 0.033203125
0 0.3935546875 0.4287109375 0.0439453125 0.025390625
0 0.69140625 0.4775390625 0.0361328125 0.0166015625
1 0.7216796875 0.33984375 0.03125 0.052734375
0 0.2353515625 0.3984375 0.0234375 0.0302734375
1 0.810546875 0.328125 0.0234375 0.044921875
0 0.1875 0.4677734375 0.0810546875 0.05859375
1 0.8779296875 0.341796875 0.037109375 0.0498046875
2 0.880859375 0.619140625 0.025390625 0.0166015625
0 0.3291015625 0.4052734375 0.0205078125 0.0166015625
0 0.6376953125 0.427734375 0.0439453125 0.02734375
1 0.591796875 0.3916015625 0.0341796875 0.0615234375
0 0.146484375 0.4638671875 0.03125 0.0224609375
0 0.59375 0.4541015625 0.0126953125 0.0302734375
1 0.6552734375 0.341796875 0.0234375 0.0224609375
2 0.4580078125 0.955078125 0.025390625 0.0830078125
0 0.8701171875 0.3857421875 0.03125 0.044921875