2 0.806640625 0.8623046875 0.150390625 0.0751953125
1 0.263671875 0.7294921875 0.4189453125 0.525390625
1 0.3759765625 0.455078125 0.142578125 0.177734375
1 0.5380859375 0.4482421875 0.138671875 0.158203125
1 0.80078125 0.46484375 0.1826171875 0.2412109375
1 0.5126953125 0.3515625 0.0625 0.1142578125
1 0.685546875 0.6669921875 0.4169921875 0.2607421875
1 0.4375 0.3115234375 0.0185546875 0.0224609375
1 0.5791015625 0.3115234375 0.0234375 0.044921875
1 0.7177734375 0.2890625 0.0234375 0.02734375
1 0.205078125 0.4052734375 0.111328125 0.177734375
1 0.5986328125 0.3056640625 0.0185546875 0.02734375
1 0.498046875 0.298828125 0.015625 0.0302734375
1 0.8857421875 0.294921875 0.025390625 0.0498046875
1 0.462890625 0.3251953125 0.037109375 0.06640625
1 0.318359375 0.33984375 0.056640625 0.0693359375
1 0.193359375 0.330078125 0.033203125 0.044921875
1 0.25 0.326171875 0.025390625 0.046875
1 0.8037109375 0.2900390625 0.0205078125 0.0419921875
1 0.0849609375 0.4599609375 0.1640625 0.23046875
1 0.9375 0.423828125 0.119140625 0.2080078125
1 0.2939453125 0.3125 0.0185546875 0.0419921875
0 0.4755859375 0.451171875 0.0390625 0.0361328125
1 0.53515625 0.3125 0.013671875 0.0302734375
0 0.880859375 0.5419921875 0.0986328125 0.0556640625
1 0.7509765625 0.29296875 0.033203125 0.0693359375
1 0.697265625 0.30859375 0.0439453125 0.0615234375
1 0.9814453125 0.294921875 0.0185546875 0.033203125
0 0.4248046875 0.4169921875 0.025390625 0.0390625
1 0.642578125 0.3525390625 0.0673828125 0.18359375
1 0.6572265625 0.29296875 0.013671875 0.046875
0 0.443359375 0.568359375 0.0498046875 0.0361328125
1 0.373046875 0.3251953125 0.0185546875 0.033203125
0 0.71875 0.4404296875 0.0810546875 0.052734375
1 0.6669921875 0.318359375 0.015625 0.0302734375
1 0.912109375 0.3193359375 0.048828125 0.078125
1 0.7998046875 0.3359375 0.0625 0.10546875
0 0.388671875 0.5458984375 0.0595703125 0.025390625
0 0.615234375 0.52734375 0.068359375 0.0390625
1 0.5537109375 0.341796875 0.033203125 0.0556640625
0 0.53515625 0.5361328125 0.091796875 0.044921875
0 0.4091796875 0.39453125 0.0283203125 0.0224609375
0 0.580078125 0.4287109375 0.029296875 0.0419921875
1 0.9453125 0.330078125 0.041015625 0.0390625
0 0.931640625 0.3583984375 0.0263671875 0.033203125
1 0.9677734375 0.365234375 0.0361328125 0.05859375
1 0.58203125 0.375 0.0361328125 0.06640625
0 0.63671875 0.3876953125 0.0361328125 0.0302734375
1 0.267578125 0.357421875 0.0263671875 0.0419921875
0 0.01953125 0.4609375 0.0234375 0.0166015625
0 0.4912109375 0.400390625 0.0234375 0.0166015625
0 0.2880859375 0.39453125 0.060546875 0.02734375
1 0.3544921875 0.3447265625 0.03125 0.0390625
0 0.3125 0.4638671875 0.0185546875 0.0224609375
2 0.837890625 0.5029296875 0.0205078125 0.0224609375
1 0.5166015625 0.28515625 0.0205078125 0.0302734375
2 0.38671875 0.529296875 0.013671875 0.0302734375
2 0.6689453125 0.517578125 0.0185546875 0.0302734375
1 0.326171875 0.3193359375 0.0126953125 0.0166015625
0 0.470703125 0.3623046875 0.015625 0.01953125
1 0.84765625 0.328125 0.0390625 0.0498046875
1 0.5810546875 0.341796875 0.0126953125 0.0166015625
1 0.9814453125 0.423828125 0.03125 0.0693359375