2 0.83203125 0.923828125 0.1640625 0.080078125
1 0.2685546875 0.7294921875 0.40625 0.4306640625
1 0.6669921875 0.611328125 0.34375 0.505859375
1 0.4990234375 0.3291015625 0.013671875 0.0361328125
1 0.4677734375 0.3486328125 0.033203125 0.05859375
1 0.431640625 0.4052734375 0.087890625 0.14453125
1 0.23046875 0.3681640625 0.0263671875 0.046875
1 0.517578125 0.4833984375 0.1220703125 0.1669921875
1 0.275390625 0.345703125 0.025390625 0.0361328125
1 0.349609375 0.3359375 0.0185546875 0.044921875
1 0.888671875 0.3447265625 0.0751953125 0.099609375
1 0.3125 0.369140625 0.056640625 0.099609375
1 0.71875 0.330078125 0.0498046875 0.072265625
2 0.51953125 0.58984375 0.0263671875 0.0419921875
1 0.9462890625 0.4501953125 0.107421875 0.236328125
1 0.818359375 0.33203125 0.068359375 0.0859375
1 0.1875 0.43359375 0.125 0.177734375
0 0.375 0.568359375 0.068359375 0.046875
1 0.6728515625 0.3349609375 0.0263671875 0.0302734375
1 0.767578125 0.3193359375 0.0439453125 0.072265625
1 0.6416015625 0.322265625 0.017578125 0.033203125
1 0.6416015625 0.3916015625 0.0859375 0.138671875
1 0.2568359375 0.3818359375 0.0419921875 0.0751953125
1 0.5810546875 0.3447265625 0.03125 0.072265625
1 0.0556640625 0.41796875 0.091796875 0.1083984375
0 0.873046875 0.5859375 0.1064453125 0.0556640625
0 0.474609375 0.48046875 0.037109375 0.0390625
0 0.4384765625 0.607421875 0.0546875 0.0419921875
1 0.5478515625 0.3662109375 0.029296875 0.0556640625
0 0.9443359375 0.580078125 0.076171875 0.033203125
1 0.9375 0.33984375 0.037109375 0.0751953125
1 0.7431640625 0.39453125 0.0576171875 0.111328125
1 0.830078125 0.302734375 0.017578125 0.0224609375
0 0.48828125 0.4306640625 0.029296875 0.0224609375
0 0.4189453125 0.4482421875 0.0185546875 0.0419921875
1 0.9501953125 0.7099609375 0.099609375 0.26953125
1 0.3671875 0.3525390625 0.021484375 0.033203125
1 0.9814453125 0.361328125 0.037109375 0.0556640625
1 0.5185546875 0.3486328125 0.03125 0.0693359375
0 0.498046875 0.5849609375 0.029296875 0.0302734375
0 0.357421875 0.927734375 0.154296875 0.14453125
1 0.486328125 0.3427734375 0.013671875 0.0302734375
0 0.796875 0.380859375 0.021484375 0.0166015625
0 0.349609375 0.375 0.0234375 0.033203125
1 0.1318359375 0.41796875 0.0205078125 0.0302734375
0 0.587890625 0.4599609375 0.03125 0.0302734375
1 0.62890625 0.3525390625 0.0263671875 0.044921875
0 0.4130859375 0.4248046875 0.0107421875 0.0166015625
0 0.2919921875 0.4306640625 0.021484375 0.0166015625
1 0.099609375 0.52734375 0.119140625 0.216796875
0 0.462890625 0.3818359375 0.025390625 0.025390625
0 0.0380859375 0.5458984375 0.076171875 0.046875
0 0.916015625 0.408203125 0.0283203125 0.0166015625
0 0.0419921875 0.5947265625 0.083984375 0.0615234375
1 0.3173828125 0.3544921875 0.0126953125 0.025390625
0 0.85546875 0.35546875 0.017578125 0.0224609375
0 0.30078125 0.4990234375 0.0234375 0.0302734375
0 0.58203125 0.37890625 0.017578125 0.013671875
0 0.32421875 0.404296875 0.0234375 0.013671875
0 0.9609375 0.3525390625 0.021484375 0.0224609375
1 0.8330078125 0.37890625 0.046875 0.0302734375
1 0.9912109375 0.44140625 0.017578125 0.0888671875
0 0.607421875 0.392578125 0.0263671875 0.01953125
0 0.6171875 0.306640625 0.015625 0.025390625
0 0.4755859375 0.45703125 0.0263671875 0.025390625
0 0.44140625 0.466796875 0.0361328125 0.02734375