2 0.8359375 0.9248046875 0.166015625 0.0830078125
1 0.701171875 0.6806640625 0.474609375 0.349609375
1 0.54296875 0.466796875 0.158203125 0.1943359375
1 0.71875 0.37890625 0.099609375 0.1806640625
1 0.84765625 0.4365234375 0.1669921875 0.244140625
1 0.4443359375 0.388671875 0.0673828125 0.177734375
1 0.412109375 0.31640625 0.0205078125 0.033203125
1 0.330078125 0.255859375 0.0234375 0.0390625
1 0.96875 0.322265625 0.0498046875 0.0947265625
1 0.5546875 0.369140625 0.037109375 0.06640625
1 0.548828125 0.28515625 0.0419921875 0.130859375
0 0.2001953125 0.931640625 0.2314453125 0.125
1 0.6171875 0.3056640625 0.087890625 0.3056640625
1 0.8359375 0.2265625 0.0126953125 0.0361328125
1 0.3564453125 0.3193359375 0.056640625 0.171875
0 0.5234375 0.572265625 0.166015625 0.06640625
1 0.7509765625 0.2919921875 0.0205078125 0.0390625
1 0.9619140625 0.67578125 0.076171875 0.3125
1 0.9326171875 0.3291015625 0.03125 0.0634765625
1 0.1552734375 0.3623046875 0.0205078125 0.091796875
1 0.6416015625 0.31640625 0.0263671875 0.078125
1 0.28125 0.4931640625 0.25 0.796875
0 0.380859375 0.9384765625 0.126953125 0.1220703125
1 0.51953125 0.2763671875 0.0234375 0.0634765625
0 0.44140625 0.6142578125 0.0546875 0.0390625
1 0.697265625 0.318359375 0.0263671875 0.0419921875
0 0.474609375 0.482421875 0.03125 0.0361328125
1 0.451171875 0.2998046875 0.013671875 0.0166015625
1 0.3193359375 0.1806640625 0.044921875 0.150390625
0 0.767578125 0.443359375 0.029296875 0.0302734375
1 0.087890625 0.5029296875 0.1748046875 0.994140625
0 0.6103515625 0.556640625 0.0546875 0.046875
0 0.71875 0.4794921875 0.068359375 0.0361328125
0 0.623046875 0.4736328125 0.03125 0.01953125
0 0.294921875 0.578125 0.048828125 0.0498046875
1 0.6689453125 0.3193359375 0.03125 0.0498046875
1 0.474609375 0.35546875 0.017578125 0.0390625
1 0.509765625 0.3193359375 0.0283203125 0.0498046875
0 0.349609375 0.5419921875 0.2001953125 0.1279296875
0 0.48828125 0.43359375 0.0205078125 0.0166015625
1 0.375 0.298828125 0.0126953125 0.05859375
1 0.650390625 0.28515625 0.013671875 0.0302734375
0 0.1943359375 0.4365234375 0.173828125 0.1162109375
0 0.64453125 0.4306640625 0.0390625 0.0224609375
0 0.4677734375 0.384765625 0.013671875 0.01953125
1 0.525390625 0.3427734375 0.0205078125 0.052734375
1 0.7763671875 0.3125 0.041015625 0.05859375
0 0.380859375 0.392578125 0.0126953125 0.025390625
1 0.5439453125 0.232421875 0.0185546875 0.025390625
1 0.62890625 0.2490234375 0.013671875 0.0419921875