2 0.833984375 0.9267578125 0.166015625 0.0859375
1 0.673828125 0.6611328125 0.453125 0.4052734375
1 0.849609375 0.48046875 0.2060546875 0.2392578125
1 0.369140625 0.4912109375 0.15625 0.177734375
1 0.248046875 0.759765625 0.3359375 0.4697265625
1 0.7001953125 0.4052734375 0.119140625 0.1279296875
1 0.5439453125 0.466796875 0.15625 0.171875
1 0.7314453125 0.3193359375 0.0185546875 0.0390625
1 0.1865234375 0.431640625 0.1201171875 0.2080078125
1 0.4912109375 0.3447265625 0.0234375 0.0390625
1 0.2802734375 0.3447265625 0.0234375 0.033203125
1 0.2724609375 0.41796875 0.0830078125 0.169921875
1 0.4619140625 0.3544921875 0.0546875 0.080078125
1 0.6455078125 0.318359375 0.0185546875 0.0302734375
1 0.9013671875 0.330078125 0.052734375 0.0830078125
1 0.080078125 0.50390625 0.15625 0.26953125
1 0.8193359375 0.330078125 0.0546875 0.0830078125
1 0.6171875 0.3349609375 0.056640625 0.080078125
1 0.173828125 0.3515625 0.0185546875 0.025390625
0 0.478515625 0.4833984375 0.0419921875 0.0390625
1 0.759765625 0.3486328125 0.046875 0.080078125
1 0.50390625 0.3232421875 0.0107421875 0.0302734375
1 0.669921875 0.318359375 0.0205078125 0.0361328125
1 0.349609375 0.3916015625 0.0498046875 0.1279296875
1 0.2236328125 0.3583984375 0.021484375 0.0390625
1 0.5791015625 0.33203125 0.029296875 0.046875
1 0.9501953125 0.3544921875 0.03125 0.052734375
1 0.296875 0.330078125 0.0126953125 0.02734375
0 0.875 0.6044921875 0.09375 0.0859375
1 0.8642578125 0.357421875 0.046875 0.05859375
0 0.48828125 0.4306640625 0.0361328125 0.0224609375
0 0.5302734375 0.578125 0.1044921875 0.0556640625
1 0.03125 0.400390625 0.0498046875 0.0556640625
1 0.9814453125 0.3544921875 0.037109375 0.046875
1 0.7744140625 0.3056640625 0.0234375 0.0390625
0 0.4384765625 0.609375 0.0546875 0.0419921875
1 0.9755859375 0.4697265625 0.044921875 0.1337890625
0 0.3759765625 0.5751953125 0.064453125 0.044921875
0 0.732421875 0.4609375 0.048828125 0.0166015625
0 0.349609375 0.375 0.0185546875 0.0166015625
0 0.6416015625 0.427734375 0.0390625 0.0224609375
1 0.517578125 0.3427734375 0.0361328125 0.080078125
0 0.376953125 0.9248046875 0.130859375 0.14453125
1 0.650390625 0.4765625 0.0498046875 0.0634765625
1 0.5751953125 0.375 0.025390625 0.044921875
0 0.412109375 0.4287109375 0.017578125 0.01953125
1 0.791015625 0.3291015625 0.0234375 0.0419921875
0 0.6064453125 0.392578125 0.0185546875 0.01953125
0 0.443359375 0.4677734375 0.056640625 0.0302734375
0 0.763671875 0.4443359375 0.017578125 0.02734375
0 0.3017578125 0.5654296875 0.03125 0.025390625
0 0.30078125 0.49609375 0.0205078125 0.025390625
1 0.3095703125 0.341796875 0.025390625 0.033203125
0 0.2802734375 0.4287109375 0.048828125 0.025390625
0 0.611328125 0.4677734375 0.017578125 0.01953125
1 0.6982421875 0.3525390625 0.015625 0.033203125
1 0.6376953125 0.3544921875 0.025390625 0.025390625
0 0.978515625 0.384765625 0.0419921875 0.01953125
0 0.822265625 0.3662109375 0.0283203125 0.0224609375
0 0.3125 0.37890625 0.0185546875 0.046875
0 0.798828125 0.3759765625 0.021484375 0.013671875
2 0.59765625 0.3515625 0.013671875 0.025390625
0 0.8232421875 0.3984375 0.046875 0.0419921875
0 0.787109375 0.421875 0.0185546875 0.0166015625
0 0.13671875 0.46484375 0.0263671875 0.013671875
0 0.23046875 0.4052734375 0.017578125 0.0224609375
2 0.4599609375 0.955078125 0.0234375 0.0830078125