2 0.8056640625 0.8623046875 0.1513671875 0.0751953125
1 0.66796875 0.5732421875 0.373046875 0.44140625
1 0.267578125 0.7109375 0.419921875 0.4833984375
1 0.380859375 0.455078125 0.130859375 0.1884765625
1 0.443359375 0.3037109375 0.0234375 0.0302734375
1 0.5 0.294921875 0.0126953125 0.0224609375
1 0.6279296875 0.2900390625 0.015625 0.01953125
1 0.3310546875 0.33984375 0.037109375 0.0693359375
1 0.2041015625 0.400390625 0.111328125 0.18359375
1 0.7998046875 0.3056640625 0.0498046875 0.0830078125
1 0.244140625 0.337890625 0.037109375 0.0751953125
1 0.9375 0.41796875 0.119140625 0.2138671875
1 0.830078125 0.431640625 0.126953125 0.2197265625
1 0.724609375 0.33203125 0.048828125 0.0634765625
1 0.287109375 0.3837890625 0.0810546875 0.138671875
1 0.837890625 0.330078125 0.048828125 0.0615234375
1 0.4228515625 0.31640625 0.017578125 0.033203125
1 0.716796875 0.29296875 0.0234375 0.0302734375
1 0.193359375 0.3251953125 0.0185546875 0.033203125
1 0.4931640625 0.3427734375 0.048828125 0.1025390625
1 0.087890625 0.48046875 0.169921875 0.2724609375
1 0.466796875 0.3232421875 0.0263671875 0.05859375
1 0.0751953125 0.3662109375 0.0439453125 0.0498046875
0 0.880859375 0.54296875 0.1044921875 0.052734375
1 0.5810546875 0.3154296875 0.03125 0.0634765625
1 0.310546875 0.3291015625 0.021484375 0.0361328125
1 0.6005859375 0.296875 0.017578125 0.033203125
1 0.6640625 0.3486328125 0.037109375 0.080078125
1 0.5234375 0.318359375 0.03125 0.0634765625
1 0.9111328125 0.31640625 0.037109375 0.0556640625
1 0.361328125 0.3154296875 0.013671875 0.0302734375
1 0.650390625 0.3017578125 0.0234375 0.052734375
0 0.5322265625 0.517578125 0.0986328125 0.05859375
1 0.7509765625 0.2919921875 0.0390625 0.06640625
1 0.875 0.302734375 0.037109375 0.06640625
0 0.443359375 0.568359375 0.0546875 0.0361328125
1 0.310546875 0.3037109375 0.015625 0.025390625
0 0.4248046875 0.41796875 0.025390625 0.0361328125
0 0.478515625 0.451171875 0.0419921875 0.0361328125
0 0.41015625 0.3984375 0.029296875 0.0302734375
1 0.375 0.330078125 0.0185546875 0.0390625
0 0.359375 0.3525390625 0.021484375 0.02734375
1 0.2939453125 0.3193359375 0.0185546875 0.02734375
0 0.4931640625 0.400390625 0.0205078125 0.0166015625
1 0.986328125 0.3134765625 0.0234375 0.0390625
0 0.0439453125 0.5166015625 0.087890625 0.0556640625
1 0.693359375 0.3251953125 0.025390625 0.0498046875
1 0.634765625 0.330078125 0.0234375 0.02734375
0 0.3349609375 0.384765625 0.0263671875 0.0302734375
0 0.3017578125 0.3984375 0.0185546875 0.01953125
2 0.3984375 0.95703125 0.037109375 0.0751953125
1 0.0341796875 0.7802734375 0.068359375 0.4052734375
0 0.255859375 0.3916015625 0.0205078125 0.0166015625
0 0.39453125 0.37890625 0.013671875 0.01953125
0 0.017578125 0.466796875 0.021484375 0.02734375
0 0.6123046875 0.3916015625 0.068359375 0.150390625
1 0.5859375 0.3056640625 0.009765625 0.0166015625