2 0.833984375 0.923828125 0.166015625 0.080078125
1 0.673828125 0.6669921875 0.439453125 0.39453125
1 0.8701171875 0.482421875 0.212890625 0.2529296875
1 0.712890625 0.4169921875 0.123046875 0.177734375
1 0.255859375 0.7509765625 0.337890625 0.375
1 0.7373046875 0.31640625 0.025390625 0.02734375
1 0.546875 0.466796875 0.1689453125 0.1884765625
1 0.3740234375 0.4931640625 0.158203125 0.1806640625
1 0.5986328125 0.33984375 0.056640625 0.080078125
1 0.818359375 0.3359375 0.0732421875 0.0947265625
1 0.560546875 0.3681640625 0.037109375 0.046875
1 0.4912109375 0.3447265625 0.0234375 0.0390625
1 0.2822265625 0.341796875 0.0263671875 0.044921875
1 0.306640625 0.39453125 0.0517578125 0.1611328125
1 0.4130859375 0.3623046875 0.060546875 0.119140625
1 0.4658203125 0.3486328125 0.03125 0.05859375
1 0.205078125 0.3623046875 0.0390625 0.05859375
1 0.1943359375 0.462890625 0.1298828125 0.26953125
1 0.9716796875 0.4287109375 0.056640625 0.1865234375
1 0.888671875 0.330078125 0.0517578125 0.072265625
1 0.767578125 0.3251953125 0.041015625 0.06640625
0 0.478515625 0.4833984375 0.0419921875 0.0390625
1 0.068359375 0.4140625 0.099609375 0.111328125
0 0.3369140625 0.95703125 0.1669921875 0.0751953125
1 0.3505859375 0.3359375 0.017578125 0.033203125
1 0.17578125 0.3525390625 0.0263671875 0.0498046875
1 0.7177734375 0.34765625 0.033203125 0.0556640625
1 0.5947265625 0.3115234375 0.013671875 0.033203125
1 0.6435546875 0.3154296875 0.0185546875 0.0302734375
0 0.439453125 0.611328125 0.052734375 0.044921875
1 0.9326171875 0.359375 0.0498046875 0.080078125
1 0.9599609375 0.6982421875 0.080078125 0.2802734375
0 0.5849609375 0.556640625 0.064453125 0.046875
1 0.3662109375 0.3544921875 0.0205078125 0.0361328125
1 0.673828125 0.3740234375 0.033203125 0.05859375
0 0.5107421875 0.5859375 0.119140625 0.0556640625
0 0.373046875 0.5830078125 0.068359375 0.033203125
1 0.81640625 0.3056640625 0.0107421875 0.0224609375
1 0.5244140625 0.3486328125 0.0107421875 0.01953125
1 0.666015625 0.322265625 0.0185546875 0.033203125
0 0.2939453125 0.5654296875 0.0498046875 0.025390625
0 0.7705078125 0.44140625 0.03125 0.033203125
0 0.466796875 0.3857421875 0.029296875 0.0166015625
0 0.0390625 0.544921875 0.078125 0.0498046875
1 0.0419921875 0.66015625 0.0810546875 0.5302734375
1 0.5126953125 0.318359375 0.037109375 0.046875
0 0.125 0.4677734375 0.0185546875 0.013671875
0 0.5 0.4306640625 0.025390625 0.0224609375
1 0.8447265625 0.318359375 0.013671875 0.0302734375
0 0.693359375 0.4736328125 0.0498046875 0.01953125
0 0.3857421875 0.8916015625 0.1376953125 0.0888671875
0 0.037109375 0.59765625 0.07421875 0.05859375
0 0.6484375 0.4287109375 0.0341796875 0.01953125
0 0.6240234375 0.4912109375 0.029296875 0.0498046875
0 0.6064453125 0.400390625 0.0185546875 0.033203125
0 0.4130859375 0.4287109375 0.013671875 0.01953125
0 0.986328125 0.5654296875 0.025390625 0.0302734375
0 0.44140625 0.4736328125 0.0390625 0.01953125
1 0.2490234375 0.3857421875 0.0263671875 0.044921875
0 0.6982421875 0.3779296875 0.0185546875 0.0166015625
0 0.798828125 0.380859375 0.0185546875 0.0166015625
0 0.30078125 0.5 0.0234375 0.033203125
0 0.3134765625 0.3818359375 0.013671875 0.046875
1 0.4169921875 0.3515625 0.015625 0.025390625
1 0.3427734375 0.3681640625 0.0390625 0.05859375
0 0.42578125 0.4482421875 0.029296875 0.0419921875