2 0.8349609375 0.927734375 0.1640625 0.0830078125
1 0.65625 0.611328125 0.3935546875 0.4833984375
0 0.2197265625 0.9501953125 0.1796875 0.099609375
1 0.64453125 0.318359375 0.013671875 0.025390625
1 0.884765625 0.494140625 0.216796875 0.2392578125
1 0.673828125 0.318359375 0.0205078125 0.025390625
1 0.4423828125 0.41015625 0.099609375 0.130859375
1 0.7685546875 0.3291015625 0.0439453125 0.0859375
1 0.232421875 0.3662109375 0.060546875 0.0888671875
1 0.5751953125 0.4052734375 0.087890625 0.138671875
1 0.734375 0.3251953125 0.021484375 0.044921875
1 0.244140625 0.7529296875 0.4248046875 0.4892578125
1 0.5859375 0.326171875 0.0341796875 0.0751953125
1 0.4912109375 0.330078125 0.0205078125 0.044921875
2 0.5185546875 0.591796875 0.025390625 0.0390625
1 0.8154296875 0.3427734375 0.0625 0.09765625
1 0.8681640625 0.3779296875 0.0517578125 0.0615234375
1 0.0732421875 0.482421875 0.1435546875 0.296875
1 0.6552734375 0.380859375 0.0986328125 0.1279296875
1 0.4384765625 0.3330078125 0.017578125 0.0224609375
1 0.736328125 0.3642578125 0.0390625 0.0498046875
1 0.2685546875 0.3544921875 0.0185546875 0.0693359375
1 0.931640625 0.3427734375 0.064453125 0.09765625
0 0.3798828125 0.9423828125 0.099609375 0.115234375
1 0.1669921875 0.35546875 0.041015625 0.044921875
0 0.4404296875 0.6083984375 0.0498046875 0.0390625
1 0.1318359375 0.41796875 0.0576171875 0.091796875
0 0.3798828125 0.580078125 0.109375 0.044921875
1 0.3173828125 0.3486328125 0.0966796875 0.3193359375
1 0.8310546875 0.3125 0.0185546875 0.0302734375
1 0.70703125 0.330078125 0.0419921875 0.072265625
0 0.40625 0.443359375 0.025390625 0.025390625
0 0.4912109375 0.4306640625 0.029296875 0.0224609375
1 0.9814453125 0.365234375 0.037109375 0.0625
0 0.4755859375 0.4833984375 0.0419921875 0.0390625
0 0.884765625 0.60546875 0.0576171875 0.0390625
1 0.517578125 0.408203125 0.052734375 0.099609375
0 0.462890625 0.388671875 0.03125 0.0224609375
1 0.8447265625 0.3291015625 0.017578125 0.0419921875
1 0.4580078125 0.33984375 0.021484375 0.0361328125
1 0.3642578125 0.3544921875 0.0126953125 0.025390625
0 0.1884765625 0.4677734375 0.0830078125 0.05859375
0 0.63671875 0.427734375 0.033203125 0.02734375
2 0.798828125 0.4365234375 0.0341796875 0.033203125
1 0.951171875 0.7177734375 0.091796875 0.2470703125
1 0.6005859375 0.3681640625 0.0234375 0.0361328125
0 0.255859375 0.41015625 0.0234375 0.01953125
0 0.4248046875 0.4677734375 0.025390625 0.01953125
1 0.537109375 0.3525390625 0.017578125 0.02734375
0 0.607421875 0.39453125 0.013671875 0.0224609375
0 0.041015625 0.5478515625 0.08203125 0.052734375
0 0.30078125 0.4990234375 0.0234375 0.0302734375
1 0.1845703125 0.41015625 0.068359375 0.080078125
0 0.587890625 0.37890625 0.0205078125 0.01953125
1 0.6064453125 0.341796875 0.0185546875 0.02734375
0 0.287109375 0.4287109375 0.0234375 0.01953125
0 0.7001953125 0.3662109375 0.025390625 0.0166015625
0 0.3955078125 0.423828125 0.025390625 0.01953125
0 0.5888671875 0.455078125 0.021484375 0.033203125
1 0.892578125 0.3359375 0.015625 0.033203125
0 0.787109375 0.37890625 0.013671875 0.013671875
0 0.236328125 0.404296875 0.021484375 0.0302734375