2 0.8349609375 0.927734375 0.1640625 0.0830078125
1 0.650390625 0.611328125 0.380859375 0.494140625
1 0.2314453125 0.7724609375 0.4560546875 0.4443359375
1 0.5625 0.3544921875 0.03125 0.0361328125
1 0.2802734375 0.3359375 0.0205078125 0.033203125
1 0.44921875 0.41796875 0.1015625 0.125
1 0.48828125 0.341796875 0.017578125 0.033203125
1 0.6796875 0.3544921875 0.0341796875 0.046875
1 0.84375 0.4794921875 0.162109375 0.236328125
2 0.5224609375 0.5927734375 0.0263671875 0.0419921875
1 0.1875 0.4482421875 0.125 0.2197265625
1 0.076171875 0.5166015625 0.150390625 0.2607421875
1 0.9541015625 0.453125 0.091796875 0.20703125
1 0.9052734375 0.337890625 0.0673828125 0.080078125
1 0.0654296875 0.404296875 0.0751953125 0.0751953125
0 0.318359375 0.95703125 0.1640625 0.0751953125
1 0.21875 0.3662109375 0.03125 0.044921875
1 0.275390625 0.423828125 0.087890625 0.19140625
1 0.3564453125 0.33203125 0.037109375 0.0634765625
1 0.7724609375 0.3232421875 0.044921875 0.080078125
1 0.73046875 0.330078125 0.029296875 0.0556640625
1 0.162109375 0.3544921875 0.037109375 0.052734375
1 0.591796875 0.33984375 0.037109375 0.0693359375
1 0.6435546875 0.318359375 0.0185546875 0.0302734375
0 0.873046875 0.5986328125 0.146484375 0.080078125
1 0.9716796875 0.341796875 0.056640625 0.0888671875
1 0.822265625 0.330078125 0.078125 0.0830078125
0 0.4755859375 0.482421875 0.0390625 0.0361328125
1 0.4306640625 0.3388671875 0.0390625 0.0615234375
1 0.5302734375 0.3427734375 0.0263671875 0.0634765625
0 0.439453125 0.609375 0.052734375 0.0419921875
1 0.755859375 0.390625 0.0498046875 0.0859375
1 0.4599609375 0.3486328125 0.0361328125 0.0693359375
1 0.30078125 0.35546875 0.0263671875 0.0498046875
1 0.81640625 0.31640625 0.017578125 0.02734375
0 0.37890625 0.56640625 0.064453125 0.0556640625
1 0.322265625 0.3427734375 0.017578125 0.0361328125
1 0.65625 0.3359375 0.0185546875 0.02734375
0 0.9501953125 0.5615234375 0.0498046875 0.033203125
0 0.2314453125 0.4169921875 0.0126953125 0.0166015625
0 0.4658203125 0.388671875 0.025390625 0.0224609375
0 0.2939453125 0.5634765625 0.056640625 0.02734375
0 0.330078125 0.404296875 0.021484375 0.013671875
0 0.6044921875 0.39453125 0.0283203125 0.0224609375
0 0.494140625 0.4306640625 0.0234375 0.0224609375
0 0.0361328125 0.54296875 0.072265625 0.052734375
0 0.796875 0.3740234375 0.0283203125 0.0087890625
0 0.587890625 0.380859375 0.0185546875 0.0166015625
0 0.4501953125 0.474609375 0.025390625 0.0166015625
0 0.9736328125 0.3857421875 0.052734375 0.0166015625
0 0.19921875 0.490234375 0.0546875 0.025390625
0 0.30078125 0.50390625 0.0234375 0.0361328125
0 0.8564453125 0.3642578125 0.025390625 0.0224609375
0 0.1845703125 0.455078125 0.0654296875 0.033203125
0 0.224609375 0.4013671875 0.0205078125 0.025390625
0 0.2822265625 0.4287109375 0.0390625 0.025390625
0 0.787109375 0.404296875 0.0205078125 0.01953125
0 0.6298828125 0.4384765625 0.025390625 0.0390625
0 0.3427734375 0.375 0.0419921875 0.044921875
0 0.7744140625 0.3544921875 0.0107421875 0.013671875
1 0.6240234375 0.369140625 0.017578125 0.02734375
1 0.8330078125 0.31640625 0.0185546875 0.0224609375
1 0.357421875 0.41796875 0.013671875 0.0419921875
0 0.5927734375 0.455078125 0.013671875 0.033203125
0 0.3681640625 0.3779296875 0.013671875 0.0390625