2 0.8349609375 0.923828125 0.1640625 0.080078125
1 0.2626953125 0.7412109375 0.412109375 0.4833984375
1 0.8505859375 0.4677734375 0.2265625 0.23046875
1 0.384765625 0.4873046875 0.130859375 0.1748046875
1 0.4931640625 0.3427734375 0.0205078125 0.0361328125
1 0.5517578125 0.4912109375 0.2060546875 0.171875
1 0.7060546875 0.69140625 0.46875 0.3330078125
1 0.716796875 0.4072265625 0.119140625 0.1748046875
1 0.4609375 0.34765625 0.041015625 0.06640625
1 0.1982421875 0.427734375 0.119140625 0.18359375
1 0.6484375 0.318359375 0.0185546875 0.0302734375
1 0.435546875 0.361328125 0.0234375 0.0556640625
1 0.275390625 0.3427734375 0.0205078125 0.0419921875
1 0.349609375 0.3349609375 0.048828125 0.0693359375
1 0.8916015625 0.330078125 0.064453125 0.072265625
1 0.505859375 0.330078125 0.0126953125 0.033203125
1 0.673828125 0.328125 0.0205078125 0.033203125
1 0.76953125 0.3232421875 0.0517578125 0.080078125
1 0.2314453125 0.369140625 0.03125 0.06640625
1 0.30078125 0.33984375 0.0263671875 0.0419921875
1 0.0732421875 0.4990234375 0.1435546875 0.2587890625
1 0.82421875 0.3291015625 0.064453125 0.0859375
1 0.029296875 0.3818359375 0.037109375 0.0361328125
1 0.580078125 0.3359375 0.041015625 0.0556640625
1 0.2724609375 0.3818359375 0.0673828125 0.1083984375
1 0.5654296875 0.392578125 0.052734375 0.0859375
1 0.7353515625 0.3193359375 0.0263671875 0.0498046875
1 0.6103515625 0.380859375 0.0576171875 0.1337890625
1 0.712890625 0.341796875 0.025390625 0.0498046875
0 0.8740234375 0.615234375 0.1201171875 0.09765625
1 0.9609375 0.671875 0.078125 0.3330078125
1 0.931640625 0.3623046875 0.044921875 0.080078125
0 0.4814453125 0.48046875 0.0498046875 0.0390625
0 0.4384765625 0.607421875 0.0546875 0.0419921875
0 0.4072265625 0.4384765625 0.029296875 0.0390625
1 0.193359375 0.3623046875 0.0361328125 0.0419921875
0 0.3486328125 0.3779296875 0.025390625 0.0224609375
1 0.59765625 0.359375 0.0205078125 0.0302734375
2 0.5439453125 0.595703125 0.068359375 0.0419921875
0 0.3857421875 0.5751953125 0.0439453125 0.044921875
0 0.4560546875 0.384765625 0.03125 0.01953125
0 0.48828125 0.4306640625 0.033203125 0.0224609375
0 0.697265625 0.48046875 0.044921875 0.02734375
1 0.603515625 0.3291015625 0.015625 0.0302734375
0 0.591796875 0.453125 0.0234375 0.0224609375
0 0.4970703125 0.591796875 0.0283203125 0.0224609375
0 0.609375 0.3955078125 0.025390625 0.013671875
0 0.8291015625 0.37890625 0.048828125 0.01953125
1 0.6787109375 0.380859375 0.029296875 0.044921875
0 0.798828125 0.380859375 0.0234375 0.0166015625
2 0.54296875 0.5625 0.0673828125 0.025390625
0 0.2001953125 0.490234375 0.0498046875 0.025390625
0 0.6435546875 0.421875 0.0439453125 0.0166015625
0 0.3037109375 0.49609375 0.0234375 0.025390625
0 0.4189453125 0.466796875 0.03125 0.0224609375
1 0.97265625 0.361328125 0.048828125 0.044921875
0 0.7666015625 0.44140625 0.0205078125 0.033203125
1 0.8505859375 0.326171875 0.013671875 0.025390625
0 0.146484375 0.4375 0.015625 0.01953125
1 0.318359375 0.34765625 0.0126953125 0.0166015625
0 0.138671875 0.4599609375 0.0263671875 0.01953125
0 0.8447265625 0.3642578125 0.0205078125 0.02734375
1 0.5380859375 0.34765625 0.013671875 0.033203125
0 0.2802734375 0.4306640625 0.0419921875 0.0224609375
2 0.6044921875 0.5732421875 0.021484375 0.0087890625