2 0.833984375 0.923828125 0.166015625 0.080078125
1 0.6728515625 0.6650390625 0.435546875 0.408203125
1 0.2509765625 0.7666015625 0.341796875 0.466796875
1 0.87890625 0.4912109375 0.232421875 0.2275390625
1 0.5576171875 0.4873046875 0.1591796875 0.1806640625
1 0.712890625 0.404296875 0.130859375 0.1416015625
1 0.3662109375 0.4931640625 0.154296875 0.1806640625
1 0.669921875 0.3251953125 0.0205078125 0.033203125
1 0.4931640625 0.3427734375 0.0205078125 0.0361328125
1 0.080078125 0.5009765625 0.154296875 0.224609375
1 0.31640625 0.3779296875 0.0673828125 0.1220703125
1 0.193359375 0.443359375 0.126953125 0.2080078125
1 0.23046875 0.3662109375 0.033203125 0.06640625
1 0.64453125 0.3193359375 0.0205078125 0.0390625
1 0.892578125 0.3740234375 0.052734375 0.05859375
1 0.5029296875 0.3232421875 0.0126953125 0.01953125
1 0.462890625 0.33984375 0.048828125 0.080078125
1 0.81640625 0.3291015625 0.060546875 0.0859375
1 0.6953125 0.341796875 0.041015625 0.06640625
1 0.7666015625 0.3193359375 0.048828125 0.072265625
1 0.6201171875 0.3427734375 0.056640625 0.0751953125
1 0.732421875 0.3154296875 0.0205078125 0.0302734375
1 0.4189453125 0.3662109375 0.068359375 0.111328125
0 0.4072265625 0.4384765625 0.0263671875 0.0390625
0 0.4794921875 0.482421875 0.046875 0.0361328125
1 0.056640625 0.3916015625 0.0498046875 0.0615234375
1 0.279296875 0.3544921875 0.0205078125 0.025390625
0 0.3759765625 0.94140625 0.1171875 0.1162109375
0 0.439453125 0.6083984375 0.052734375 0.0390625
1 0.5859375 0.3515625 0.0283203125 0.05859375
1 0.931640625 0.3447265625 0.0439453125 0.0830078125
1 0.5234375 0.33984375 0.03125 0.0634765625
0 0.376953125 0.5791015625 0.068359375 0.0361328125
0 0.4873046875 0.58203125 0.0498046875 0.052734375
1 0.9755859375 0.3544921875 0.044921875 0.052734375
1 0.8486328125 0.3427734375 0.025390625 0.0302734375
0 0.8935546875 0.6025390625 0.068359375 0.0556640625
1 0.94921875 0.69140625 0.095703125 0.294921875
1 0.193359375 0.3720703125 0.037109375 0.0556640625
0 0.642578125 0.419921875 0.046875 0.0224609375
1 0.89453125 0.322265625 0.029296875 0.0556640625
2 0.5439453125 0.591796875 0.068359375 0.044921875
1 0.4990234375 0.4482421875 0.048828125 0.05859375
0 0.775390625 0.443359375 0.044921875 0.0361328125
1 0.306640625 0.3544921875 0.0205078125 0.0302734375
1 0.873046875 0.33984375 0.025390625 0.0419921875
0 0.3251953125 0.404296875 0.025390625 0.013671875
1 0.1005859375 0.7099609375 0.060546875 0.158203125
0 0.60546875 0.39453125 0.0205078125 0.0166015625
0 0.798828125 0.3779296875 0.0205078125 0.0107421875
0 0.3759765625 0.404296875 0.0234375 0.01953125
0 0.7255859375 0.3427734375 0.013671875 0.013671875
2 0.7841796875 0.4150390625 0.0341796875 0.0302734375
0 0.3466796875 0.37890625 0.0283203125 0.025390625
1 0.3681640625 0.361328125 0.0205078125 0.044921875
0 0.25 0.419921875 0.03125 0.0224609375
0 0.30078125 0.49609375 0.0205078125 0.025390625
1 0.59765625 0.31640625 0.017578125 0.033203125
0 0.5927734375 0.3818359375 0.0263671875 0.025390625
2 0.431640625 0.466796875 0.0185546875 0.0166015625
1 0.26171875 0.3681640625 0.013671875 0.0302734375
1 0.6689453125 0.4599609375 0.037109375 0.0302734375
0 0.505859375 0.4794921875 0.0185546875 0.025390625
0 0.755859375 0.4794921875 0.0576171875 0.046875
2 0.0419921875 0.953125 0.046875 0.0830078125
0 0.28125 0.4306640625 0.0439453125 0.0224609375