2 0.833984375 0.923828125 0.162109375 0.080078125
1 0.666015625 0.6455078125 0.419921875 0.4365234375
1 0.8798828125 0.4931640625 0.224609375 0.236328125
1 0.3681640625 0.4912109375 0.154296875 0.177734375
1 0.2412109375 0.7802734375 0.4140625 0.427734375
1 0.416015625 0.37890625 0.0517578125 0.09765625
1 0.4931640625 0.33984375 0.0205078125 0.0361328125
1 0.189453125 0.4638671875 0.140625 0.2275390625
1 0.294921875 0.3330078125 0.017578125 0.0390625
1 0.88671875 0.3779296875 0.0517578125 0.0498046875
1 0.439453125 0.3427734375 0.021484375 0.0361328125
0 0.4755859375 0.482421875 0.0419921875 0.0419921875
1 0.505859375 0.3291015625 0.0126953125 0.0302734375
1 0.279296875 0.35546875 0.0234375 0.044921875
1 0.4619140625 0.330078125 0.0263671875 0.044921875
1 0.7177734375 0.35546875 0.091796875 0.14453125
1 0.072265625 0.4990234375 0.142578125 0.2412109375
1 0.5107421875 0.3818359375 0.0625 0.1474609375
1 0.763671875 0.31640625 0.0341796875 0.072265625
1 0.634765625 0.3427734375 0.044921875 0.080078125
1 0.8125 0.341796875 0.0751953125 0.099609375
1 0.22265625 0.3544921875 0.0263671875 0.046875
1 0.5849609375 0.33203125 0.0361328125 0.0634765625
0 0.5224609375 0.5791015625 0.0830078125 0.052734375
1 0.546875 0.3681640625 0.0341796875 0.052734375
1 0.673828125 0.4140625 0.0439453125 0.078125
0 0.375 0.580078125 0.0625 0.033203125
1 0.2548828125 0.380859375 0.0439453125 0.072265625
1 0.3310546875 0.380859375 0.0625 0.1279296875
0 0.4384765625 0.6083984375 0.0546875 0.0390625
0 0.869140625 0.60546875 0.0830078125 0.0556640625
1 0.900390625 0.3291015625 0.025390625 0.0419921875
1 0.8388671875 0.3037109375 0.015625 0.025390625
1 0.298828125 0.369140625 0.025390625 0.0390625
1 0.6689453125 0.3232421875 0.0185546875 0.0302734375
1 0.9248046875 0.3349609375 0.025390625 0.0419921875
0 0.349609375 0.380859375 0.0205078125 0.0224609375
0 0.419921875 0.4501953125 0.013671875 0.044921875
1 0.962890625 0.693359375 0.0732421875 0.296875
1 0.654296875 0.341796875 0.013671875 0.02734375
1 0.96875 0.359375 0.056640625 0.0693359375
0 0.7763671875 0.44140625 0.037109375 0.044921875
1 0.8681640625 0.33203125 0.0361328125 0.046875
0 0.294921875 0.5732421875 0.048828125 0.0419921875
1 0.0185546875 0.427734375 0.037109375 0.078125
1 0.6015625 0.359375 0.021484375 0.0302734375
1 0.3125 0.3525390625 0.0185546875 0.02734375
0 0.611328125 0.3857421875 0.0185546875 0.0166015625
0 0.638671875 0.427734375 0.033203125 0.0166015625
0 0.4931640625 0.4306640625 0.013671875 0.0166015625
2 0.0205078125 0.91796875 0.041015625 0.046875
2 0.7802734375 0.412109375 0.0263671875 0.0302734375
0 0.798828125 0.37890625 0.013671875 0.013671875
0 0.30078125 0.4970703125 0.0205078125 0.033203125
0 0.2841796875 0.4287109375 0.0439453125 0.025390625
1 0.5107421875 0.3056640625 0.0126953125 0.0166015625
0 0.6240234375 0.4052734375 0.0390625 0.02734375
2 0.7529296875 0.4404296875 0.021484375 0.0361328125
0 0.7685546875 0.3740234375 0.025390625 0.0419921875
2 0.912109375 0.5927734375 0.033203125 0.013671875
1 0.857421875 0.380859375 0.013671875 0.02734375
2 0.4296875 0.4677734375 0.015625 0.013671875