2 0.833984375 0.923828125 0.166015625 0.080078125
1 0.673828125 0.654296875 0.439453125 0.4248046875
1 0.369140625 0.490234375 0.1513671875 0.1865234375
1 0.7373046875 0.31640625 0.0185546875 0.033203125
1 0.875 0.482421875 0.2060546875 0.2470703125
1 0.255859375 0.775390625 0.341796875 0.43359375
1 0.712890625 0.41015625 0.126953125 0.158203125
0 0.33203125 0.9580078125 0.1767578125 0.0830078125
1 0.28125 0.341796875 0.025390625 0.044921875
1 0.9736328125 0.4306640625 0.052734375 0.1943359375
1 0.4423828125 0.3486328125 0.025390625 0.0419921875
1 0.5009765625 0.3779296875 0.060546875 0.1337890625
1 0.3427734375 0.361328125 0.044921875 0.0830078125
1 0.306640625 0.345703125 0.025390625 0.0361328125
0 0.4755859375 0.482421875 0.0419921875 0.0419921875
1 0.2744140625 0.4169921875 0.0888671875 0.1611328125
1 0.623046875 0.3486328125 0.0595703125 0.080078125
1 0.8193359375 0.33984375 0.076171875 0.1025390625
1 0.7197265625 0.3447265625 0.0263671875 0.0615234375
1 0.4658203125 0.34765625 0.03125 0.06640625
1 0.224609375 0.361328125 0.025390625 0.044921875
1 0.923828125 0.3515625 0.0419921875 0.0634765625
0 0.3740234375 0.5830078125 0.0673828125 0.033203125
1 0.5791015625 0.3349609375 0.0390625 0.0693359375
1 0.763671875 0.3291015625 0.048828125 0.080078125
1 0.068359375 0.421875 0.099609375 0.10546875
1 0.951171875 0.693359375 0.095703125 0.2919921875
1 0.66796875 0.328125 0.0234375 0.044921875
0 0.537109375 0.578125 0.162109375 0.072265625
0 0.44140625 0.611328125 0.0546875 0.044921875
1 0.693359375 0.3662109375 0.029296875 0.0498046875
1 0.173828125 0.39453125 0.0908203125 0.1279296875
1 0.4052734375 0.37109375 0.0390625 0.0751953125
1 0.8828125 0.33984375 0.056640625 0.0751953125
1 0.5341796875 0.3740234375 0.0341796875 0.05859375
0 0.2939453125 0.56640625 0.0439453125 0.0224609375
1 0.3642578125 0.357421875 0.0185546875 0.025390625
0 0.4658203125 0.3857421875 0.025390625 0.0166015625
1 0.013671875 0.435546875 0.02734375 0.08203125
0 0.6123046875 0.392578125 0.025390625 0.01953125
1 0.2607421875 0.3623046875 0.0185546875 0.0302734375
0 0.1884765625 0.466796875 0.080078125 0.0556640625
0 0.3857421875 0.8916015625 0.140625 0.0947265625
0 0.443359375 0.470703125 0.037109375 0.025390625
0 0.0390625 0.546875 0.078125 0.0556640625
0 0.61328125 0.4697265625 0.044921875 0.033203125
1 0.1318359375 0.4580078125 0.033203125 0.0166015625
0 0.498046875 0.4287109375 0.021484375 0.01953125
0 0.03515625 0.5986328125 0.0703125 0.05859375
0 0.787109375 0.4052734375 0.0205078125 0.0166015625
0 0.30078125 0.505859375 0.0234375 0.0390625
1 0.2412109375 0.5302734375 0.048828125 0.099609375
0 0.9853515625 0.5654296875 0.0205078125 0.025390625
0 0.8037109375 0.3876953125 0.0234375 0.025390625
0 0.775390625 0.4443359375 0.03125 0.0390625
0 0.224609375 0.384765625 0.0126953125 0.0302734375
0 0.419921875 0.4443359375 0.013671875 0.033203125
1 0.849609375 0.3193359375 0.0185546875 0.033203125
0 0.591796875 0.455078125 0.021484375 0.02734375
0 0.28125 0.4287109375 0.03125 0.01953125
0 0.6474609375 0.427734375 0.033203125 0.0166015625
0 0.318359375 0.404296875 0.03125 0.01953125
1 0.591796875 0.4150390625 0.021484375 0.0634765625