2 0.8056640625 0.8642578125 0.1513671875 0.078125
1 0.6787109375 0.5888671875 0.4013671875 0.427734375
1 0.375 0.453125 0.130859375 0.2001953125
1 0.2802734375 0.703125 0.3955078125 0.5
1 0.4638671875 0.3212890625 0.0439453125 0.0859375
1 0.083984375 0.453125 0.1591796875 0.2109375
1 0.2373046875 0.3232421875 0.025390625 0.0419921875
1 0.1943359375 0.3916015625 0.1142578125 0.150390625
1 0.259765625 0.357421875 0.0341796875 0.0693359375
1 0.509765625 0.3427734375 0.0595703125 0.1357421875
1 0.935546875 0.41796875 0.125 0.2080078125
1 0.8076171875 0.2861328125 0.025390625 0.033203125
1 0.291015625 0.31640625 0.021484375 0.0390625
1 0.7177734375 0.302734375 0.0234375 0.0498046875
1 0.6298828125 0.29296875 0.0185546875 0.0302734375
1 0.6572265625 0.302734375 0.0361328125 0.0615234375
1 0.35546875 0.3291015625 0.0390625 0.0751953125
1 0.419921875 0.33984375 0.048828125 0.091796875
1 0.841796875 0.330078125 0.048828125 0.078125
1 0.44921875 0.2822265625 0.017578125 0.025390625
0 0.888671875 0.54296875 0.119140625 0.052734375
1 0.29296875 0.3681640625 0.060546875 0.1357421875
1 0.7880859375 0.3427734375 0.0673828125 0.119140625
1 0.5791015625 0.296875 0.0234375 0.044921875
1 0.7314453125 0.3642578125 0.0625 0.138671875
1 0.75 0.2822265625 0.025390625 0.046875
1 0.6884765625 0.3583984375 0.048828125 0.0498046875
1 0.080078125 0.3544921875 0.037109375 0.046875
1 0.9716796875 0.3095703125 0.041015625 0.0693359375
1 0.875 0.3095703125 0.037109375 0.080078125
1 0.599609375 0.3037109375 0.013671875 0.025390625
1 0.544921875 0.3544921875 0.0361328125 0.0634765625
0 0.4755859375 0.451171875 0.0390625 0.0361328125
0 0.525390625 0.533203125 0.099609375 0.0498046875
1 0.494140625 0.3037109375 0.0185546875 0.0302734375
0 0.443359375 0.568359375 0.0498046875 0.0361328125
1 0.330078125 0.3515625 0.029296875 0.046875
0 0.4072265625 0.4052734375 0.033203125 0.0390625
1 0.310546875 0.3212890625 0.015625 0.025390625
1 0.6201171875 0.328125 0.037109375 0.06640625
1 0.20703125 0.3349609375 0.0263671875 0.0302734375
1 0.6484375 0.3515625 0.0283203125 0.0361328125
0 0.4931640625 0.3984375 0.029296875 0.01953125
0 0.42578125 0.4306640625 0.033203125 0.0166015625
0 0.181640625 0.4248046875 0.0263671875 0.0166015625
0 0.47265625 0.361328125 0.0234375 0.0166015625
1 0.94140625 0.3291015625 0.0390625 0.046875
2 0.3984375 0.95703125 0.037109375 0.0751953125
1 0.568359375 0.318359375 0.017578125 0.025390625
0 0.607421875 0.3544921875 0.017578125 0.025390625
0 0.630859375 0.392578125 0.025390625 0.01953125
1 0.236328125 0.35546875 0.015625 0.033203125
0 0.943359375 0.52734375 0.0263671875 0.0166015625
0 0.8994140625 0.3486328125 0.029296875 0.0419921875