2 0.83203125 0.923828125 0.1640625 0.080078125
1 0.6181640625 0.6357421875 0.3486328125 0.455078125
1 0.8486328125 0.48046875 0.234375 0.22265625
1 0.3603515625 0.4931640625 0.1669921875 0.1806640625
1 0.0791015625 0.6279296875 0.154296875 0.505859375
1 0.771484375 0.3037109375 0.021484375 0.0302734375
1 0.4892578125 0.337890625 0.0185546875 0.0302734375
1 0.869140625 0.3681640625 0.0517578125 0.0419921875
1 0.4609375 0.349609375 0.046875 0.0830078125
1 0.1884765625 0.44140625 0.126953125 0.2333984375
1 0.296875 0.33984375 0.0185546875 0.0361328125
1 0.185546875 0.3525390625 0.025390625 0.044921875
1 0.3544921875 0.345703125 0.041015625 0.05859375
2 0.5185546875 0.5888671875 0.025390625 0.0390625
1 0.2294921875 0.3544921875 0.021484375 0.0361328125
1 0.04296875 0.4013671875 0.044921875 0.052734375
0 0.474609375 0.482421875 0.037109375 0.0361328125
1 0.5029296875 0.3291015625 0.0126953125 0.0302734375
1 0.734375 0.318359375 0.0185546875 0.0361328125
1 0.505859375 0.3740234375 0.068359375 0.1416015625
1 0.6318359375 0.3447265625 0.064453125 0.0830078125
1 0.5498046875 0.3779296875 0.037109375 0.078125
1 0.716796875 0.3427734375 0.029296875 0.05859375
1 0.2880859375 0.4052734375 0.0732421875 0.138671875
1 0.3134765625 0.3427734375 0.0234375 0.0361328125
1 0.2802734375 0.3349609375 0.0205078125 0.0302734375
1 0.822265625 0.330078125 0.0703125 0.0830078125
0 0.4072265625 0.4287109375 0.0234375 0.0302734375
1 0.767578125 0.3486328125 0.041015625 0.05859375
0 0.8935546875 0.6044921875 0.1875 0.080078125
0 0.439453125 0.607421875 0.052734375 0.0419921875
0 0.2939453125 0.9140625 0.2939453125 0.171875
0 0.494140625 0.4306640625 0.037109375 0.0224609375
1 0.681640625 0.3681640625 0.033203125 0.0634765625
1 0.931640625 0.3662109375 0.0439453125 0.072265625
0 0.380859375 0.580078125 0.056640625 0.033203125
1 0.974609375 0.361328125 0.048828125 0.06640625
0 0.435546875 0.4677734375 0.0419921875 0.025390625
1 0.669921875 0.318359375 0.0205078125 0.0361328125
0 0.3486328125 0.37890625 0.0185546875 0.01953125
1 0.89453125 0.3330078125 0.048828125 0.0615234375
0 0.45703125 0.384765625 0.0263671875 0.01953125
1 0.576171875 0.34765625 0.0283203125 0.044921875
1 0.904296875 0.3916015625 0.025390625 0.033203125
0 0.0439453125 0.595703125 0.087890625 0.0634765625
0 0.0380859375 0.54296875 0.076171875 0.052734375
0 0.2197265625 0.880859375 0.1044921875 0.033203125
0 0.7685546875 0.4384765625 0.025390625 0.0224609375
0 0.30078125 0.49609375 0.0205078125 0.025390625
1 0.599609375 0.330078125 0.025390625 0.033203125
1 0.8359375 0.3037109375 0.021484375 0.025390625
0 0.798828125 0.380859375 0.021484375 0.0224609375
1 0.2119140625 0.37890625 0.0234375 0.025390625
0 0.6064453125 0.3974609375 0.025390625 0.0166015625
1 0.798828125 0.3544921875 0.015625 0.0302734375
0 0.837890625 0.5419921875 0.048828125 0.0224609375
0 0.3623046875 0.392578125 0.025390625 0.0361328125
1 0.2412109375 0.392578125 0.0263671875 0.0361328125
1 0.5927734375 0.357421875 0.013671875 0.025390625
0 0.7822265625 0.4072265625 0.0205078125 0.025390625
1 0.1376953125 0.41796875 0.0185546875 0.0302734375
1 0.9873046875 0.4736328125 0.0185546875 0.09765625