0 0.806640625 0.859375 0.15625 0.080078125
1 0.8310546875 0.419921875 0.224609375 0.2724609375
1 0.259765625 0.7236328125 0.4091796875 0.4697265625
1 0.5263671875 0.451171875 0.1591796875 0.1748046875
1 0.4423828125 0.3779296875 0.083984375 0.1279296875
1 0.8125 0.2861328125 0.0185546875 0.033203125
1 0.666015625 0.6416015625 0.4091796875 0.322265625
1 0.6982421875 0.390625 0.099609375 0.158203125
1 0.373046875 0.455078125 0.1298828125 0.1611328125
1 0.87890625 0.29296875 0.029296875 0.0361328125
1 0.4892578125 0.318359375 0.0185546875 0.0361328125
1 0.61328125 0.3125 0.048828125 0.0693359375
1 0.279296875 0.390625 0.0810546875 0.1748046875
1 0.087890625 0.4638671875 0.1689453125 0.2607421875
1 0.318359375 0.318359375 0.029296875 0.0419921875
1 0.2001953125 0.3291015625 0.03125 0.0419921875
1 0.716796875 0.28515625 0.017578125 0.0302734375
0 0.380859375 0.53515625 0.0673828125 0.0419921875
1 0.9619140625 0.3056640625 0.0576171875 0.0947265625
0 0.25 0.859375 0.1435546875 0.130859375
1 0.5810546875 0.3056640625 0.03125 0.0556640625
1 0.744140625 0.29296875 0.0498046875 0.0693359375
1 0.349609375 0.3544921875 0.0546875 0.125
1 0.912109375 0.318359375 0.056640625 0.080078125
1 0.5 0.3056640625 0.0126953125 0.033203125
1 0.65625 0.3056640625 0.0439453125 0.0615234375
0 0.84375 0.5595703125 0.056640625 0.0302734375
1 0.3544921875 0.306640625 0.015625 0.0302734375
1 0.8017578125 0.322265625 0.046875 0.06640625
0 0.443359375 0.568359375 0.0546875 0.0361328125
1 0.6982421875 0.302734375 0.0185546875 0.02734375
1 0.228515625 0.3544921875 0.037109375 0.0419921875
1 0.51171875 0.3427734375 0.060546875 0.119140625
0 0.419921875 0.4169921875 0.0234375 0.033203125
0 0.4755859375 0.451171875 0.0390625 0.0361328125
0 0.412109375 0.392578125 0.0234375 0.01953125
1 0.5546875 0.3427734375 0.0341796875 0.0751953125
0 0.5537109375 0.5263671875 0.0859375 0.0361328125
0 0.4892578125 0.404296875 0.021484375 0.01953125
1 0.423828125 0.33984375 0.0205078125 0.0419921875
1 0.9443359375 0.65234375 0.107421875 0.2607421875
0 0.6865234375 0.443359375 0.0517578125 0.025390625
0 0.359375 0.3486328125 0.021484375 0.01953125
0 0.4697265625 0.3583984375 0.0234375 0.0166015625
0 0.6328125 0.392578125 0.037109375 0.01953125
0 0.966796875 0.5302734375 0.0517578125 0.02734375
1 0.375 0.3427734375 0.0185546875 0.05859375
0 0.3037109375 0.3955078125 0.0205078125 0.013671875
2 0.6005859375 0.44140625 0.0234375 0.0224609375
0 0.2109375 0.4345703125 0.068359375 0.05859375
1 0.826171875 0.3056640625 0.017578125 0.044921875
0 0.7529296875 0.4052734375 0.021484375 0.0224609375
0 0.443359375 0.4384765625 0.048828125 0.0224609375
0 0.78125 0.345703125 0.0185546875 0.013671875
0 0.017578125 0.4599609375 0.03125 0.01953125
0 0.162109375 0.4306640625 0.0234375 0.0166015625
1 0.92578125 0.431640625 0.064453125 0.091796875
0 0.58203125 0.4287109375 0.0205078125 0.0419921875
0 0.3037109375 0.9375 0.0361328125 0.125
0 0.5986328125 0.3662109375 0.0283203125 0.0224609375
1 0.775390625 0.365234375 0.037109375 0.0693359375
0 0.3134765625 0.4677734375 0.0234375 0.0302734375
1 0.67578125 0.3388671875 0.0205078125 0.0498046875
1 0.9599609375 0.4931640625 0.0517578125 0.046875
0 0.4970703125 0.548828125 0.0283203125 0.01953125