0 0.8056640625 0.8623046875 0.154296875 0.0751953125
1 0.65625 0.62890625 0.3935546875 0.3642578125
1 0.3798828125 0.4384765625 0.1533203125 0.2001953125
1 0.2607421875 0.736328125 0.3876953125 0.505859375
1 0.5556640625 0.4208984375 0.1328125 0.1748046875
1 0.6865234375 0.369140625 0.111328125 0.138671875
1 0.556640625 0.330078125 0.033203125 0.044921875
1 0.244140625 0.33984375 0.025390625 0.0419921875
1 0.28125 0.318359375 0.025390625 0.0419921875
1 0.4384765625 0.318359375 0.017578125 0.0302734375
1 0.716796875 0.2919921875 0.0205078125 0.033203125
1 0.4873046875 0.31640625 0.0185546875 0.033203125
1 0.462890625 0.3212890625 0.0361328125 0.0751953125
1 0.28125 0.3955078125 0.0810546875 0.158203125
1 0.6552734375 0.302734375 0.029296875 0.0556640625
1 0.2060546875 0.357421875 0.087890625 0.09765625
1 0.95703125 0.31640625 0.076171875 0.0888671875
1 0.7939453125 0.3056640625 0.056640625 0.078125
1 0.599609375 0.3115234375 0.0361328125 0.06640625
1 0.806640625 0.443359375 0.173828125 0.19140625
1 0.7001953125 0.3056640625 0.025390625 0.0390625
1 0.0849609375 0.474609375 0.1669921875 0.255859375
1 0.849609375 0.306640625 0.068359375 0.0751953125
1 0.5029296875 0.3056640625 0.0185546875 0.0498046875
1 0.634765625 0.2890625 0.015625 0.0224609375
0 0.3818359375 0.529296875 0.0703125 0.05859375
1 0.5703125 0.2919921875 0.025390625 0.044921875
0 0.525390625 0.533203125 0.095703125 0.0498046875
1 0.748046875 0.349609375 0.0390625 0.0830078125
1 0.9375 0.4267578125 0.125 0.1865234375
1 0.9384765625 0.6416015625 0.1201171875 0.283203125
1 0.3623046875 0.3154296875 0.025390625 0.046875
1 0.060546875 0.3662109375 0.0439453125 0.0556640625
1 0.3369140625 0.3525390625 0.0263671875 0.044921875
1 0.322265625 0.31640625 0.021484375 0.0390625
1 0.810546875 0.2822265625 0.017578125 0.025390625
0 0.443359375 0.568359375 0.0498046875 0.0361328125
1 0.681640625 0.3232421875 0.0185546875 0.0302734375
1 0.5126953125 0.341796875 0.025390625 0.044921875
0 0.693359375 0.44140625 0.0625 0.033203125
0 0.48828125 0.400390625 0.029296875 0.0166015625
1 0.6259765625 0.318359375 0.0263671875 0.046875
0 0.1884765625 0.427734375 0.033203125 0.0224609375
0 0.607421875 0.3544921875 0.0205078125 0.025390625
0 0.29296875 0.3955078125 0.0419921875 0.025390625
0 0.4111328125 0.392578125 0.0283203125 0.01953125
0 0.48046875 0.447265625 0.0419921875 0.044921875
1 0.7529296875 0.294921875 0.021484375 0.0390625
1 0.732421875 0.3037109375 0.0205078125 0.0302734375
1 0.5224609375 0.2998046875 0.017578125 0.033203125
0 0.216796875 0.341796875 0.0205078125 0.0166015625
1 0.5322265625 0.3544921875 0.0205078125 0.052734375
0 0.2978515625 0.3232421875 0.017578125 0.01953125
2 0.3955078125 0.9736328125 0.037109375 0.0419921875
0 0.9482421875 0.5166015625 0.0654296875 0.0224609375
1 0.267578125 0.365234375 0.025390625 0.0361328125
1 0.634765625 0.361328125 0.046875 0.0556640625
1 0.181640625 0.35546875 0.0234375 0.033203125
0 0.33203125 0.3916015625 0.029296875 0.0390625
1 0.822265625 0.3291015625 0.0234375 0.025390625
0 0.21875 0.4208984375 0.0439453125 0.025390625
0 0.6279296875 0.4140625 0.0341796875 0.0615234375
0 0.2197265625 0.4794921875 0.064453125 0.09765625
0 0.8974609375 0.369140625 0.013671875 0.0224609375