2 0.833984375 0.923828125 0.166015625 0.080078125
1 0.67578125 0.66796875 0.4453125 0.3974609375
1 0.255859375 0.7568359375 0.3310546875 0.4638671875
1 0.494140625 0.3427734375 0.0205078125 0.0361328125
1 0.3798828125 0.490234375 0.146484375 0.2080078125
1 0.7060546875 0.408203125 0.125 0.1611328125
1 0.4609375 0.3447265625 0.0439453125 0.06640625
1 0.669921875 0.3232421875 0.0205078125 0.0302734375
1 0.8740234375 0.4775390625 0.216796875 0.2998046875
1 0.5546875 0.4501953125 0.150390625 0.2001953125
1 0.7255859375 0.3291015625 0.0263671875 0.046875
1 0.1748046875 0.400390625 0.099609375 0.1337890625
1 0.275390625 0.349609375 0.025390625 0.044921875
1 0.2734375 0.4365234375 0.09375 0.18359375
1 0.5888671875 0.318359375 0.0185546875 0.0361328125
0 0.3330078125 0.9580078125 0.1748046875 0.0830078125
1 0.5322265625 0.341796875 0.017578125 0.044921875
1 0.2998046875 0.341796875 0.025390625 0.044921875
1 0.8173828125 0.330078125 0.0625 0.0830078125
0 0.4794921875 0.482421875 0.046875 0.0361328125
1 0.62890625 0.3427734375 0.048828125 0.0751953125
1 0.3427734375 0.35546875 0.048828125 0.0830078125
1 0.744140625 0.3095703125 0.0126953125 0.01953125
1 0.419921875 0.3662109375 0.060546875 0.078125
1 0.767578125 0.3056640625 0.021484375 0.033203125
1 0.21875 0.3623046875 0.025390625 0.0419921875
1 0.9287109375 0.330078125 0.0361328125 0.0498046875
0 0.419921875 0.591796875 0.091796875 0.044921875
1 0.9736328125 0.4267578125 0.052734375 0.189453125
1 0.07421875 0.4169921875 0.0888671875 0.111328125
1 0.892578125 0.3154296875 0.03125 0.05859375
1 0.8603515625 0.341796875 0.0361328125 0.044921875
1 0.7607421875 0.341796875 0.025390625 0.033203125
0 0.8935546875 0.5986328125 0.087890625 0.05859375
0 0.5234375 0.5791015625 0.1279296875 0.0634765625
0 0.767578125 0.443359375 0.0234375 0.0361328125
1 0.6044921875 0.3232421875 0.015625 0.0302734375
0 0.5 0.4287109375 0.025390625 0.01953125
0 0.587890625 0.5615234375 0.0498046875 0.044921875
1 0.3642578125 0.3544921875 0.0185546875 0.025390625
2 0.7197265625 0.4541015625 0.0263671875 0.013671875
0 0.466796875 0.384765625 0.0283203125 0.01953125
0 0.41796875 0.4443359375 0.0234375 0.0390625
0 0.037109375 0.54296875 0.07421875 0.046875
0 0.6240234375 0.484375 0.0234375 0.0302734375
1 0.7001953125 0.3544921875 0.03125 0.046875
0 0.3046875 0.5634765625 0.03125 0.02734375
0 0.38671875 0.892578125 0.138671875 0.091796875
1 0.041015625 0.62890625 0.0810546875 0.4697265625
0 0.6455078125 0.4248046875 0.0341796875 0.0166015625
0 0.298828125 0.37109375 0.0205078125 0.025390625
1 0.5107421875 0.3056640625 0.0126953125 0.0224609375
2 0.98828125 0.5654296875 0.0205078125 0.01953125
0 0.779296875 0.4052734375 0.03125 0.0224609375
0 0.8369140625 0.548828125 0.0419921875 0.01953125
0 0.798828125 0.380859375 0.025390625 0.0224609375
0 0.3017578125 0.5126953125 0.025390625 0.05859375
0 0.4375 0.466796875 0.03125 0.0224609375
1 0.9443359375 0.73046875 0.1015625 0.216796875
0 0.306640625 0.39453125 0.0205078125 0.02734375
1 0.548828125 0.3837890625 0.029296875 0.06640625
0 0.7685546875 0.3681640625 0.0185546875 0.025390625
0 0.1259765625 0.46484375 0.0205078125 0.01953125
0 0.9560546875 0.3486328125 0.025390625 0.01953125
1 0.0244140625 0.466796875 0.044921875 0.0615234375
0 0.2841796875 0.4287109375 0.0283203125 0.01953125
1 0.837890625 0.31640625 0.013671875 0.02734375