2 0.806640625 0.8623046875 0.150390625 0.0751953125
1 0.724609375 0.2822265625 0.0185546875 0.025390625
1 0.6259765625 0.29296875 0.0205078125 0.0302734375
1 0.3876953125 0.4541015625 0.119140625 0.1748046875
1 0.2880859375 0.697265625 0.3701171875 0.5556640625
1 0.5361328125 0.44140625 0.146484375 0.1552734375
1 0.3193359375 0.341796875 0.0576171875 0.072265625
1 0.80078125 0.283203125 0.017578125 0.033203125
1 0.25 0.318359375 0.025390625 0.0361328125
1 0.8046875 0.455078125 0.1845703125 0.2333984375
1 0.681640625 0.669921875 0.4189453125 0.2607421875
1 0.2880859375 0.3115234375 0.0205078125 0.033203125
1 0.3056640625 0.302734375 0.017578125 0.02734375
1 0.0859375 0.45703125 0.162109375 0.224609375
1 0.1943359375 0.3291015625 0.0234375 0.0361328125
1 0.59765625 0.3056640625 0.017578125 0.02734375
1 0.4375 0.30859375 0.0185546875 0.0166015625
1 0.701171875 0.306640625 0.052734375 0.0634765625
1 0.7509765625 0.2900390625 0.0361328125 0.0634765625
1 0.439453125 0.33984375 0.078125 0.09765625
1 0.5068359375 0.341796875 0.0673828125 0.1162109375
1 0.9365234375 0.4306640625 0.123046875 0.1943359375
1 0.19140625 0.3662109375 0.0888671875 0.1162109375
1 0.9111328125 0.31640625 0.041015625 0.06640625
1 0.873046875 0.3037109375 0.044921875 0.0634765625
1 0.8134765625 0.328125 0.0888671875 0.1220703125
1 0.98046875 0.2900390625 0.013671875 0.025390625
0 0.880859375 0.54296875 0.1064453125 0.05859375
1 0.9619140625 0.3154296875 0.0732421875 0.080078125
1 0.64453125 0.4013671875 0.0673828125 0.197265625
0 0.712890625 0.443359375 0.0751953125 0.0419921875
1 0.080078125 0.3681640625 0.0439453125 0.05859375
1 0.5751953125 0.3134765625 0.025390625 0.0390625
0 0.443359375 0.568359375 0.0498046875 0.0361328125
1 0.6552734375 0.2900390625 0.0234375 0.046875
0 0.5810546875 0.5302734375 0.181640625 0.0498046875
0 0.4755859375 0.451171875 0.0419921875 0.0361328125
1 0.5498046875 0.3447265625 0.03125 0.0498046875
1 0.748046875 0.361328125 0.0498046875 0.0830078125
0 0.4111328125 0.3955078125 0.025390625 0.025390625
1 0.369140625 0.330078125 0.03125 0.0830078125
0 0.744140625 0.4140625 0.037109375 0.0390625
1 0.587890625 0.3427734375 0.025390625 0.0361328125
0 0.9326171875 0.359375 0.0283203125 0.0302734375
0 0.4287109375 0.4169921875 0.0263671875 0.033203125
0 0.5791015625 0.427734375 0.029296875 0.0390625
0 0.205078125 0.4287109375 0.0703125 0.046875
1 0.2607421875 0.3681640625 0.021484375 0.0361328125
0 0.1484375 0.384765625 0.025390625 0.0419921875
0 0.4912109375 0.3984375 0.0205078125 0.01953125
1 0.9755859375 0.390625 0.029296875 0.0693359375
0 0.240234375 0.3681640625 0.015625 0.01953125
0 0.6376953125 0.3876953125 0.037109375 0.0302734375
0 0.0185546875 0.4794921875 0.0185546875 0.013671875
0 0.16796875 0.4306640625 0.0234375 0.0224609375
0 0.3046875 0.39453125 0.021484375 0.0166015625
0 0.4052734375 0.548828125 0.033203125 0.01953125
0 0.603515625 0.3681640625 0.0263671875 0.0302734375
2 0.3974609375 0.95703125 0.0361328125 0.0751953125
2 0.4697265625 0.3623046875 0.013671875 0.01953125
0 0.6015625 0.443359375 0.021484375 0.025390625