2 0.833984375 0.9248046875 0.166015625 0.0830078125
1 0.7041015625 0.677734375 0.455078125 0.3447265625
1 0.6689453125 0.3193359375 0.0185546875 0.02734375
1 0.7412109375 0.318359375 0.0205078125 0.0361328125
1 0.6455078125 0.3193359375 0.0185546875 0.02734375
1 0.884765625 0.48046875 0.21875 0.244140625
1 0.4482421875 0.4052734375 0.1064453125 0.1552734375
1 0.244140625 0.6865234375 0.3125 0.3837890625
1 0.7041015625 0.4287109375 0.1201171875 0.197265625
1 0.5 0.3232421875 0.0126953125 0.0302734375
1 0.2978515625 0.3330078125 0.013671875 0.033203125
1 0.4873046875 0.345703125 0.025390625 0.0361328125
1 0.28125 0.341796875 0.0185546875 0.0390625
1 0.580078125 0.330078125 0.0234375 0.02734375
1 0.4599609375 0.34765625 0.029296875 0.06640625
1 0.0703125 0.412109375 0.09375 0.119140625
1 0.205078125 0.44140625 0.123046875 0.2724609375
1 0.8974609375 0.3359375 0.0576171875 0.10546875
1 0.224609375 0.361328125 0.0263671875 0.044921875
1 0.349609375 0.3388671875 0.017578125 0.033203125
1 0.330078125 0.3291015625 0.013671875 0.025390625
1 0.8125 0.337890625 0.068359375 0.1083984375
0 0.33203125 0.9599609375 0.1767578125 0.080078125
1 0.568359375 0.404296875 0.1201171875 0.158203125
1 0.5947265625 0.3037109375 0.013671875 0.025390625
0 0.875 0.6162109375 0.0439453125 0.033203125
1 0.767578125 0.3037109375 0.0205078125 0.0361328125
0 0.177734375 0.9287109375 0.2001953125 0.130859375
1 0.7177734375 0.3427734375 0.029296875 0.052734375
0 0.541015625 0.587890625 0.1279296875 0.0419921875
1 0.955078125 0.6943359375 0.0830078125 0.2724609375
0 0.478515625 0.482421875 0.0439453125 0.0419921875
1 0.322265625 0.3642578125 0.0498046875 0.0888671875
1 0.3642578125 0.3544921875 0.021484375 0.046875
0 0.439453125 0.6083984375 0.052734375 0.0390625
1 0.9296875 0.337890625 0.03125 0.0302734375
0 0.4052734375 0.427734375 0.0263671875 0.0224609375
1 0.603515625 0.3583984375 0.0263671875 0.0390625
0 0.373046875 0.580078125 0.0673828125 0.033203125
1 0.3134765625 0.3359375 0.013671875 0.02734375
0 0.2939453125 0.576171875 0.0498046875 0.052734375
0 0.494140625 0.4306640625 0.025390625 0.0224609375
0 0.388671875 0.892578125 0.1357421875 0.0859375
1 0.51953125 0.34765625 0.029296875 0.0556640625
0 0.78125 0.44140625 0.0439453125 0.0390625
0 0.4619140625 0.3876953125 0.0263671875 0.025390625
1 0.314453125 0.4970703125 0.052734375 0.0947265625
1 0.4189453125 0.3056640625 0.0185546875 0.0390625
1 0.1474609375 0.4150390625 0.0205078125 0.0419921875
0 0.6435546875 0.4267578125 0.037109375 0.025390625
0 0.619140625 0.5634765625 0.033203125 0.02734375
0 0.1865234375 0.455078125 0.0732421875 0.033203125
1 0.3984375 0.392578125 0.025390625 0.0419921875
0 0.60546875 0.3916015625 0.017578125 0.02734375
0 0.7001953125 0.4794921875 0.0439453125 0.0302734375
0 0.4306640625 0.455078125 0.033203125 0.044921875
0 0.0380859375 0.544921875 0.076171875 0.0498046875
1 0.630859375 0.3681640625 0.0205078125 0.025390625
1 0.6748046875 0.361328125 0.03125 0.0556640625
1 0.76953125 0.35546875 0.029296875 0.0888671875
0 0.04296875 0.5927734375 0.0859375 0.0634765625
0 0.0224609375 0.4931640625 0.0390625 0.025390625
0 0.5869140625 0.380859375 0.0234375 0.0224609375
0 0.2001953125 0.4912109375 0.0498046875 0.0224609375
0 0.283203125 0.4306640625 0.041015625 0.02734375
0 0.7998046875 0.3837890625 0.0185546875 0.0166015625
0 0.7841796875 0.41015625 0.025390625 0.0302734375
0 0.298828125 0.4990234375 0.017578125 0.01953125
1 0.8388671875 0.3330078125 0.021484375 0.033203125