2 0.833984375 0.923828125 0.166015625 0.080078125
1 0.669921875 0.662109375 0.4326171875 0.419921875
1 0.369140625 0.4912109375 0.15625 0.18359375
1 0.63671875 0.3125 0.017578125 0.01953125
1 0.7080078125 0.39453125 0.0966796875 0.1279296875
1 0.076171875 0.619140625 0.1513671875 0.5107421875
1 0.4658203125 0.3427734375 0.046875 0.080078125
1 0.2060546875 0.455078125 0.125 0.2392578125
1 0.5009765625 0.33203125 0.013671875 0.0419921875
1 0.9609375 0.4267578125 0.078125 0.1865234375
1 0.5966796875 0.341796875 0.0498046875 0.0830078125
1 0.7353515625 0.31640625 0.013671875 0.0224609375
1 0.224609375 0.357421875 0.0185546875 0.0419921875
1 0.8193359375 0.3291015625 0.060546875 0.080078125
1 0.298828125 0.3330078125 0.0185546875 0.0390625
1 0.357421875 0.35546875 0.0517578125 0.0830078125
0 0.1328125 0.947265625 0.224609375 0.10546875
1 0.6689453125 0.3251953125 0.0185546875 0.033203125
1 0.859375 0.3662109375 0.0498046875 0.0615234375
1 0.9111328125 0.365234375 0.03125 0.052734375
0 0.5341796875 0.578125 0.1064453125 0.0556640625
1 0.421875 0.3232421875 0.021484375 0.0302734375
1 0.71875 0.3154296875 0.037109375 0.0859375
1 0.7666015625 0.361328125 0.048828125 0.0947265625
1 0.955078125 0.705078125 0.0888671875 0.2724609375
0 0.4755859375 0.482421875 0.048828125 0.0419921875
1 0.55078125 0.3662109375 0.0361328125 0.06640625
0 0.8662109375 0.6181640625 0.091796875 0.052734375
0 0.4072265625 0.4375 0.029296875 0.0419921875
0 0.373046875 0.5791015625 0.0654296875 0.0419921875
0 0.4384765625 0.607421875 0.0546875 0.0419921875
1 0.291015625 0.4072265625 0.0654296875 0.1640625
0 0.330078125 0.9169921875 0.2529296875 0.1552734375
0 0.486328125 0.4306640625 0.0283203125 0.0166015625
1 0.197265625 0.3662109375 0.033203125 0.0498046875
1 0.2802734375 0.3359375 0.013671875 0.033203125
0 0.642578125 0.423828125 0.0439453125 0.01953125
1 0.9052734375 0.3232421875 0.0263671875 0.0419921875
1 0.76953125 0.3037109375 0.0205078125 0.0302734375
1 0.673828125 0.453125 0.060546875 0.0390625
0 0.45703125 0.384765625 0.0263671875 0.01953125
0 0.7685546875 0.44140625 0.025390625 0.02734375
1 0.416015625 0.3662109375 0.0576171875 0.099609375
1 0.716796875 0.2529296875 0.013671875 0.0166015625
0 0.5888671875 0.37890625 0.021484375 0.013671875
0 0.599609375 0.3955078125 0.0185546875 0.013671875
0 0.9560546875 0.5791015625 0.0810546875 0.0419921875
0 0.3017578125 0.494140625 0.025390625 0.02734375
1 0.5224609375 0.3515625 0.029296875 0.0634765625
0 0.712890625 0.4736328125 0.0263671875 0.01953125
1 0.8818359375 0.330078125 0.0205078125 0.044921875
0 0.798828125 0.3759765625 0.0234375 0.013671875
0 0.2822265625 0.4287109375 0.0390625 0.025390625
0 0.1494140625 0.4384765625 0.0205078125 0.0224609375
0 0.609375 0.4794921875 0.021484375 0.025390625
0 0.419921875 0.466796875 0.029296875 0.0224609375
1 0.8447265625 0.31640625 0.013671875 0.02734375
1 0.517578125 0.3115234375 0.021484375 0.033203125
1 0.8251953125 0.369140625 0.03125 0.02734375
1 0.587890625 0.3193359375 0.0126953125 0.0224609375
1 0.376953125 0.3857421875 0.015625 0.033203125
0 0.587890625 0.462890625 0.025390625 0.0419921875
1 0.3154296875 0.3525390625 0.0185546875 0.0224609375
0 0.6123046875 0.384765625 0.0185546875 0.01953125
0 0.7626953125 0.390625 0.0126953125 0.0302734375