2 0.833984375 0.9248046875 0.166015625 0.0830078125
1 0.7373046875 0.318359375 0.0185546875 0.0302734375
1 0.69921875 0.654296875 0.470703125 0.40234375
1 0.267578125 0.697265625 0.400390625 0.466796875
1 0.6982421875 0.43359375 0.125 0.2001953125
1 0.5439453125 0.4677734375 0.1748046875 0.197265625
1 0.4423828125 0.4169921875 0.09375 0.14453125
1 0.89453125 0.3291015625 0.0732421875 0.080078125
1 0.9560546875 0.4248046875 0.087890625 0.205078125
1 0.240234375 0.3720703125 0.0498046875 0.06640625
1 0.5634765625 0.3681640625 0.0361328125 0.0361328125
1 0.3056640625 0.392578125 0.0673828125 0.158203125
1 0.07421875 0.50390625 0.142578125 0.2587890625
1 0.8125 0.330078125 0.0625 0.099609375
1 0.462890625 0.34765625 0.025390625 0.0556640625
1 0.6376953125 0.3427734375 0.0498046875 0.080078125
1 0.3359375 0.349609375 0.021484375 0.044921875
0 0.5576171875 0.5751953125 0.1533203125 0.0556640625
0 0.4794921875 0.48046875 0.046875 0.0390625
1 0.71875 0.3359375 0.03125 0.0556640625
1 0.0126953125 0.390625 0.025390625 0.01953125
1 0.5947265625 0.3779296875 0.0419921875 0.1220703125
1 0.185546875 0.3515625 0.0654296875 0.0859375
1 0.4267578125 0.35546875 0.0283203125 0.0556640625
1 0.353515625 0.33984375 0.0234375 0.046875
0 0.384765625 0.5791015625 0.056640625 0.0361328125
0 0.875 0.6279296875 0.0810546875 0.078125
0 0.4384765625 0.607421875 0.0546875 0.0419921875
1 0.4873046875 0.3291015625 0.0126953125 0.0302734375
1 0.5224609375 0.3447265625 0.0546875 0.0888671875
1 0.7626953125 0.3134765625 0.03125 0.0615234375
1 0.44140625 0.31640625 0.0205078125 0.044921875
1 0.9609375 0.66796875 0.078125 0.330078125
0 0.4189453125 0.451171875 0.0185546875 0.0361328125
0 0.69921875 0.474609375 0.048828125 0.033203125
1 0.9853515625 0.328125 0.029296875 0.06640625
0 0.48828125 0.4287109375 0.0234375 0.01953125
0 0.642578125 0.423828125 0.041015625 0.01953125
0 0.349609375 0.375 0.0263671875 0.033203125
0 0.60546875 0.466796875 0.029296875 0.0390625
1 0.6689453125 0.3857421875 0.03125 0.0556640625
0 0.591796875 0.375 0.021484375 0.0166015625
1 0.66796875 0.3359375 0.0205078125 0.033203125
0 0.4677734375 0.388671875 0.0263671875 0.0224609375
1 0.6943359375 0.3525390625 0.017578125 0.02734375
0 0.666015625 0.515625 0.0205078125 0.046875
1 0.591796875 0.31640625 0.013671875 0.0224609375
0 0.1865234375 0.455078125 0.076171875 0.044921875
1 0.3037109375 0.3486328125 0.0234375 0.0302734375
0 0.412109375 0.427734375 0.0126953125 0.0224609375
0 0.607421875 0.39453125 0.0205078125 0.0166015625
0 0.6259765625 0.486328125 0.0234375 0.0556640625
0 0.85546875 0.3642578125 0.0234375 0.02734375
0 0.255859375 0.41015625 0.025390625 0.01953125
0 0.798828125 0.3759765625 0.0234375 0.013671875
1 0.837890625 0.3525390625 0.017578125 0.033203125
2 0.779296875 0.4150390625 0.037109375 0.0302734375
1 0.267578125 0.3916015625 0.015625 0.033203125
1 0.9267578125 0.3740234375 0.0185546875 0.0302734375
2 0.2255859375 0.380859375 0.013671875 0.0224609375
1 0.625 0.37109375 0.0185546875 0.025390625