2 0.8056640625 0.8623046875 0.1513671875 0.0751953125
1 0.6279296875 0.2919921875 0.0185546875 0.0224609375
1 0.25 0.3232421875 0.025390625 0.0419921875
1 0.53125 0.443359375 0.150390625 0.1640625
1 0.373046875 0.4541015625 0.1484375 0.1748046875
1 0.6806640625 0.66796875 0.4140625 0.263671875
1 0.810546875 0.4462890625 0.1689453125 0.236328125
1 0.744140625 0.287109375 0.033203125 0.0693359375
1 0.45703125 0.30859375 0.048828125 0.0888671875
1 0.697265625 0.404296875 0.126953125 0.2138671875
1 0.8056640625 0.2802734375 0.017578125 0.02734375
1 0.2548828125 0.705078125 0.400390625 0.5224609375
1 0.3134765625 0.302734375 0.017578125 0.0224609375
1 0.7197265625 0.2900390625 0.017578125 0.0361328125
1 0.0849609375 0.431640625 0.154296875 0.1806640625
1 0.4990234375 0.294921875 0.013671875 0.0224609375
1 0.201171875 0.380859375 0.107421875 0.14453125
1 0.8798828125 0.2919921875 0.021484375 0.044921875
1 0.931640625 0.41015625 0.130859375 0.23046875
1 0.2939453125 0.3134765625 0.0185546875 0.0390625
1 0.3193359375 0.3349609375 0.0546875 0.080078125
1 0.6123046875 0.3212890625 0.068359375 0.0859375
1 0.1923828125 0.328125 0.0283203125 0.033203125
1 0.5537109375 0.345703125 0.0419921875 0.0751953125
1 0.7998046875 0.330078125 0.0625 0.1162109375
1 0.693359375 0.3134765625 0.0439453125 0.078125
1 0.4384765625 0.30859375 0.013671875 0.0166015625
1 0.98046875 0.29296875 0.017578125 0.025390625
1 0.5751953125 0.3154296875 0.025390625 0.052734375
1 0.654296875 0.3056640625 0.0341796875 0.06640625
1 0.494140625 0.318359375 0.0205078125 0.0302734375
0 0.4248046875 0.4169921875 0.0185546875 0.033203125
1 0.2783203125 0.375 0.068359375 0.10546875
0 0.4755859375 0.451171875 0.0361328125 0.0361328125
0 0.443359375 0.568359375 0.0498046875 0.0361328125
1 0.9013671875 0.3115234375 0.0283203125 0.0556640625
0 0.6240234375 0.52734375 0.0888671875 0.0390625
2 0.5439453125 0.552734375 0.068359375 0.044921875
1 0.408203125 0.3486328125 0.025390625 0.05859375
1 0.080078125 0.3583984375 0.048828125 0.0615234375
0 0.38671875 0.5458984375 0.064453125 0.025390625
1 0.369140625 0.3154296875 0.0185546875 0.0361328125
0 0.744140625 0.4140625 0.033203125 0.0390625
1 0.943359375 0.3251953125 0.037109375 0.0498046875
0 0.4091796875 0.3955078125 0.0283203125 0.025390625
0 0.6953125 0.443359375 0.037109375 0.0302734375
0 0.58203125 0.427734375 0.0205078125 0.033203125
0 0.318359375 0.51953125 0.025390625 0.0166015625
1 0.509765625 0.3427734375 0.056640625 0.1025390625
1 0.662109375 0.35546875 0.025390625 0.044921875
0 0.6064453125 0.35546875 0.0185546875 0.0224609375
0 0.3603515625 0.3525390625 0.0205078125 0.0224609375
0 0.4921875 0.3984375 0.0185546875 0.01953125
1 0.2373046875 0.3447265625 0.0185546875 0.033203125
0 0.912109375 0.3447265625 0.0185546875 0.033203125
1 0.5947265625 0.3115234375 0.013671875 0.0224609375
0 0.3994140625 0.37890625 0.0234375 0.01953125
1 0.3759765625 0.3544921875 0.017578125 0.046875
1 0.0205078125 0.482421875 0.041015625 0.0634765625
1 0.6796875 0.31640625 0.0126953125 0.0224609375
1 0.349609375 0.3193359375 0.025390625 0.033203125
0 0.6044921875 0.443359375 0.021484375 0.025390625
0 0.62890625 0.404296875 0.033203125 0.0419921875
0 0.3134765625 0.46484375 0.0234375 0.025390625
0 0.6689453125 0.517578125 0.0185546875 0.0302734375