2 0.833984375 0.923828125 0.166015625 0.080078125
1 0.6611328125 0.6650390625 0.431640625 0.4140625
1 0.5302734375 0.466796875 0.158203125 0.1884765625
1 0.3759765625 0.4931640625 0.1455078125 0.1865234375
1 0.642578125 0.31640625 0.0234375 0.02734375
1 0.4609375 0.3427734375 0.046875 0.080078125
1 0.736328125 0.318359375 0.0205078125 0.0361328125
1 0.4169921875 0.3740234375 0.0595703125 0.091796875
1 0.69921875 0.41015625 0.1142578125 0.169921875
1 0.8740234375 0.4697265625 0.236328125 0.2724609375
1 0.197265625 0.431640625 0.115234375 0.2080078125
1 0.2724609375 0.3447265625 0.0234375 0.033203125
1 0.236328125 0.7412109375 0.423828125 0.4609375
1 0.4931640625 0.3359375 0.0234375 0.044921875
1 0.314453125 0.388671875 0.0625 0.1337890625
1 0.068359375 0.509765625 0.13671875 0.265625
1 0.1748046875 0.341796875 0.037109375 0.0498046875
1 0.3115234375 0.33203125 0.0205078125 0.0419921875
1 0.8193359375 0.3388671875 0.064453125 0.099609375
1 0.2197265625 0.33984375 0.029296875 0.0419921875
1 0.923828125 0.349609375 0.078125 0.099609375
1 0.716796875 0.3427734375 0.025390625 0.052734375
1 0.509765625 0.3037109375 0.013671875 0.01953125
1 0.6064453125 0.3291015625 0.025390625 0.046875
0 0.478515625 0.482421875 0.0419921875 0.0419921875
1 0.7685546875 0.318359375 0.037109375 0.0693359375
0 0.439453125 0.607421875 0.052734375 0.0419921875
0 0.90625 0.599609375 0.125 0.0556640625
0 0.3779296875 0.58203125 0.0595703125 0.0361328125
1 0.5654296875 0.35546875 0.037109375 0.0556640625
1 0.6787109375 0.318359375 0.033203125 0.05859375
1 0.685546875 0.3662109375 0.029296875 0.0498046875
1 0.2470703125 0.390625 0.041015625 0.0634765625
1 0.060546875 0.392578125 0.0419921875 0.052734375
1 0.97265625 0.357421875 0.0517578125 0.0693359375
0 0.525390625 0.580078125 0.123046875 0.06640625
1 0.759765625 0.3779296875 0.029296875 0.0830078125
0 0.3349609375 0.9599609375 0.1767578125 0.080078125
1 0.591796875 0.31640625 0.015625 0.02734375
0 0.7705078125 0.443359375 0.0283203125 0.0302734375
0 0.326171875 0.404296875 0.0283203125 0.013671875
0 0.34375 0.37890625 0.03125 0.025390625
0 0.6103515625 0.4013671875 0.0234375 0.025390625
1 0.517578125 0.330078125 0.033203125 0.0556640625
1 0.33203125 0.3525390625 0.017578125 0.0224609375
1 0.146484375 0.421875 0.0185546875 0.033203125
2 0.025390625 0.94921875 0.05078125 0.09375
0 0.587890625 0.462890625 0.0234375 0.0419921875
0 0.5 0.4306640625 0.0185546875 0.0224609375
0 0.6142578125 0.48046875 0.03125 0.0224609375
0 0.7978515625 0.3779296875 0.0205078125 0.0107421875
0 0.2001953125 0.4931640625 0.0498046875 0.025390625
1 0.8505859375 0.33203125 0.013671875 0.01953125
0 0.744140625 0.4736328125 0.048828125 0.0419921875
0 0.5888671875 0.3779296875 0.021484375 0.0166015625
0 0.7822265625 0.4111328125 0.0263671875 0.033203125
0 0.462890625 0.380859375 0.025390625 0.0224609375
0 0.4130859375 0.4306640625 0.013671875 0.0224609375
0 0.4326171875 0.466796875 0.0283203125 0.0166015625
1 0.4755859375 0.302734375 0.017578125 0.0107421875
0 0.39453125 0.8916015625 0.126953125 0.0830078125
1 0.2431640625 0.330078125 0.0263671875 0.0556640625
1 0.8974609375 0.330078125 0.0205078125 0.0224609375
1 0.021484375 0.4677734375 0.0419921875 0.0751953125
0 0.9580078125 0.392578125 0.03125 0.0302734375
2 0.541015625 0.5595703125 0.0498046875 0.01953125
0 0.638671875 0.4150390625 0.0439453125 0.0361328125
0 0.9384765625 0.3857421875 0.017578125 0.0556640625
2 0.892578125 0.5654296875 0.0419921875 0.025390625
1 0.8310546875 0.31640625 0.0185546875 0.0224609375