2 0.833984375 0.923828125 0.166015625 0.080078125
1 0.685546875 0.630859375 0.4345703125 0.4501953125
1 0.73828125 0.31640625 0.0205078125 0.02734375
1 0.072265625 0.6455078125 0.138671875 0.55859375
1 0.6689453125 0.3134765625 0.0185546875 0.02734375
1 0.3701171875 0.4912109375 0.1435546875 0.1943359375
1 0.5009765625 0.3251953125 0.013671875 0.033203125
1 0.728515625 0.380859375 0.1015625 0.1162109375
1 0.5625 0.404296875 0.125 0.1474609375
1 0.5869140625 0.3125 0.017578125 0.0302734375
1 0.4677734375 0.3447265625 0.0390625 0.06640625
1 0.5361328125 0.3359375 0.015625 0.044921875
1 0.28125 0.3427734375 0.025390625 0.046875
1 0.634765625 0.3330078125 0.0517578125 0.0830078125
1 0.9619140625 0.404296875 0.076171875 0.2265625
1 0.291015625 0.4052734375 0.0751953125 0.1552734375
1 0.19921875 0.4736328125 0.126953125 0.26953125
1 0.8798828125 0.3623046875 0.052734375 0.0693359375
1 0.818359375 0.3427734375 0.0732421875 0.1083984375
1 0.3427734375 0.35546875 0.044921875 0.0947265625
1 0.224609375 0.3662109375 0.029296875 0.0498046875
0 0.478515625 0.4833984375 0.0439453125 0.0390625
1 0.923828125 0.3544921875 0.0419921875 0.05859375
1 0.900390625 0.318359375 0.029296875 0.046875
1 0.1630859375 0.3515625 0.0361328125 0.046875
0 0.89453125 0.591796875 0.1015625 0.0615234375
1 0.310546875 0.341796875 0.03125 0.044921875
1 0.48828125 0.3447265625 0.0234375 0.033203125
0 0.3310546875 0.9580078125 0.181640625 0.0830078125
0 0.412109375 0.44140625 0.0205078125 0.0390625
1 0.9580078125 0.68359375 0.0810546875 0.3115234375
1 0.7138671875 0.3291015625 0.025390625 0.0419921875
0 0.3798828125 0.572265625 0.0625 0.044921875
1 0.7626953125 0.302734375 0.0185546875 0.02734375
0 0.5166015625 0.5927734375 0.0830078125 0.0419921875
0 0.439453125 0.6083984375 0.052734375 0.0390625
1 0.5791015625 0.3349609375 0.0205078125 0.0302734375
1 0.5986328125 0.3388671875 0.021484375 0.0498046875
1 0.048828125 0.392578125 0.0498046875 0.0634765625
1 0.0224609375 0.45703125 0.044921875 0.130859375
1 0.849609375 0.33984375 0.0263671875 0.046875
0 0.2939453125 0.5732421875 0.0498046875 0.0419921875
0 0.5380859375 0.56640625 0.0546875 0.0166015625
0 0.3134765625 0.37890625 0.013671875 0.0419921875
0 0.779296875 0.44140625 0.041015625 0.0390625
0 0.611328125 0.388671875 0.0205078125 0.0224609375
0 0.30078125 0.49609375 0.0205078125 0.025390625
1 0.6796875 0.3544921875 0.0341796875 0.052734375
1 0.62890625 0.369140625 0.0205078125 0.02734375
0 0.619140625 0.4775390625 0.029296875 0.0224609375
1 0.294921875 0.37109375 0.029296875 0.0361328125
0 0.650390625 0.4248046875 0.0234375 0.0166015625
0 0.4658203125 0.388671875 0.021484375 0.0224609375
0 0.388671875 0.89453125 0.1357421875 0.0888671875
1 0.8740234375 0.328125 0.0205078125 0.02734375
0 0.4931640625 0.41796875 0.0205078125 0.0302734375
0 0.587890625 0.37890625 0.0263671875 0.025390625
0 0.798828125 0.37890625 0.017578125 0.013671875
0 0.787109375 0.404296875 0.0205078125 0.013671875
0 0.4306640625 0.46484375 0.0361328125 0.0302734375
0 0.2822265625 0.4287109375 0.0361328125 0.025390625
1 0.759765625 0.330078125 0.0185546875 0.0224609375
0 0.318359375 0.423828125 0.03125 0.0419921875
2 0.4580078125 0.9541015625 0.025390625 0.0859375
1 0.7744140625 0.380859375 0.013671875 0.044921875