2 0.8349609375 0.9248046875 0.1640625 0.0830078125
1 0.66015625 0.654296875 0.4169921875 0.408203125
1 0.369140625 0.490234375 0.130859375 0.169921875
1 0.73046875 0.318359375 0.0263671875 0.0361328125
1 0.5341796875 0.466796875 0.1533203125 0.1884765625
1 0.880859375 0.4931640625 0.2138671875 0.23046875
1 0.462890625 0.3623046875 0.0625 0.119140625
1 0.556640625 0.3642578125 0.037109375 0.0498046875
1 0.6943359375 0.392578125 0.111328125 0.1748046875
1 0.2294921875 0.3662109375 0.056640625 0.0947265625
1 0.5810546875 0.330078125 0.03125 0.06640625
1 0.2314453125 0.7431640625 0.4189453125 0.5029296875
1 0.4375 0.3359375 0.0185546875 0.033203125
1 0.07421875 0.4677734375 0.142578125 0.1806640625
1 0.318359375 0.357421875 0.0625 0.09765625
2 0.5263671875 0.5927734375 0.041015625 0.046875
1 0.484375 0.33984375 0.015625 0.0361328125
1 0.763671875 0.3193359375 0.0439453125 0.06640625
1 0.923828125 0.3486328125 0.0751953125 0.1083984375
1 0.6259765625 0.3056640625 0.017578125 0.02734375
1 0.8388671875 0.3779296875 0.046875 0.072265625
1 0.615234375 0.345703125 0.052734375 0.091796875
1 0.41015625 0.3720703125 0.048828125 0.0947265625
1 0.0361328125 0.390625 0.0439453125 0.05859375
1 0.359375 0.33984375 0.0283203125 0.052734375
1 0.287109375 0.341796875 0.013671875 0.033203125
0 0.474609375 0.4833984375 0.037109375 0.0390625
1 0.7412109375 0.3662109375 0.029296875 0.0556640625
0 0.3818359375 0.9423828125 0.095703125 0.115234375
1 0.673828125 0.318359375 0.017578125 0.0361328125
0 0.1875 0.9501953125 0.193359375 0.099609375
0 0.880859375 0.60546875 0.0810546875 0.0498046875
1 0.82421875 0.3291015625 0.0419921875 0.046875
0 0.439453125 0.6083984375 0.052734375 0.0390625
1 0.1806640625 0.3662109375 0.0390625 0.0556640625
0 0.4892578125 0.4287109375 0.0283203125 0.01953125
0 0.3798828125 0.578125 0.1123046875 0.0498046875
1 0.5244140625 0.357421875 0.0205078125 0.0361328125
2 0.7998046875 0.4345703125 0.025390625 0.0302734375
0 0.4052734375 0.46484375 0.044921875 0.025390625
0 0.3935546875 0.4287109375 0.0439453125 0.025390625
1 0.7880859375 0.365234375 0.0390625 0.05859375
0 0.330078125 0.4052734375 0.025390625 0.0107421875
1 0.9755859375 0.37890625 0.044921875 0.080078125
0 0.611328125 0.39453125 0.025390625 0.0224609375
0 0.455078125 0.390625 0.029296875 0.025390625
0 0.1875 0.4677734375 0.0810546875 0.05859375
0 0.5859375 0.37890625 0.0185546875 0.01953125
0 0.587890625 0.45703125 0.0234375 0.0361328125
0 0.216796875 0.87109375 0.0908203125 0.0634765625
0 0.28125 0.4306640625 0.0439453125 0.0224609375
0 0.76171875 0.4052734375 0.0263671875 0.033203125
1 0.5986328125 0.3525390625 0.015625 0.0224609375
2 0.880859375 0.62109375 0.0205078125 0.013671875
2 0.4599609375 0.955078125 0.0234375 0.0830078125
1 0.3173828125 0.3447265625 0.009765625 0.0166015625