2 0.8349609375 0.923828125 0.1640625 0.080078125
1 0.6904296875 0.69140625 0.453125 0.3447265625
1 0.263671875 0.7236328125 0.365234375 0.4580078125
1 0.8564453125 0.4736328125 0.224609375 0.2197265625
1 0.4560546875 0.337890625 0.056640625 0.091796875
1 0.3759765625 0.482421875 0.138671875 0.1748046875
1 0.7060546875 0.408203125 0.119140625 0.171875
1 0.5 0.3291015625 0.0185546875 0.0361328125
1 0.3037109375 0.341796875 0.0390625 0.0498046875
1 0.513671875 0.392578125 0.0703125 0.15234375
1 0.193359375 0.419921875 0.119140625 0.177734375
1 0.2763671875 0.349609375 0.0283203125 0.044921875
1 0.611328125 0.3447265625 0.060546875 0.0888671875
1 0.7060546875 0.328125 0.0439453125 0.0830078125
1 0.662109375 0.31640625 0.0185546875 0.02734375
1 0.068359375 0.4150390625 0.1015625 0.119140625
0 0.478515625 0.482421875 0.0419921875 0.0361328125
1 0.228515625 0.3720703125 0.0263671875 0.044921875
1 0.3544921875 0.3427734375 0.037109375 0.05859375
0 0.154296875 0.955078125 0.283203125 0.0888671875
1 0.91015625 0.3486328125 0.060546875 0.080078125
1 0.7685546875 0.326171875 0.037109375 0.0634765625
0 0.892578125 0.5927734375 0.126953125 0.0693359375
1 0.8427734375 0.341796875 0.064453125 0.0888671875
1 0.5810546875 0.341796875 0.025390625 0.044921875
0 0.5478515625 0.5693359375 0.126953125 0.06640625
0 0.4384765625 0.607421875 0.0546875 0.0419921875
1 0.6513671875 0.3916015625 0.03125 0.0615234375
0 0.4873046875 0.4287109375 0.03125 0.01953125
0 0.7001953125 0.4794921875 0.037109375 0.01953125
1 0.255859375 0.380859375 0.029296875 0.0390625
1 0.419921875 0.3359375 0.013671875 0.0166015625
1 0.974609375 0.3515625 0.0439453125 0.046875
0 0.466796875 0.3857421875 0.025390625 0.0166015625
0 0.3876953125 0.58203125 0.037109375 0.0361328125
1 0.6435546875 0.318359375 0.0185546875 0.0361328125
1 0.8037109375 0.330078125 0.033203125 0.044921875
1 0.14453125 0.41796875 0.0234375 0.0361328125
0 0.2001953125 0.490234375 0.0498046875 0.025390625
1 0.60546875 0.330078125 0.013671875 0.02734375
0 0.0380859375 0.54296875 0.076171875 0.046875
0 0.9755859375 0.56640625 0.044921875 0.02734375
1 0.6787109375 0.3427734375 0.0205078125 0.0302734375
0 0.291015625 0.4287109375 0.0205078125 0.013671875
1 0.87890625 0.3349609375 0.0205078125 0.0419921875
0 0.0380859375 0.59765625 0.076171875 0.0556640625
0 0.3232421875 0.4052734375 0.025390625 0.0166015625
1 0.9560546875 0.732421875 0.0810546875 0.203125
0 0.611328125 0.47265625 0.0205078125 0.0166015625
1 0.5205078125 0.318359375 0.0283203125 0.0419921875
0 0.591796875 0.4541015625 0.0185546875 0.025390625
0 0.6064453125 0.3916015625 0.025390625 0.0166015625
0 0.611328125 0.5595703125 0.0205078125 0.01953125
0 0.76953125 0.3662109375 0.013671875 0.02734375
1 0.81640625 0.4140625 0.0576171875 0.072265625
1 0.6240234375 0.3662109375 0.013671875 0.0224609375
0 0.642578125 0.447265625 0.041015625 0.0556640625
1 0.1005859375 0.7080078125 0.0546875 0.1337890625