2 0.806640625 0.8623046875 0.15625 0.0751953125
1 0.6572265625 0.6279296875 0.388671875 0.3720703125
1 0.3779296875 0.455078125 0.1376953125 0.18359375
1 0.263671875 0.732421875 0.3857421875 0.525390625
1 0.5546875 0.4306640625 0.1279296875 0.1669921875
1 0.6875 0.37890625 0.1123046875 0.1416015625
1 0.716796875 0.29296875 0.0185546875 0.0302734375
1 0.4560546875 0.384765625 0.09375 0.130859375
1 0.494140625 0.318359375 0.0205078125 0.0302734375
1 0.75 0.294921875 0.0498046875 0.072265625
1 0.80078125 0.443359375 0.1669921875 0.197265625
1 0.4384765625 0.3115234375 0.017578125 0.0224609375
1 0.212890625 0.4140625 0.119140625 0.18359375
1 0.8662109375 0.322265625 0.0732421875 0.10546875
1 0.9716796875 0.29296875 0.0185546875 0.025390625
1 0.2919921875 0.3212890625 0.025390625 0.0361328125
1 0.65625 0.296875 0.03125 0.0556640625
1 0.634765625 0.29296875 0.017578125 0.0302734375
1 0.3291015625 0.3251953125 0.048828125 0.0830078125
1 0.091796875 0.46484375 0.1669921875 0.2470703125
1 0.95703125 0.3232421875 0.076171875 0.091796875
1 0.5 0.294921875 0.0126953125 0.0224609375
1 0.69921875 0.306640625 0.0263671875 0.0419921875
1 0.248046875 0.3291015625 0.0234375 0.0361328125
1 0.314453125 0.29296875 0.015625 0.025390625
1 0.619140625 0.3232421875 0.068359375 0.080078125
1 0.361328125 0.318359375 0.025390625 0.046875
0 0.8935546875 0.5419921875 0.1435546875 0.0556640625
0 0.48046875 0.451171875 0.044921875 0.0361328125
1 0.572265625 0.3056640625 0.0205078125 0.044921875
1 0.185546875 0.328125 0.0361328125 0.0498046875
1 0.0751953125 0.3583984375 0.0439453125 0.0498046875
1 0.66796875 0.3447265625 0.029296875 0.0498046875
1 0.4619140625 0.3115234375 0.0234375 0.044921875
0 0.5302734375 0.52734375 0.111328125 0.044921875
0 0.443359375 0.568359375 0.0498046875 0.0361328125
0 0.4248046875 0.41796875 0.0185546875 0.0302734375
0 0.380859375 0.5400390625 0.0625 0.0361328125
0 0.4111328125 0.39453125 0.0283203125 0.0224609375
0 0.056640625 0.453125 0.0361328125 0.02734375
1 0.212890625 0.34765625 0.03125 0.0556640625
0 0.6943359375 0.44140625 0.064453125 0.033203125
1 0.982421875 0.4111328125 0.033203125 0.10546875
1 0.5244140625 0.3134765625 0.0263671875 0.0498046875
0 0.1875 0.4287109375 0.03125 0.01953125
1 0.2998046875 0.357421875 0.03125 0.046875
0 0.35546875 0.3486328125 0.0205078125 0.01953125
1 0.748046875 0.3447265625 0.0205078125 0.0498046875
0 0.4990234375 0.400390625 0.0234375 0.0166015625
0 0.642578125 0.39453125 0.0234375 0.0166015625
0 0.30078125 0.3955078125 0.0205078125 0.013671875
0 0.2177734375 0.419921875 0.048828125 0.02734375
0 0.4931640625 0.5498046875 0.0361328125 0.0166015625
2 0.3955078125 0.9736328125 0.037109375 0.0419921875
0 0.21875 0.4462890625 0.0498046875 0.025390625
0 0.3125 0.4638671875 0.0185546875 0.0224609375
0 0.337890625 0.4365234375 0.037109375 0.033203125
0 0.60546875 0.3681640625 0.0263671875 0.0302734375
1 0.6103515625 0.3037109375 0.013671875 0.025390625
0 0.4677734375 0.361328125 0.013671875 0.0166015625
1 0.3740234375 0.3525390625 0.013671875 0.044921875