2 0.8349609375 0.9267578125 0.1640625 0.0859375
1 0.2734375 0.75390625 0.390625 0.4912109375
1 0.818359375 0.48046875 0.193359375 0.205078125
1 0.537109375 0.4736328125 0.15625 0.169921875
1 0.3701171875 0.484375 0.1591796875 0.1806640625
1 0.6875 0.6875 0.4501953125 0.330078125
1 0.64453125 0.318359375 0.013671875 0.025390625
1 0.1796875 0.4306640625 0.1220703125 0.18359375
1 0.66796875 0.322265625 0.0205078125 0.033203125
1 0.185546875 0.3544921875 0.025390625 0.0361328125
1 0.291015625 0.41015625 0.0732421875 0.1806640625
1 0.484375 0.357421875 0.0439453125 0.091796875
0 0.478515625 0.482421875 0.0439453125 0.0419921875
1 0.2978515625 0.330078125 0.013671875 0.02734375
1 0.8623046875 0.3720703125 0.056640625 0.044921875
1 0.21875 0.3642578125 0.025390625 0.0390625
1 0.9501953125 0.443359375 0.099609375 0.224609375
1 0.8935546875 0.3291015625 0.068359375 0.0751953125
1 0.7080078125 0.330078125 0.0439453125 0.0947265625
1 0.34765625 0.359375 0.0361328125 0.080078125
1 0.07421875 0.5263671875 0.1455078125 0.296875
1 0.6015625 0.3857421875 0.068359375 0.14453125
1 0.837890625 0.318359375 0.037109375 0.0634765625
1 0.94140625 0.33984375 0.0419921875 0.052734375
1 0.5009765625 0.328125 0.013671875 0.0390625
1 0.4267578125 0.365234375 0.0810546875 0.1025390625
1 0.755859375 0.341796875 0.0419921875 0.044921875
1 0.701171875 0.427734375 0.1123046875 0.2001953125
0 0.40625 0.4384765625 0.025390625 0.0390625
0 0.4384765625 0.6083984375 0.0546875 0.0390625
0 0.380859375 0.5712890625 0.060546875 0.0361328125
0 0.869140625 0.5986328125 0.09375 0.05859375
1 0.7685546875 0.306640625 0.025390625 0.046875
1 0.369140625 0.3662109375 0.0234375 0.0615234375
1 0.3125 0.341796875 0.025390625 0.0498046875
1 0.8046875 0.330078125 0.0498046875 0.0888671875
0 0.537109375 0.580078125 0.1201171875 0.0556640625
1 0.9814453125 0.361328125 0.03125 0.0556640625
0 0.4931640625 0.4287109375 0.0263671875 0.01953125
0 0.642578125 0.427734375 0.044921875 0.0224609375
1 0.580078125 0.31640625 0.015625 0.033203125
0 0.6982421875 0.4794921875 0.041015625 0.025390625
1 0.6064453125 0.3291015625 0.0185546875 0.0302734375
0 0.7705078125 0.443359375 0.0283203125 0.0302734375
2 0.6103515625 0.4794921875 0.0205078125 0.025390625
0 0.60546875 0.556640625 0.029296875 0.025390625
1 0.6318359375 0.3544921875 0.0263671875 0.025390625
1 0.73046875 0.318359375 0.017578125 0.025390625
1 0.9560546875 0.6962890625 0.0810546875 0.275390625
0 0.0380859375 0.546875 0.076171875 0.0556640625
0 0.30078125 0.4990234375 0.0205078125 0.0302734375
0 0.7978515625 0.3759765625 0.0205078125 0.013671875
0 0.4599609375 0.380859375 0.0205078125 0.0166015625
0 0.431640625 0.4677734375 0.037109375 0.025390625
0 0.2001953125 0.4912109375 0.0498046875 0.0224609375
0 0.2841796875 0.4287109375 0.0439453125 0.025390625
0 0.2451171875 0.4111328125 0.0185546875 0.0166015625
0 0.3115234375 0.37890625 0.013671875 0.0419921875
0 0.5927734375 0.3720703125 0.013671875 0.0166015625
1 0.822265625 0.3681640625 0.0361328125 0.0302734375
1 0.3291015625 0.455078125 0.0205078125 0.06640625