2 0.833984375 0.927734375 0.166015625 0.0830078125
1 0.705078125 0.69140625 0.4716796875 0.3388671875
1 0.26171875 0.7412109375 0.404296875 0.4892578125
1 0.8623046875 0.48046875 0.2626953125 0.2333984375
1 0.4306640625 0.4052734375 0.1044921875 0.150390625
1 0.53125 0.48046875 0.162109375 0.1943359375
1 0.185546875 0.4365234375 0.115234375 0.205078125
1 0.275390625 0.3486328125 0.0234375 0.0419921875
1 0.498046875 0.3740234375 0.072265625 0.1083984375
1 0.3408203125 0.3525390625 0.021484375 0.0390625
1 0.2724609375 0.4169921875 0.0888671875 0.1611328125
1 0.298828125 0.3388671875 0.017578125 0.0390625
1 0.0751953125 0.5107421875 0.1435546875 0.2724609375
1 0.767578125 0.3212890625 0.0498046875 0.0859375
1 0.712890625 0.4306640625 0.1064453125 0.1943359375
1 0.873046875 0.306640625 0.0546875 0.0859375
1 0.505859375 0.330078125 0.017578125 0.044921875
1 0.013671875 0.3779296875 0.02734375 0.041015625
1 0.4814453125 0.3388671875 0.0185546875 0.0390625
1 0.72265625 0.318359375 0.0361328125 0.0634765625
0 0.4755859375 0.482421875 0.0419921875 0.0361328125
0 0.8759765625 0.607421875 0.1201171875 0.1142578125
1 0.224609375 0.3544921875 0.025390625 0.0419921875
0 0.41015625 0.4404296875 0.0263671875 0.0419921875
1 0.8193359375 0.3388671875 0.064453125 0.0888671875
1 0.935546875 0.3544921875 0.0419921875 0.05859375
1 0.6767578125 0.3388671875 0.03125 0.0615234375
1 0.9609375 0.6904296875 0.078125 0.2919921875
1 0.630859375 0.3115234375 0.025390625 0.044921875
1 0.5869140625 0.349609375 0.029296875 0.0556640625
0 0.4384765625 0.6083984375 0.0546875 0.0390625
1 0.5615234375 0.3662109375 0.0361328125 0.0615234375
0 0.486328125 0.4287109375 0.033203125 0.01953125
1 0.361328125 0.34765625 0.0205078125 0.033203125
1 0.4345703125 0.3720703125 0.025390625 0.0556640625
1 0.31640625 0.3515625 0.017578125 0.025390625
0 0.349609375 0.37890625 0.0185546875 0.01953125
1 0.9873046875 0.3525390625 0.025390625 0.0390625
0 0.642578125 0.423828125 0.044921875 0.01953125
0 0.3876953125 0.5791015625 0.0498046875 0.0419921875
0 0.697265625 0.48046875 0.044921875 0.02734375
1 0.29296875 0.369140625 0.029296875 0.033203125
2 0.5439453125 0.5927734375 0.0751953125 0.046875
0 0.455078125 0.384765625 0.0234375 0.01953125
0 0.591796875 0.3779296875 0.0234375 0.0166015625
0 0.498046875 0.58984375 0.03125 0.025390625
0 0.421875 0.466796875 0.03125 0.0224609375
0 0.7685546875 0.443359375 0.025390625 0.0302734375
0 0.0390625 0.5458984375 0.078125 0.046875
1 0.3544921875 0.3291015625 0.0126953125 0.01953125
0 0.283203125 0.427734375 0.041015625 0.02734375
0 0.7939453125 0.3662109375 0.0185546875 0.0224609375
0 0.2255859375 0.3818359375 0.013671875 0.025390625
2 0.609375 0.4794921875 0.021484375 0.025390625
0 0.5869140625 0.462890625 0.0263671875 0.0419921875
0 0.611328125 0.390625 0.025390625 0.025390625
1 0.837890625 0.3193359375 0.017578125 0.033203125
0 0.556640625 0.318359375 0.0185546875 0.0302734375
1 0.986328125 0.4150390625 0.0205078125 0.09765625
0 0.0341796875 0.505859375 0.052734375 0.044921875
1 0.5615234375 0.29296875 0.013671875 0.025390625
0 0.5341796875 0.3125 0.0185546875 0.01953125
0 0.923828125 0.41015625 0.025390625 0.01953125