0 0.8359375 0.927734375 0.166015625 0.0830078125
1 0.685546875 0.6240234375 0.4267578125 0.4580078125
1 0.2568359375 0.7490234375 0.4482421875 0.4912109375
1 0.3818359375 0.4931640625 0.1357421875 0.1806640625
1 0.4619140625 0.3486328125 0.044921875 0.080078125
1 0.4384765625 0.328125 0.017578125 0.033203125
1 0.19140625 0.412109375 0.1171875 0.19140625
1 0.912109375 0.3525390625 0.0673828125 0.099609375
1 0.349609375 0.341796875 0.044921875 0.078125
1 0.07421875 0.4912109375 0.1484375 0.2724609375
1 0.7451171875 0.3876953125 0.078125 0.091796875
1 0.5 0.3779296875 0.0625 0.150390625
1 0.26953125 0.41796875 0.0732421875 0.1474609375
1 0.724609375 0.3154296875 0.0185546875 0.0361328125
1 0.279296875 0.341796875 0.021484375 0.0498046875
1 0.4931640625 0.3349609375 0.017578125 0.0302734375
1 0.216796875 0.35546875 0.041015625 0.0556640625
1 0.6748046875 0.3291015625 0.03125 0.052734375
1 0.8154296875 0.3359375 0.068359375 0.0947265625
1 0.603515625 0.3447265625 0.0576171875 0.0888671875
1 0.7626953125 0.3095703125 0.0439453125 0.080078125
1 0.54296875 0.3583984375 0.033203125 0.0498046875
0 0.478515625 0.4833984375 0.041015625 0.0390625
1 0.6552734375 0.380859375 0.0703125 0.099609375
1 0.416015625 0.31640625 0.0341796875 0.111328125
0 0.439453125 0.6083984375 0.052734375 0.0390625
0 0.9375 0.58203125 0.1064453125 0.046875
1 0.64453125 0.322265625 0.017578125 0.033203125
0 0.392578125 0.9306640625 0.146484375 0.138671875
1 0.962890625 0.716796875 0.0732421875 0.25
1 0.69921875 0.3359375 0.033203125 0.06640625
0 0.5439453125 0.556640625 0.068359375 0.0419921875
1 0.298828125 0.3525390625 0.0205078125 0.033203125
0 0.462890625 0.390625 0.029296875 0.025390625
0 0.4970703125 0.58984375 0.0283203125 0.0419921875
1 0.9814453125 0.3642578125 0.037109375 0.064453125
0 0.142578125 0.455078125 0.0498046875 0.033203125
1 0.599609375 0.326171875 0.0185546875 0.025390625
0 0.6044921875 0.3974609375 0.037109375 0.0166015625
1 0.416015625 0.2763671875 0.013671875 0.025390625
0 0.349609375 0.380859375 0.0185546875 0.0224609375
0 0.2001953125 0.490234375 0.0498046875 0.025390625
0 0.412109375 0.4287109375 0.017578125 0.01953125
1 0.8876953125 0.29296875 0.025390625 0.0361328125
0 0.423828125 0.453125 0.021484375 0.0390625
2 0.537109375 0.591796875 0.0625 0.044921875
0 0.326171875 0.404296875 0.029296875 0.013671875
0 0.28125 0.9697265625 0.0625 0.0498046875
2 0.8193359375 0.5556640625 0.0361328125 0.0224609375
0 0.388671875 0.5732421875 0.0654296875 0.0419921875
1 0.5322265625 0.3291015625 0.0107421875 0.01953125
0 0.7626953125 0.349609375 0.025390625 0.0166015625
1 0.69921875 0.37890625 0.0234375 0.025390625
1 0.875 0.3359375 0.037109375 0.044921875
1 0.59375 0.359375 0.0185546875 0.0302734375
0 0.28515625 0.4306640625 0.0390625 0.02734375
0 0.9619140625 0.3486328125 0.0263671875 0.01953125