2 0.833984375 0.927734375 0.166015625 0.0830078125
1 0.6591796875 0.662109375 0.4248046875 0.408203125
1 0.240234375 0.7626953125 0.349609375 0.4697265625
1 0.8447265625 0.4580078125 0.220703125 0.2724609375
1 0.3662109375 0.4931640625 0.158203125 0.1865234375
1 0.7177734375 0.400390625 0.1201171875 0.1552734375
1 0.234375 0.3515625 0.025390625 0.0361328125
1 0.8984375 0.3427734375 0.052734375 0.091796875
1 0.767578125 0.3115234375 0.0498046875 0.0830078125
1 0.8310546875 0.3251953125 0.03125 0.044921875
1 0.505859375 0.369140625 0.0732421875 0.138671875
1 0.193359375 0.4404296875 0.1123046875 0.2080078125
1 0.35546875 0.3427734375 0.0234375 0.052734375
1 0.716796875 0.3232421875 0.044921875 0.080078125
1 0.28125 0.3447265625 0.025390625 0.0390625
1 0.255859375 0.3916015625 0.0625 0.099609375
1 0.4326171875 0.365234375 0.0908203125 0.1083984375
1 0.6044921875 0.3486328125 0.037109375 0.080078125
1 0.9404296875 0.35546875 0.0439453125 0.06640625
1 0.6728515625 0.3193359375 0.0205078125 0.033203125
1 0.0732421875 0.515625 0.1435546875 0.263671875
1 0.568359375 0.380859375 0.044921875 0.072265625
1 0.3251953125 0.384765625 0.0625 0.130859375
1 0.4921875 0.341796875 0.015625 0.02734375
0 0.8642578125 0.591796875 0.0966796875 0.078125
0 0.376953125 0.5791015625 0.0625 0.0361328125
1 0.642578125 0.318359375 0.0185546875 0.0302734375
1 0.94921875 0.6484375 0.0986328125 0.380859375
1 0.193359375 0.365234375 0.03125 0.0419921875
0 0.494140625 0.4287109375 0.03125 0.01953125
0 0.5380859375 0.5751953125 0.111328125 0.0498046875
0 0.474609375 0.48046875 0.0439453125 0.0390625
1 0.296875 0.3740234375 0.0283203125 0.0419921875
0 0.4384765625 0.6083984375 0.0546875 0.0390625
0 0.400390625 0.4365234375 0.029296875 0.033203125
0 0.3876953125 0.92578125 0.150390625 0.1484375
1 0.9794921875 0.357421875 0.041015625 0.046875
1 0.0380859375 0.4052734375 0.048828125 0.0615234375
1 0.798828125 0.349609375 0.0439453125 0.06640625
0 0.6474609375 0.423828125 0.0361328125 0.01953125
0 0.798828125 0.3779296875 0.0185546875 0.0107421875
0 0.8994140625 0.400390625 0.0361328125 0.0166015625
1 0.6748046875 0.37109375 0.03125 0.05859375
1 0.2236328125 0.37890625 0.0185546875 0.0361328125
0 0.30078125 0.56640625 0.0361328125 0.02734375
0 0.611328125 0.39453125 0.025390625 0.0166015625
0 0.431640625 0.4580078125 0.0498046875 0.033203125
0 0.287109375 0.4287109375 0.0361328125 0.01953125
0 0.2490234375 0.41796875 0.033203125 0.01953125
0 0.0087890625 0.50390625 0.017578125 0.0361328125
0 0.30078125 0.49609375 0.0205078125 0.025390625
0 0.380859375 0.400390625 0.0126953125 0.0166015625
1 0.263671875 0.369140625 0.017578125 0.033203125
1 0.599609375 0.318359375 0.0126953125 0.025390625
1 0.0693359375 0.4052734375 0.0205078125 0.02734375
0 0.1376953125 0.4609375 0.025390625 0.0166015625
0 0.587890625 0.462890625 0.03125 0.0419921875
1 0.10546875 0.705078125 0.064453125 0.1337890625
0 0.3251953125 0.4052734375 0.025390625 0.0107421875
0 0.349609375 0.380859375 0.025390625 0.033203125
1 0.82421875 0.302734375 0.0107421875 0.0224609375
1 0.6240234375 0.380859375 0.013671875 0.0224609375
1 0.9873046875 0.4677734375 0.0185546875 0.091796875
1 0.025390625 0.880859375 0.0498046875 0.2001953125