2 0.8056640625 0.8623046875 0.1513671875 0.0751953125
1 0.666015625 0.5859375 0.4033203125 0.43359375
1 0.373046875 0.453125 0.150390625 0.2001953125
1 0.2568359375 0.716796875 0.4267578125 0.533203125
1 0.7216796875 0.2900390625 0.0185546875 0.0302734375
1 0.5 0.296875 0.0126953125 0.0166015625
1 0.416015625 0.3427734375 0.041015625 0.080078125
1 0.29296875 0.3125 0.0205078125 0.0302734375
1 0.55078125 0.330078125 0.033203125 0.044921875
1 0.287109375 0.375 0.0751953125 0.1162109375
1 0.7314453125 0.35546875 0.0810546875 0.111328125
1 0.25 0.328125 0.025390625 0.044921875
1 0.875 0.302734375 0.0439453125 0.0615234375
1 0.755859375 0.2919921875 0.0419921875 0.072265625
1 0.4560546875 0.3115234375 0.037109375 0.0830078125
1 0.8076171875 0.2802734375 0.021484375 0.033203125
1 0.625 0.31640625 0.0625 0.072265625
1 0.830078125 0.3291015625 0.044921875 0.0693359375
1 0.3125 0.3056640625 0.0185546875 0.0224609375
1 0.5068359375 0.3486328125 0.0673828125 0.1416015625
1 0.087890625 0.4384765625 0.162109375 0.2724609375
1 0.935546875 0.423828125 0.125 0.2197265625
1 0.20703125 0.380859375 0.1044921875 0.138671875
1 0.65625 0.3583984375 0.037109375 0.0830078125
1 0.576171875 0.3037109375 0.0283203125 0.05859375
1 0.697265625 0.3095703125 0.0390625 0.05859375
1 0.3310546875 0.3427734375 0.03125 0.052734375
0 0.8857421875 0.54296875 0.119140625 0.05859375
2 0.537109375 0.5498046875 0.0517578125 0.044921875
1 0.59765625 0.3095703125 0.0205078125 0.0302734375
0 0.443359375 0.568359375 0.0546875 0.0361328125
0 0.478515625 0.451171875 0.0498046875 0.0361328125
1 0.3740234375 0.3291015625 0.0234375 0.046875
0 0.4091796875 0.4052734375 0.0283203125 0.033203125
0 0.3818359375 0.5458984375 0.107421875 0.0361328125
1 0.041015625 0.4306640625 0.025390625 0.0498046875
0 0.4921875 0.3984375 0.021484375 0.01953125
1 0.7890625 0.3427734375 0.052734375 0.09765625
1 0.982421875 0.31640625 0.0263671875 0.0390625
0 0.630859375 0.3974609375 0.0205078125 0.0166015625
1 0.947265625 0.330078125 0.048828125 0.0390625
0 0.625 0.3740234375 0.037109375 0.0419921875
0 0.931640625 0.359375 0.025390625 0.0302734375
2 0.3984375 0.95703125 0.037109375 0.0751953125
1 0.326171875 0.318359375 0.0126953125 0.01953125
0 0.4248046875 0.4306640625 0.03125 0.0166015625
1 0.5888671875 0.341796875 0.021484375 0.02734375
0 0.6064453125 0.35546875 0.0185546875 0.0224609375
1 0.353515625 0.3212890625 0.021484375 0.0361328125
1 0.732421875 0.28515625 0.0107421875 0.01953125
1 0.3125 0.337890625 0.0185546875 0.0302734375
1 0.6826171875 0.3427734375 0.0185546875 0.025390625
0 0.33203125 0.390625 0.029296875 0.046875
1 0.494140625 0.31640625 0.0185546875 0.02734375