2 0.806640625 0.857421875 0.1513671875 0.0751953125
1 0.6689453125 0.6181640625 0.412109375 0.3525390625
1 0.380859375 0.453125 0.130859375 0.1943359375
1 0.279296875 0.705078125 0.3935546875 0.494140625
1 0.462890625 0.318359375 0.033203125 0.080078125
1 0.7197265625 0.29296875 0.0205078125 0.0419921875
1 0.541015625 0.44140625 0.1611328125 0.18359375
1 0.2509765625 0.31640625 0.0234375 0.033203125
1 0.6875 0.357421875 0.099609375 0.1748046875
1 0.080078125 0.4580078125 0.16015625 0.216796875
1 0.197265625 0.40234375 0.125 0.177734375
1 0.9365234375 0.4208984375 0.126953125 0.2138671875
1 0.36328125 0.30859375 0.013671875 0.02734375
1 0.255859375 0.359375 0.033203125 0.0693359375
1 0.287109375 0.3427734375 0.0498046875 0.091796875
1 0.8427734375 0.345703125 0.048828125 0.05859375
1 0.5751953125 0.3056640625 0.03125 0.0498046875
1 0.7509765625 0.294921875 0.0419921875 0.072265625
1 0.623046875 0.3232421875 0.0498046875 0.080078125
0 0.8935546875 0.54296875 0.130859375 0.05859375
1 0.8076171875 0.296875 0.03125 0.0556640625
1 0.4951171875 0.3056640625 0.015625 0.033203125
1 0.6572265625 0.341796875 0.0263671875 0.0498046875
1 0.92578125 0.318359375 0.0703125 0.0751953125
0 0.48046875 0.453125 0.0419921875 0.0390625
1 0.859375 0.2958984375 0.0498046875 0.0751953125
1 0.962890625 0.306640625 0.0205078125 0.05859375
0 0.443359375 0.568359375 0.0498046875 0.0361328125
1 0.0810546875 0.361328125 0.0439453125 0.0556640625
1 0.654296875 0.298828125 0.0234375 0.05859375
1 0.548828125 0.3427734375 0.0341796875 0.05859375
0 0.412109375 0.39453125 0.0234375 0.0224609375
1 0.208984375 0.3349609375 0.03125 0.0302734375
1 0.599609375 0.302734375 0.013671875 0.02734375
0 0.4287109375 0.4169921875 0.0263671875 0.0390625
2 0.5478515625 0.5537109375 0.0703125 0.0419921875
1 0.3310546875 0.341796875 0.03125 0.0615234375
0 0.3818359375 0.54296875 0.0576171875 0.025390625
0 0.4921875 0.3984375 0.0283203125 0.01953125
1 0.3125 0.31640625 0.0185546875 0.033203125
0 0.494140625 0.544921875 0.0390625 0.033203125
0 0.009765625 0.4599609375 0.01953125 0.033203125
1 0.7802734375 0.3056640625 0.0263671875 0.044921875
1 0.5166015625 0.3115234375 0.029296875 0.0556640625
0 0.7431640625 0.404296875 0.0361328125 0.046875
0 0.4697265625 0.3623046875 0.017578125 0.01953125
2 0.3984375 0.95703125 0.037109375 0.0751953125
0 0.4443359375 0.443359375 0.033203125 0.01953125
0 0.591796875 0.5263671875 0.029296875 0.0361328125
0 0.3017578125 0.3984375 0.025390625 0.01953125
2 0.681640625 0.4482421875 0.0439453125 0.0302734375
0 0.9560546875 0.5302734375 0.03125 0.0224609375
1 0.7841796875 0.3583984375 0.052734375 0.0830078125
0 0.3603515625 0.3515625 0.0205078125 0.025390625
1 0.306640625 0.34765625 0.017578125 0.033203125
0 0.630859375 0.41796875 0.03125 0.046875
1 0.580078125 0.365234375 0.0361328125 0.0419921875
1 0.923828125 0.31640625 0.0205078125 0.02734375
0 0.935546875 0.3544921875 0.029296875 0.0302734375
0 0.7255859375 0.453125 0.048828125 0.0556640625
1 0.3505859375 0.326171875 0.0205078125 0.0361328125
2 0.4599609375 0.3525390625 0.013671875 0.0166015625
0 0.4248046875 0.5390625 0.025390625 0.0107421875
0 0.744140625 0.3486328125 0.033203125 0.0419921875