2 0.8056640625 0.8623046875 0.154296875 0.0751953125
1 0.6416015625 0.6357421875 0.392578125 0.35546875
1 0.2666015625 0.658203125 0.3642578125 0.4609375
1 0.837890625 0.4384765625 0.2060546875 0.2392578125
1 0.384765625 0.4462890625 0.109375 0.1640625
1 0.5263671875 0.4404296875 0.1689453125 0.224609375
1 0.2080078125 0.3759765625 0.103515625 0.1357421875
1 0.806640625 0.279296875 0.0185546875 0.025390625
1 0.6943359375 0.37890625 0.1142578125 0.1357421875
1 0.4384765625 0.3232421875 0.0263671875 0.0419921875
1 0.474609375 0.341796875 0.0498046875 0.0947265625
1 0.0859375 0.462890625 0.1689453125 0.23046875
1 0.2412109375 0.33984375 0.0234375 0.0419921875
1 0.3125 0.302734375 0.0185546875 0.02734375
1 0.716796875 0.29296875 0.0205078125 0.0419921875
1 0.07421875 0.361328125 0.0361328125 0.044921875
1 0.5888671875 0.31640625 0.0439453125 0.078125
1 0.5546875 0.337890625 0.03125 0.05859375
1 0.9814453125 0.2919921875 0.0185546875 0.033203125
1 0.291015625 0.328125 0.0205078125 0.02734375
1 0.7939453125 0.306640625 0.0625 0.0859375
1 0.3115234375 0.3740234375 0.0703125 0.158203125
1 0.859375 0.302734375 0.056640625 0.06640625
1 0.900390625 0.31640625 0.03125 0.072265625
0 0.880859375 0.5498046875 0.1123046875 0.0556640625
1 0.693359375 0.318359375 0.025390625 0.0419921875
1 0.21875 0.330078125 0.025390625 0.0224609375
0 0.3876953125 0.5390625 0.0625 0.0390625
0 0.443359375 0.568359375 0.0498046875 0.0361328125
1 0.7568359375 0.279296875 0.0234375 0.0361328125
1 0.51171875 0.3037109375 0.033203125 0.052734375
1 0.267578125 0.3525390625 0.0283203125 0.0498046875
0 0.412109375 0.4013671875 0.0185546875 0.025390625
1 0.9541015625 0.330078125 0.0546875 0.06640625
0 0.423828125 0.419921875 0.029296875 0.033203125
0 0.1884765625 0.427734375 0.033203125 0.0224609375
0 0.681640625 0.44140625 0.037109375 0.0224609375
1 0.3564453125 0.341796875 0.037109375 0.099609375
1 0.6240234375 0.318359375 0.0234375 0.0419921875
1 0.6474609375 0.294921875 0.029296875 0.0556640625
0 0.37890625 0.8955078125 0.154296875 0.2080078125
0 0.9482421875 0.5302734375 0.0341796875 0.0224609375
0 0.4560546875 0.4443359375 0.056640625 0.033203125
1 0.75 0.3359375 0.0439453125 0.10546875
0 0.755859375 0.408203125 0.0263671875 0.033203125
2 0.537109375 0.546875 0.0625 0.044921875
0 0.607421875 0.35546875 0.0205078125 0.0224609375
0 0.48828125 0.3974609375 0.029296875 0.0166015625
0 0.580078125 0.3515625 0.0234375 0.013671875
1 0.318359375 0.3212890625 0.0185546875 0.025390625
0 0.775390625 0.3544921875 0.025390625 0.0361328125
1 0.162109375 0.3876953125 0.0185546875 0.0302734375
0 0.29296875 0.3984375 0.0419921875 0.01953125
1 0.583984375 0.2900390625 0.009765625 0.025390625
0 0.1552734375 0.4306640625 0.017578125 0.0166015625
0 0.6474609375 0.767578125 0.126953125 0.0302734375
1 0.9365234375 0.6337890625 0.126953125 0.2998046875
0 0.826171875 0.3359375 0.017578125 0.0166015625
0 0.6357421875 0.41796875 0.0341796875 0.05859375