2 0.833984375 0.927734375 0.166015625 0.0830078125
1 0.6748046875 0.6279296875 0.4248046875 0.4833984375
1 0.6494140625 0.3154296875 0.017578125 0.0302734375
1 0.38671875 0.484375 0.1142578125 0.169921875
1 0.189453125 0.3984375 0.1064453125 0.130859375
1 0.353515625 0.3125 0.015625 0.01953125
1 0.66796875 0.31640625 0.0205078125 0.033203125
1 0.466796875 0.3486328125 0.041015625 0.080078125
1 0.2783203125 0.6552734375 0.275390625 0.4443359375
1 0.529296875 0.3251953125 0.017578125 0.0166015625
1 0.3544921875 0.3427734375 0.046875 0.0751953125
1 0.2783203125 0.3486328125 0.025390625 0.0419921875
1 0.5849609375 0.349609375 0.048828125 0.0830078125
1 0.8134765625 0.3291015625 0.0546875 0.09765625
1 0.8515625 0.3515625 0.041015625 0.05859375
1 0.666015625 0.37890625 0.0908203125 0.130859375
1 0.21875 0.357421875 0.03125 0.0419921875
1 0.2705078125 0.4111328125 0.068359375 0.1337890625
1 0.7451171875 0.37890625 0.0654296875 0.1025390625
1 0.0732421875 0.4970703125 0.134765625 0.255859375
1 0.89453125 0.326171875 0.048828125 0.0634765625
1 0.951171875 0.443359375 0.09375 0.224609375
0 0.2177734375 0.9287109375 0.2236328125 0.1357421875
1 0.298828125 0.330078125 0.013671875 0.02734375
1 0.4873046875 0.3359375 0.0185546875 0.044921875
1 0.40625 0.3720703125 0.0439453125 0.0947265625
1 0.7119140625 0.3193359375 0.0419921875 0.0615234375
0 0.4794921875 0.482421875 0.046875 0.0361328125
1 0.53515625 0.388671875 0.0576171875 0.1220703125
0 0.931640625 0.5849609375 0.123046875 0.0693359375
0 0.3876953125 0.9306640625 0.125 0.1337890625
1 0.3251953125 0.3662109375 0.03125 0.06640625
1 0.03515625 0.400390625 0.0390625 0.0556640625
0 0.4384765625 0.607421875 0.0546875 0.0419921875
1 0.837890625 0.3115234375 0.0185546875 0.033203125
0 0.3974609375 0.5712890625 0.033203125 0.0419921875
0 0.4921875 0.4287109375 0.0283203125 0.01953125
0 0.541015625 0.5615234375 0.091796875 0.033203125
1 0.5107421875 0.3037109375 0.0126953125 0.01953125
1 0.9423828125 0.3447265625 0.025390625 0.0390625
1 0.767578125 0.30859375 0.0283203125 0.0498046875
0 0.4189453125 0.4541015625 0.0185546875 0.0361328125
2 0.5380859375 0.591796875 0.060546875 0.044921875
0 0.494140625 0.58203125 0.03125 0.052734375
0 0.6123046875 0.392578125 0.025390625 0.01953125
1 0.5927734375 0.3232421875 0.013671875 0.01953125
1 0.78125 0.349609375 0.03125 0.0556640625
0 0.462890625 0.392578125 0.0185546875 0.025390625
0 0.796875 0.3779296875 0.025390625 0.0107421875
2 0.4501953125 0.4736328125 0.025390625 0.01953125
0 0.326171875 0.404296875 0.0283203125 0.013671875
0 0.607421875 0.4736328125 0.0263671875 0.0302734375
1 0.9599609375 0.365234375 0.013671875 0.0302734375
0 0.224609375 0.384765625 0.0126953125 0.0302734375
1 0.9189453125 0.35546875 0.025390625 0.044921875
1 0.73046875 0.328125 0.0107421875 0.02734375
1 0.6064453125 0.3359375 0.0185546875 0.033203125
0 0.146484375 0.4365234375 0.0185546875 0.0166015625
0 0.1533203125 0.69140625 0.037109375 0.072265625
0 0.3486328125 0.380859375 0.025390625 0.0224609375
0 0.8203125 0.404296875 0.037109375 0.0419921875