2 0.8349609375 0.923828125 0.1640625 0.080078125
1 0.681640625 0.6611328125 0.4501953125 0.39453125
1 0.2666015625 0.716796875 0.388671875 0.4111328125
1 0.6484375 0.31640625 0.0185546875 0.0224609375
1 0.54296875 0.4775390625 0.1611328125 0.171875
1 0.3740234375 0.490234375 0.1455078125 0.1748046875
1 0.4873046875 0.3427734375 0.0185546875 0.0361328125
1 0.9541015625 0.4287109375 0.091796875 0.203125
1 0.2412109375 0.3720703125 0.048828125 0.06640625
1 0.8115234375 0.3486328125 0.076171875 0.119140625
1 0.451171875 0.3427734375 0.044921875 0.0634765625
1 0.7392578125 0.3212890625 0.0341796875 0.0419921875
1 0.6279296875 0.337890625 0.068359375 0.080078125
1 0.70703125 0.4072265625 0.1201171875 0.1748046875
1 0.189453125 0.419921875 0.115234375 0.2109375
1 0.068359375 0.5224609375 0.1328125 0.294921875
1 0.525390625 0.3583984375 0.0439453125 0.0888671875
1 0.3505859375 0.341796875 0.0205078125 0.0390625
1 0.2998046875 0.3291015625 0.0185546875 0.0419921875
1 0.7080078125 0.3291015625 0.03125 0.0634765625
1 0.767578125 0.31640625 0.03125 0.06640625
1 0.0205078125 0.3974609375 0.041015625 0.0556640625
0 0.478515625 0.48046875 0.046875 0.0390625
0 0.8740234375 0.625 0.0986328125 0.0830078125
0 0.38671875 0.580078125 0.0517578125 0.0390625
0 0.4384765625 0.609375 0.0546875 0.0419921875
0 0.181640625 0.919921875 0.2080078125 0.1279296875
1 0.681640625 0.3681640625 0.033203125 0.05859375
1 0.9013671875 0.326171875 0.0498046875 0.0634765625
1 0.5791015625 0.3427734375 0.0205078125 0.0361328125
0 0.5234375 0.5791015625 0.083984375 0.046875
1 0.9560546875 0.669921875 0.087890625 0.3330078125
0 0.486328125 0.4287109375 0.029296875 0.01953125
1 0.19921875 0.359375 0.0361328125 0.0419921875
0 0.37890625 0.9208984375 0.138671875 0.1416015625
1 0.416015625 0.3779296875 0.0595703125 0.0888671875
1 0.5625 0.390625 0.037109375 0.05859375
0 0.013671875 0.501953125 0.02734375 0.0390625
1 0.6689453125 0.326171875 0.0185546875 0.0361328125
0 0.638671875 0.427734375 0.0439453125 0.0224609375
0 0.2001953125 0.490234375 0.0498046875 0.025390625
0 0.41015625 0.4287109375 0.0205078125 0.025390625
0 0.0380859375 0.544921875 0.076171875 0.0498046875
1 0.59765625 0.3232421875 0.0205078125 0.0302734375
0 0.349609375 0.37890625 0.0234375 0.025390625
1 0.50390625 0.318359375 0.0263671875 0.0419921875
0 0.255859375 0.41015625 0.0234375 0.01953125
0 0.419921875 0.451171875 0.017578125 0.0361328125
1 0.279296875 0.3681640625 0.025390625 0.0302734375
0 0.9443359375 0.3525390625 0.0419921875 0.0224609375
0 0.7998046875 0.3759765625 0.025390625 0.013671875
0 0.7001953125 0.4697265625 0.0439453125 0.0224609375
0 0.462890625 0.390625 0.025390625 0.01953125
0 0.7685546875 0.44140625 0.025390625 0.02734375
0 0.6748046875 0.48046875 0.0185546875 0.0166015625
0 0.134765625 0.462890625 0.029296875 0.01953125
0 0.837890625 0.3740234375 0.013671875 0.01953125
0 0.607421875 0.392578125 0.0205078125 0.01953125
0 0.8876953125 0.5615234375 0.1064453125 0.0556640625
1 0.525390625 0.3583984375 0.0185546875 0.0166015625
0 0.5869140625 0.369140625 0.0107421875 0.0166015625
0 0.28125 0.4306640625 0.0498046875 0.02734375
1 0.267578125 0.392578125 0.017578125 0.0302734375
0 0.9365234375 0.5791015625 0.0390625 0.0302734375
0 0.76953125 0.3818359375 0.017578125 0.0419921875
0 0.5927734375 0.392578125 0.0234375 0.0419921875
2 0.4580078125 0.955078125 0.025390625 0.0830078125
0 0.623046875 0.3837890625 0.013671875 0.0166015625