1 0.6494140625 0.607421875 0.3828125 0.3974609375
2 0.8056640625 0.8642578125 0.1513671875 0.078125
1 0.0908203125 0.5830078125 0.171875 0.4609375
1 0.3720703125 0.453125 0.130859375 0.1611328125
1 0.642578125 0.3681640625 0.087890625 0.1474609375
1 0.7548828125 0.2763671875 0.021484375 0.025390625
1 0.212890625 0.390625 0.125 0.158203125
1 0.525390625 0.31640625 0.0185546875 0.0498046875
1 0.287109375 0.318359375 0.0205078125 0.046875
1 0.9365234375 0.3974609375 0.126953125 0.2333984375
1 0.705078125 0.3154296875 0.033203125 0.05859375
1 0.244140625 0.3388671875 0.025390625 0.0390625
1 0.423828125 0.3515625 0.060546875 0.09765625
1 0.80078125 0.3095703125 0.0419921875 0.080078125
1 0.3427734375 0.3388671875 0.0546875 0.099609375
1 0.599609375 0.31640625 0.0439453125 0.072265625
1 0.486328125 0.3232421875 0.0205078125 0.0419921875
1 0.630859375 0.294921875 0.0205078125 0.033203125
1 0.1005859375 0.380859375 0.0888671875 0.099609375
1 0.9853515625 0.29296875 0.0205078125 0.0361328125
1 0.462890625 0.322265625 0.0361328125 0.06640625
1 0.310546875 0.3037109375 0.013671875 0.0302734375
1 0.2841796875 0.3583984375 0.0595703125 0.0830078125
1 0.7578125 0.31640625 0.052734375 0.06640625
0 0.205078125 0.9375 0.1953125 0.125
1 0.8994140625 0.3232421875 0.029296875 0.0693359375
1 0.5009765625 0.298828125 0.013671875 0.0302734375
0 0.443359375 0.568359375 0.0498046875 0.0361328125
0 0.412109375 0.392578125 0.025390625 0.025390625
0 0.478515625 0.451171875 0.0419921875 0.0361328125
1 0.654296875 0.2919921875 0.0205078125 0.033203125
0 0.35546875 0.91796875 0.1455078125 0.15234375
0 0.423828125 0.41796875 0.0234375 0.0302734375
0 0.86328125 0.5458984375 0.0859375 0.05859375
1 0.6826171875 0.330078125 0.0185546875 0.044921875
1 0.03125 0.41796875 0.0625 0.1083984375
1 0.201171875 0.3291015625 0.015625 0.0302734375
0 0.384765625 0.5302734375 0.0654296875 0.0556640625
1 0.9599609375 0.3359375 0.044921875 0.0556640625
1 0.373046875 0.33984375 0.021484375 0.05859375
0 0.220703125 0.349609375 0.0185546875 0.0166015625
2 0.529296875 0.5234375 0.048828125 0.0302734375
1 0.5537109375 0.3447265625 0.029296875 0.044921875
0 0.3037109375 0.39453125 0.0234375 0.0166015625
0 0.1875 0.427734375 0.03125 0.0224609375
0 0.5810546875 0.423828125 0.025390625 0.0302734375
0 0.5341796875 0.5400390625 0.025390625 0.013671875
2 0.3955078125 0.9736328125 0.037109375 0.0419921875
1 0.599609375 0.3095703125 0.013671875 0.01953125
0 0.892578125 0.37890625 0.0390625 0.01953125
0 0.0126953125 0.4892578125 0.025390625 0.0498046875
0 0.3115234375 0.4638671875 0.017578125 0.0224609375
0 0.494140625 0.3984375 0.0205078125 0.01953125
0 0.4443359375 0.44140625 0.033203125 0.0166015625
0 0.60546875 0.3544921875 0.013671875 0.025390625
0 0.154296875 0.4287109375 0.013671875 0.013671875
0 0.5791015625 0.3525390625 0.017578125 0.0166015625
1 0.5185546875 0.2919921875 0.0185546875 0.0224609375
1 0.5869140625 0.3720703125 0.0361328125 0.044921875
2 0.482421875 0.5263671875 0.017578125 0.013671875
2 0.4970703125 0.5419921875 0.025390625 0.033203125
0 0.2177734375 0.4443359375 0.048828125 0.02734375
1 0.931640625 0.33984375 0.025390625 0.0361328125