2 0.8349609375 0.923828125 0.1640625 0.080078125
1 0.2734375 0.3486328125 0.025390625 0.0302734375
1 0.5517578125 0.35546875 0.0283203125 0.033203125
1 0.6787109375 0.6669921875 0.423828125 0.39453125
1 0.349609375 0.341796875 0.0185546875 0.0390625
1 0.36328125 0.4833984375 0.138671875 0.18359375
1 0.6416015625 0.31640625 0.017578125 0.02734375
1 0.462890625 0.345703125 0.0439453125 0.0634765625
0 0.4755859375 0.482421875 0.0419921875 0.0361328125
1 0.2314453125 0.3662109375 0.025390625 0.044921875
1 0.787109375 0.318359375 0.025390625 0.046875
1 0.5361328125 0.4677734375 0.171875 0.224609375
1 0.869140625 0.3662109375 0.0498046875 0.0498046875
1 0.9443359375 0.453125 0.111328125 0.2275390625
1 0.4912109375 0.3330078125 0.0234375 0.0498046875
1 0.076171875 0.4775390625 0.150390625 0.2392578125
1 0.232421875 0.765625 0.4453125 0.453125
1 0.42578125 0.326171875 0.0205078125 0.025390625
1 0.197265625 0.453125 0.126953125 0.2275390625
1 0.7119140625 0.404296875 0.1044921875 0.1474609375
1 0.662109375 0.3291015625 0.0185546875 0.046875
1 0.6162109375 0.3427734375 0.064453125 0.091796875
0 0.40625 0.4404296875 0.025390625 0.0361328125
1 0.060546875 0.375 0.0234375 0.033203125
1 0.3134765625 0.365234375 0.0576171875 0.09765625
1 0.8232421875 0.33984375 0.068359375 0.091796875
1 0.9306640625 0.3427734375 0.0361328125 0.05859375
1 0.7666015625 0.3544921875 0.033203125 0.052734375
1 0.9853515625 0.3427734375 0.029296875 0.052734375
0 0.8759765625 0.5859375 0.111328125 0.0556640625
1 0.580078125 0.3359375 0.025390625 0.044921875
0 0.4921875 0.4306640625 0.03125 0.0224609375
0 0.4384765625 0.607421875 0.0546875 0.0419921875
0 0.54296875 0.5595703125 0.0732421875 0.0302734375
1 0.6005859375 0.3251953125 0.013671875 0.033203125
0 0.375 0.572265625 0.0625 0.0556640625
1 0.5947265625 0.302734375 0.013671875 0.02734375
2 0.5361328125 0.5927734375 0.052734375 0.0361328125
0 0.69921875 0.4794921875 0.0517578125 0.0302734375
1 0.8935546875 0.330078125 0.0498046875 0.072265625
1 0.943359375 0.6787109375 0.111328125 0.3193359375
1 0.5234375 0.3544921875 0.03125 0.0634765625
1 0.369140625 0.365234375 0.025390625 0.0419921875
1 0.728515625 0.3330078125 0.0341796875 0.0498046875
0 0.291015625 0.4306640625 0.0185546875 0.0166015625
0 0.296875 0.572265625 0.0498046875 0.044921875
2 0.96875 0.5615234375 0.03125 0.0166015625
0 0.359375 0.9248046875 0.146484375 0.14453125
0 0.1923828125 0.9365234375 0.171875 0.1162109375
0 0.9091796875 0.4072265625 0.0283203125 0.013671875
0 0.30078125 0.4990234375 0.0205078125 0.0302734375
0 0.3251953125 0.404296875 0.0185546875 0.013671875
0 0.0439453125 0.5927734375 0.087890625 0.0634765625
0 0.349609375 0.37890625 0.0263671875 0.0302734375
0 0.798828125 0.3759765625 0.0205078125 0.013671875
1 0.7734375 0.318359375 0.0126953125 0.025390625
0 0.4375 0.466796875 0.037109375 0.0224609375
0 0.462890625 0.384765625 0.03125 0.0302734375
0 0.2666015625 0.423828125 0.0361328125 0.0302734375
0 0.494140625 0.58984375 0.025390625 0.01953125
0 0.611328125 0.39453125 0.029296875 0.02734375
0 0.9560546875 0.3486328125 0.0185546875 0.01953125
0 0.951171875 0.3740234375 0.048828125 0.0419921875