2 0.8349609375 0.923828125 0.1640625 0.080078125
1 0.6748046875 0.6611328125 0.431640625 0.4052734375
1 0.4365234375 0.3291015625 0.0205078125 0.0302734375
1 0.484375 0.3291015625 0.021484375 0.0302734375
1 0.5009765625 0.3291015625 0.013671875 0.0302734375
1 0.275390625 0.349609375 0.025390625 0.033203125
1 0.2060546875 0.3974609375 0.087890625 0.14453125
1 0.2158203125 0.6845703125 0.40625 0.619140625
1 0.322265625 0.380859375 0.068359375 0.1337890625
1 0.439453125 0.40234375 0.103515625 0.1611328125
1 0.138671875 0.3681640625 0.0439453125 0.0302734375
1 0.642578125 0.3154296875 0.013671875 0.0302734375
1 0.2197265625 0.3544921875 0.0234375 0.046875
1 0.7255859375 0.3037109375 0.017578125 0.01953125
1 0.517578125 0.369140625 0.0576171875 0.111328125
1 0.556640625 0.4638671875 0.1748046875 0.2001953125
1 0.8740234375 0.48046875 0.2138671875 0.255859375
1 0.0341796875 0.4443359375 0.068359375 0.1337890625
1 0.6865234375 0.408203125 0.0859375 0.150390625
1 0.591796875 0.3193359375 0.046875 0.078125
1 0.7685546875 0.3193359375 0.0439453125 0.072265625
1 0.822265625 0.326171875 0.0517578125 0.0751953125
1 0.7060546875 0.3291015625 0.0185546875 0.025390625
1 0.0576171875 0.3876953125 0.0439453125 0.0419921875
1 0.900390625 0.3330078125 0.03125 0.06640625
0 0.21875 0.45703125 0.0185546875 0.0419921875
1 0.869140625 0.35546875 0.0498046875 0.072265625
1 0.669921875 0.330078125 0.0390625 0.0615234375
0 0.5361328125 0.5693359375 0.130859375 0.06640625
0 0.4384765625 0.611328125 0.0546875 0.044921875
1 0.4609375 0.3154296875 0.025390625 0.046875
1 0.728515625 0.33984375 0.0283203125 0.046875
1 0.978515625 0.35546875 0.0419921875 0.044921875
1 0.23828125 0.3544921875 0.0263671875 0.046875
1 0.5478515625 0.375 0.029296875 0.044921875
0 0.400390625 0.44140625 0.037109375 0.044921875
0 0.4970703125 0.4287109375 0.021484375 0.01953125
1 0.2998046875 0.3759765625 0.025390625 0.0361328125
0 0.3857421875 0.572265625 0.0439453125 0.044921875
0 0.3505859375 0.37890625 0.0205078125 0.025390625
2 0.798828125 0.4306640625 0.029296875 0.02734375
0 0.8876953125 0.615234375 0.0498046875 0.0302734375
0 0.033203125 0.5986328125 0.0654296875 0.05859375
0 0.2919921875 0.4306640625 0.025390625 0.0166015625
1 0.314453125 0.3447265625 0.015625 0.02734375
1 0.369140625 0.380859375 0.013671875 0.06640625
1 0.4248046875 0.375 0.03125 0.0498046875
0 0.529296875 0.482421875 0.0361328125 0.052734375
0 0.6201171875 0.3876953125 0.021484375 0.025390625
1 0.8427734375 0.318359375 0.013671875 0.0302734375
1 0.337890625 0.33203125 0.0205078125 0.0419921875
0 0.359375 0.4052734375 0.015625 0.0390625
0 0.2197265625 0.87890625 0.1044921875 0.025390625
0 0.7802734375 0.3984375 0.013671875 0.01953125
0 0.951171875 0.349609375 0.033203125 0.0166015625
0 0.763671875 0.470703125 0.048828125 0.0361328125