2 0.8349609375 0.923828125 0.1640625 0.080078125
1 0.6884765625 0.6806640625 0.4580078125 0.349609375
1 0.255859375 0.75390625 0.408203125 0.4697265625
1 0.861328125 0.47265625 0.234375 0.2666015625
1 0.373046875 0.490234375 0.154296875 0.1806640625
1 0.541015625 0.46484375 0.169921875 0.197265625
1 0.69921875 0.427734375 0.126953125 0.1884765625
1 0.240234375 0.3720703125 0.0498046875 0.06640625
1 0.462890625 0.3486328125 0.0439453125 0.0693359375
1 0.8154296875 0.3291015625 0.072265625 0.091796875
1 0.169921875 0.341796875 0.029296875 0.033203125
1 0.9365234375 0.341796875 0.0263671875 0.0390625
1 0.916015625 0.322265625 0.0283203125 0.044921875
1 0.630859375 0.341796875 0.060546875 0.0830078125
1 0.5224609375 0.3427734375 0.017578125 0.0419921875
1 0.4365234375 0.345703125 0.0205078125 0.025390625
1 0.1884765625 0.4306640625 0.123046875 0.2001953125
1 0.912109375 0.3623046875 0.037109375 0.05859375
1 0.712890625 0.330078125 0.029296875 0.0498046875
1 0.5546875 0.3681640625 0.041015625 0.05859375
1 0.2939453125 0.3427734375 0.0185546875 0.025390625
1 0.349609375 0.3349609375 0.0185546875 0.0302734375
1 0.279296875 0.365234375 0.033203125 0.052734375
1 0.0185546875 0.392578125 0.037109375 0.046875
1 0.0673828125 0.515625 0.134765625 0.2861328125
1 0.6689453125 0.318359375 0.0185546875 0.0302734375
1 0.767578125 0.318359375 0.033203125 0.0751953125
1 0.486328125 0.3427734375 0.017578125 0.0361328125
0 0.5478515625 0.5791015625 0.1328125 0.052734375
1 0.3125 0.357421875 0.056640625 0.091796875
1 0.5791015625 0.3427734375 0.0205078125 0.0419921875
0 0.880859375 0.6240234375 0.111328125 0.091796875
0 0.369140625 0.5791015625 0.087890625 0.0419921875
0 0.478515625 0.482421875 0.046875 0.0419921875
0 0.4384765625 0.607421875 0.0546875 0.0419921875
1 0.201171875 0.3642578125 0.029296875 0.0390625
1 0.9560546875 0.673828125 0.087890625 0.330078125
0 0.642578125 0.423828125 0.041015625 0.01953125
0 0.603515625 0.4638671875 0.033203125 0.0390625
1 0.8447265625 0.3359375 0.0205078125 0.033203125
1 0.673828125 0.3662109375 0.033203125 0.0556640625
1 0.59765625 0.3193359375 0.0234375 0.0390625
0 0.45703125 0.3857421875 0.0234375 0.0166015625
0 0.5859375 0.3759765625 0.015625 0.013671875
0 0.701171875 0.4775390625 0.0439453125 0.02734375
0 0.486328125 0.4287109375 0.0263671875 0.01953125
0 0.767578125 0.44140625 0.0185546875 0.02734375
0 0.6005859375 0.5595703125 0.0390625 0.0302734375
0 0.2548828125 0.4072265625 0.021484375 0.013671875
0 0.421875 0.4501953125 0.0185546875 0.044921875
1 0.5029296875 0.31640625 0.0283203125 0.0390625
0 0.818359375 0.4013671875 0.0439453125 0.046875
1 0.8125 0.3125 0.0185546875 0.01953125
0 0.607421875 0.392578125 0.0205078125 0.01953125
0 0.798828125 0.3779296875 0.0185546875 0.0107421875
0 0.6259765625 0.490234375 0.0205078125 0.0302734375
0 0.837890625 0.37109375 0.0185546875 0.013671875
0 0.412109375 0.4248046875 0.013671875 0.0166015625
1 0.8916015625 0.3291015625 0.013671875 0.0302734375
2 0.818359375 0.3662109375 0.025390625 0.0224609375
1 0.806640625 0.3388671875 0.017578125 0.033203125
1 0.267578125 0.392578125 0.013671875 0.0302734375
0 0.9619140625 0.3525390625 0.0263671875 0.0224609375
0 0.30078125 0.505859375 0.0234375 0.0390625
2 0.2255859375 0.37890625 0.013671875 0.01953125
0 0.767578125 0.365234375 0.021484375 0.01953125
0 0.2802734375 0.4306640625 0.0517578125 0.02734375
2 0.283203125 0.40234375 0.021484375 0.02734375
1 0.0263671875 0.7958984375 0.052734375 0.1640625
2 0.4599609375 0.955078125 0.0234375 0.0830078125