2 0.8349609375 0.923828125 0.1640625 0.080078125
1 0.2060546875 0.7412109375 0.400390625 0.505859375
1 0.3037109375 0.31640625 0.017578125 0.0224609375
1 0.693359375 0.6943359375 0.4765625 0.3388671875
1 0.712890625 0.4150390625 0.1376953125 0.1748046875
1 0.462890625 0.3447265625 0.0498046875 0.078125
1 0.568359375 0.466796875 0.2001953125 0.216796875
1 0.728515625 0.318359375 0.0205078125 0.046875
1 0.35546875 0.4912109375 0.173828125 0.1669921875
1 0.4404296875 0.3349609375 0.0185546875 0.0302734375
1 0.869140625 0.490234375 0.232421875 0.263671875
1 0.494140625 0.3447265625 0.0185546875 0.033203125
1 0.1689453125 0.357421875 0.037109375 0.046875
1 0.0576171875 0.4794921875 0.115234375 0.197265625
1 0.8994140625 0.3740234375 0.0576171875 0.05859375
1 0.2744140625 0.3515625 0.0205078125 0.0361328125
1 0.8076171875 0.337890625 0.068359375 0.091796875
1 0.185546875 0.4443359375 0.1357421875 0.2001953125
1 0.580078125 0.330078125 0.041015625 0.0615234375
1 0.2255859375 0.3525390625 0.0205078125 0.0390625
1 0.318359375 0.380859375 0.0703125 0.138671875
1 0.92578125 0.33984375 0.033203125 0.0634765625
1 0.650390625 0.31640625 0.03125 0.0556640625
1 0.6240234375 0.3544921875 0.0517578125 0.0751953125
1 0.353515625 0.34765625 0.0234375 0.044921875
1 0.0380859375 0.3916015625 0.0361328125 0.0498046875
0 0.478515625 0.4833984375 0.046875 0.0390625
0 0.5439453125 0.5732421875 0.1123046875 0.0419921875
0 0.4384765625 0.607421875 0.0546875 0.0419921875
1 0.6796875 0.3681640625 0.03125 0.05859375
0 0.625 0.5556640625 0.068359375 0.0556640625
0 0.4921875 0.4306640625 0.03125 0.0224609375
0 0.4013671875 0.4345703125 0.0341796875 0.0419921875
1 0.7626953125 0.3544921875 0.037109375 0.0751953125
0 0.69921875 0.48046875 0.0419921875 0.0224609375
1 0.607421875 0.3232421875 0.013671875 0.0302734375
0 0.35546875 0.37890625 0.0263671875 0.025390625
1 0.9775390625 0.359375 0.044921875 0.05859375
0 0.296875 0.572265625 0.052734375 0.044921875
0 0.466796875 0.390625 0.033203125 0.025390625
1 0.818359375 0.31640625 0.0126953125 0.02734375
0 0.373046875 0.5751953125 0.0703125 0.0498046875
1 0.900390625 0.322265625 0.0263671875 0.044921875
0 0.775390625 0.44140625 0.0419921875 0.0390625
1 0.849609375 0.345703125 0.0205078125 0.025390625
1 0.251953125 0.3662109375 0.03125 0.0556640625
1 0.673828125 0.3037109375 0.0185546875 0.0302734375
1 0.5126953125 0.3427734375 0.03125 0.052734375
1 0.0126953125 0.4287109375 0.025390625 0.0693359375
1 0.205078125 0.380859375 0.029296875 0.033203125
0 0.6171875 0.3916015625 0.015625 0.0224609375
0 0.1875 0.455078125 0.0751953125 0.033203125
0 0.7880859375 0.3955078125 0.0263671875 0.013671875
1 0.599609375 0.35546875 0.0205078125 0.02734375
1 0.537109375 0.330078125 0.0205078125 0.033203125
1 0.4990234375 0.3916015625 0.0517578125 0.06640625
1 0.7119140625 0.3359375 0.029296875 0.0556640625
0 0.4130859375 0.46484375 0.0263671875 0.01953125
0 0.3046875 0.392578125 0.015625 0.01953125
0 0.0439453125 0.595703125 0.087890625 0.0634765625
1 0.775390625 0.31640625 0.025390625 0.0390625
0 0.197265625 0.484375 0.0546875 0.01953125
0 0.220703125 0.3916015625 0.015625 0.02734375
0 0.7763671875 0.3525390625 0.0126953125 0.0107421875
1 0.87890625 0.3359375 0.0205078125 0.033203125
0 0.236328125 0.41796875 0.017578125 0.01953125
0 0.380859375 0.41015625 0.0126953125 0.0302734375
1 0.869140625 0.3759765625 0.025390625 0.025390625
0 0.6357421875 0.443359375 0.03125 0.05859375