2 0.833984375 0.9248046875 0.166015625 0.0830078125
1 0.251953125 0.7626953125 0.431640625 0.44140625
1 0.837890625 0.3134765625 0.0185546875 0.02734375
1 0.8740234375 0.4912109375 0.2451171875 0.255859375
1 0.3671875 0.486328125 0.1533203125 0.18359375
1 0.73828125 0.3056640625 0.017578125 0.0224609375
1 0.544921875 0.490234375 0.201171875 0.1806640625
1 0.669921875 0.3251953125 0.0205078125 0.033203125
1 0.7099609375 0.412109375 0.107421875 0.169921875
1 0.451171875 0.328125 0.0263671875 0.033203125
1 0.76953125 0.318359375 0.0419921875 0.0693359375
1 0.869140625 0.3544921875 0.0498046875 0.05859375
1 0.408203125 0.380859375 0.046875 0.0830078125
1 0.7001953125 0.697265625 0.462890625 0.3330078125
1 0.1875 0.443359375 0.130859375 0.23046875
1 0.08203125 0.412109375 0.091796875 0.119140625
1 0.51171875 0.3779296875 0.0576171875 0.1337890625
1 0.2236328125 0.361328125 0.021484375 0.044921875
1 0.1689453125 0.34765625 0.03125 0.0556640625
1 0.7197265625 0.3427734375 0.029296875 0.05859375
1 0.279296875 0.3525390625 0.0234375 0.033203125
1 0.9375 0.345703125 0.0439453125 0.046875
0 0.326171875 0.9599609375 0.185546875 0.0693359375
1 0.6455078125 0.322265625 0.0185546875 0.033203125
1 0.431640625 0.3291015625 0.0185546875 0.0302734375
1 0.8154296875 0.349609375 0.068359375 0.099609375
1 0.48828125 0.345703125 0.0205078125 0.0361328125
1 0.369140625 0.3681640625 0.0205078125 0.052734375
1 0.5048828125 0.328125 0.015625 0.02734375
1 0.2685546875 0.390625 0.087890625 0.1083984375
0 0.478515625 0.4833984375 0.044921875 0.0390625
1 0.34375 0.35546875 0.0439453125 0.078125
1 0.59375 0.3681640625 0.0625 0.1142578125
0 0.541015625 0.587890625 0.1357421875 0.0419921875
1 0.294921875 0.3359375 0.013671875 0.033203125
0 0.3779296875 0.5732421875 0.0595703125 0.0419921875
1 0.6279296875 0.3583984375 0.025390625 0.0390625
0 0.4384765625 0.6083984375 0.0517578125 0.0390625
1 0.818359375 0.31640625 0.0185546875 0.02734375
1 0.580078125 0.337890625 0.0185546875 0.0302734375
0 0.40625 0.4365234375 0.025390625 0.033203125
1 0.5947265625 0.3115234375 0.013671875 0.033203125
1 0.9814453125 0.35546875 0.03125 0.0556640625
1 0.900390625 0.31640625 0.044921875 0.0830078125
1 0.025390625 0.447265625 0.0498046875 0.1337890625
0 0.697265625 0.4794921875 0.0517578125 0.0302734375
0 0.6435546875 0.4248046875 0.037109375 0.0166015625
0 0.779296875 0.443359375 0.0419921875 0.0361328125
1 0.69921875 0.35546875 0.0234375 0.044921875
0 0.611328125 0.390625 0.021484375 0.025390625
0 0.625 0.568359375 0.0439453125 0.0361328125
0 0.296875 0.56640625 0.046875 0.033203125
1 0.95703125 0.701171875 0.0830078125 0.275390625
0 0.0478515625 0.572265625 0.095703125 0.10546875
1 0.3115234375 0.3427734375 0.0205078125 0.0302734375
0 0.125 0.4150390625 0.03125 0.052734375
0 0.30078125 0.5009765625 0.0234375 0.0361328125
0 0.48046875 0.4462890625 0.033203125 0.0419921875
0 0.5859375 0.380859375 0.0185546875 0.0224609375
0 0.3125 0.380859375 0.0126953125 0.0556640625
0 0.787109375 0.4072265625 0.0234375 0.025390625
1 0.5986328125 0.349609375 0.021484375 0.033203125
0 0.28515625 0.4287109375 0.0263671875 0.01953125
1 0.2607421875 0.3623046875 0.015625 0.025390625
1 0.826171875 0.3427734375 0.0185546875 0.025390625
0 0.6181640625 0.31640625 0.017578125 0.033203125
0 0.61328125 0.4345703125 0.0263671875 0.05859375
0 0.7998046875 0.384765625 0.0185546875 0.01953125
0 0.7724609375 0.37890625 0.013671875 0.046875
0 0.4287109375 0.466796875 0.0263671875 0.02734375