2 0.806640625 0.857421875 0.15625 0.0751953125
1 0.6826171875 0.5927734375 0.365234375 0.4140625
1 0.369140625 0.4541015625 0.1455078125 0.1748046875
1 0.2412109375 0.7177734375 0.4482421875 0.546875
1 0.5 0.298828125 0.0126953125 0.01953125
1 0.72265625 0.2919921875 0.0205078125 0.033203125
1 0.443359375 0.3681640625 0.095703125 0.1357421875
1 0.205078125 0.380859375 0.0908203125 0.150390625
1 0.5947265625 0.375 0.0703125 0.14453125
1 0.7109375 0.35546875 0.109375 0.1162109375
1 0.087890625 0.4609375 0.173828125 0.244140625
1 0.9814453125 0.2958984375 0.037109375 0.044921875
1 0.51171875 0.3681640625 0.060546875 0.130859375
1 0.84765625 0.3447265625 0.044921875 0.0498046875
1 0.630859375 0.29296875 0.0126953125 0.025390625
1 0.9345703125 0.4130859375 0.130859375 0.228515625
1 0.279296875 0.3427734375 0.068359375 0.0859375
1 0.185546875 0.318359375 0.0341796875 0.0419921875
1 0.806640625 0.318359375 0.0517578125 0.091796875
1 0.7509765625 0.283203125 0.0361328125 0.0615234375
1 0.6611328125 0.3427734375 0.03125 0.05859375
1 0.0791015625 0.357421875 0.0361328125 0.0419921875
1 0.5810546875 0.3037109375 0.0126953125 0.0302734375
1 0.294921875 0.3134765625 0.0205078125 0.0390625
1 0.3623046875 0.306640625 0.0185546875 0.0361328125
0 0.421875 0.41796875 0.021484375 0.0302734375
0 0.443359375 0.568359375 0.0498046875 0.0361328125
1 0.318359375 0.31640625 0.037109375 0.0498046875
2 0.54296875 0.5556640625 0.064453125 0.0390625
0 0.41015625 0.3955078125 0.029296875 0.025390625
1 0.6552734375 0.294921875 0.0205078125 0.0498046875
0 0.869140625 0.546875 0.0810546875 0.044921875
1 0.216796875 0.3349609375 0.0263671875 0.0302734375
0 0.38671875 0.5458984375 0.064453125 0.025390625
0 0.4609375 0.4443359375 0.0625 0.033203125
0 0.4921875 0.400390625 0.021484375 0.0166015625
0 0.3564453125 0.3525390625 0.025390625 0.0224609375
0 0.1640625 0.427734375 0.015625 0.0224609375
1 0.5537109375 0.3681640625 0.029296875 0.0419921875
0 0.6416015625 0.3916015625 0.029296875 0.0224609375
1 0.880859375 0.31640625 0.0390625 0.072265625
1 0.5947265625 0.2998046875 0.017578125 0.033203125
0 0.4306640625 0.431640625 0.0234375 0.013671875
1 0.7001953125 0.294921875 0.025390625 0.033203125
0 0.466796875 0.3544921875 0.0234375 0.025390625
0 0.3173828125 0.5263671875 0.0283203125 0.025390625
0 0.748046875 0.4111328125 0.033203125 0.044921875
0 0.3056640625 0.39453125 0.0234375 0.0166015625
0 0.6064453125 0.35546875 0.0126953125 0.0224609375
0 0.900390625 0.35546875 0.0205078125 0.044921875
0 0.3125 0.3740234375 0.0185546875 0.0302734375
1 0.8173828125 0.3095703125 0.0126953125 0.01953125