2 0.833984375 0.9267578125 0.166015625 0.0859375
1 0.6806640625 0.6455078125 0.4296875 0.4140625
1 0.2578125 0.7294921875 0.416015625 0.447265625
1 0.375 0.484375 0.130859375 0.169921875
1 0.837890625 0.4677734375 0.162109375 0.23046875
1 0.5498046875 0.4677734375 0.1435546875 0.1806640625
1 0.837890625 0.3095703125 0.013671875 0.0302734375
1 0.275390625 0.35546875 0.025390625 0.044921875
1 0.1943359375 0.4248046875 0.1142578125 0.205078125
1 0.693359375 0.4169921875 0.080078125 0.150390625
1 0.6064453125 0.349609375 0.0439453125 0.0830078125
1 0.07421875 0.505859375 0.1484375 0.2724609375
1 0.3564453125 0.341796875 0.0126953125 0.0224609375
0 0.2119140625 0.9521484375 0.205078125 0.095703125
1 0.9541015625 0.4306640625 0.0888671875 0.2001953125
1 0.4873046875 0.341796875 0.0185546875 0.02734375
1 0.462890625 0.3515625 0.0361328125 0.0751953125
1 0.314453125 0.3642578125 0.046875 0.0830078125
1 0.2978515625 0.326171875 0.017578125 0.025390625
1 0.212890625 0.359375 0.029296875 0.0419921875
1 0.892578125 0.3291015625 0.0625 0.0751953125
1 0.400390625 0.3720703125 0.0390625 0.0830078125
1 0.1689453125 0.3427734375 0.037109375 0.05859375
1 0.728515625 0.3193359375 0.0205078125 0.0498046875
1 0.9326171875 0.3427734375 0.03125 0.05859375
1 0.2490234375 0.3876953125 0.044921875 0.0751953125
1 0.76953125 0.3232421875 0.0419921875 0.0693359375
0 0.478515625 0.482421875 0.044921875 0.0361328125
1 0.5634765625 0.3623046875 0.0390625 0.05859375
1 0.662109375 0.322265625 0.0361328125 0.0556640625
1 0.5322265625 0.3427734375 0.0234375 0.0634765625
1 0.7080078125 0.3447265625 0.0341796875 0.072265625
0 0.39453125 0.9287109375 0.1484375 0.1416015625
0 0.869140625 0.5927734375 0.099609375 0.0693359375
0 0.439453125 0.607421875 0.052734375 0.0419921875
0 0.4931640625 0.4287109375 0.029296875 0.01953125
0 0.546875 0.5615234375 0.09375 0.033203125
0 0.380859375 0.568359375 0.068359375 0.052734375
0 0.294921875 0.572265625 0.048828125 0.044921875
0 0.462890625 0.390625 0.025390625 0.025390625
0 0.443359375 0.4677734375 0.0546875 0.025390625
2 0.5419921875 0.591796875 0.0654296875 0.044921875
0 0.3291015625 0.404296875 0.0263671875 0.013671875
0 0.7685546875 0.4365234375 0.025390625 0.0166015625
0 0.6181640625 0.48046875 0.033203125 0.033203125
0 0.8427734375 0.380859375 0.0234375 0.0166015625
0 0.646484375 0.4169921875 0.041015625 0.0390625
0 0.494140625 0.58203125 0.033203125 0.052734375
1 0.8115234375 0.3427734375 0.064453125 0.091796875
1 0.59375 0.3232421875 0.0126953125 0.01953125
1 0.8388671875 0.35546875 0.021484375 0.033203125
0 0.6767578125 0.4736328125 0.0185546875 0.01953125
0 0.6123046875 0.388671875 0.025390625 0.0224609375
1 0.298828125 0.3427734375 0.015625 0.01953125
1 0.78515625 0.400390625 0.0361328125 0.0556640625
1 0.5947265625 0.404296875 0.017578125 0.025390625
1 0.369140625 0.3837890625 0.013671875 0.06640625
0 0.28515625 0.4306640625 0.0419921875 0.02734375
0 0.30078125 0.5 0.0205078125 0.033203125
2 0.8818359375 0.6181640625 0.0234375 0.013671875
1 0.6298828125 0.3583984375 0.021484375 0.033203125
0 0.59375 0.4541015625 0.0126953125 0.025390625
1 0.322265625 0.35546875 0.0107421875 0.02734375
0 0.9619140625 0.349609375 0.0263671875 0.0166015625
1 0.6171875 0.3134765625 0.0185546875 0.02734375
1 0.134765625 0.4208984375 0.013671875 0.025390625