2 0.8349609375 0.923828125 0.1640625 0.080078125
1 0.6689453125 0.6552734375 0.431640625 0.4111328125
1 0.2421875 0.7763671875 0.3408203125 0.447265625
1 0.8759765625 0.49609375 0.236328125 0.236328125
1 0.560546875 0.466796875 0.1640625 0.171875
1 0.361328125 0.4931640625 0.1611328125 0.1748046875
1 0.7314453125 0.318359375 0.025390625 0.0361328125
1 0.5009765625 0.3232421875 0.013671875 0.01953125
1 0.23046875 0.3681640625 0.0361328125 0.0751953125
1 0.318359375 0.37890625 0.068359375 0.125
1 0.888671875 0.380859375 0.056640625 0.0556640625
1 0.1923828125 0.4462890625 0.1279296875 0.236328125
1 0.337890625 0.337890625 0.0185546875 0.0302734375
1 0.07421875 0.5068359375 0.1484375 0.2412109375
1 0.712890625 0.39453125 0.1171875 0.1337890625
1 0.669921875 0.3232421875 0.0205078125 0.0302734375
1 0.466796875 0.341796875 0.048828125 0.0830078125
0 0.41015625 0.443359375 0.0205078125 0.0302734375
1 0.7724609375 0.3212890625 0.0419921875 0.0751953125
1 0.630859375 0.3349609375 0.0439453125 0.080078125
1 0.7060546875 0.33203125 0.037109375 0.0751953125
1 0.580078125 0.3447265625 0.025390625 0.0498046875
0 0.4794921875 0.482421875 0.046875 0.0361328125
1 0.818359375 0.326171875 0.056640625 0.0859375
1 0.892578125 0.318359375 0.056640625 0.0751953125
1 0.275390625 0.330078125 0.0234375 0.0390625
1 0.556640625 0.3837890625 0.0439453125 0.0830078125
0 0.4384765625 0.607421875 0.0546875 0.0419921875
0 0.529296875 0.5791015625 0.1220703125 0.05859375
1 0.193359375 0.3662109375 0.037109375 0.0498046875
1 0.849609375 0.341796875 0.0185546875 0.02734375
0 0.8994140625 0.6044921875 0.0576171875 0.046875
0 0.3759765625 0.580078125 0.0673828125 0.0390625
1 0.9736328125 0.361328125 0.0498046875 0.0556640625
0 0.494140625 0.4287109375 0.025390625 0.01953125
1 0.0517578125 0.392578125 0.0498046875 0.0634765625
1 0.931640625 0.3447265625 0.0439453125 0.072265625
0 0.6416015625 0.421875 0.044921875 0.0166015625
0 0.5986328125 0.3984375 0.0185546875 0.01953125
2 0.798828125 0.4345703125 0.0283203125 0.0302734375
0 0.201171875 0.490234375 0.0546875 0.025390625
1 0.6005859375 0.3349609375 0.017578125 0.0302734375
1 0.306640625 0.3544921875 0.0185546875 0.025390625
0 0.7998046875 0.3740234375 0.0185546875 0.01953125
1 0.5224609375 0.349609375 0.029296875 0.0556640625
1 0.8359375 0.3056640625 0.015625 0.02734375
0 0.3251953125 0.404296875 0.025390625 0.013671875
0 0.25 0.419921875 0.03125 0.0224609375
0 0.1865234375 0.455078125 0.0732421875 0.033203125
0 0.3447265625 0.37890625 0.033203125 0.0361328125
1 0.853515625 0.3662109375 0.03125 0.033203125
0 0.5888671875 0.384765625 0.025390625 0.01953125
0 0.791015625 0.3955078125 0.0263671875 0.013671875
0 0.505859375 0.4794921875 0.0185546875 0.025390625
0 0.40625 0.94140625 0.0625 0.10546875
2 0.4287109375 0.466796875 0.017578125 0.0166015625
1 0.3193359375 0.357421875 0.013671875 0.025390625
0 0.28125 0.4287109375 0.0439453125 0.025390625
0 0.701171875 0.3662109375 0.0185546875 0.0166015625
0 0.767578125 0.4794921875 0.048828125 0.046875
0 0.330078125 0.4287109375 0.0107421875 0.025390625