2 0.8349609375 0.927734375 0.1640625 0.0830078125
1 0.669921875 0.640625 0.4326171875 0.44140625
1 0.373046875 0.4794921875 0.130859375 0.169921875
1 0.462890625 0.3359375 0.0498046875 0.0947265625
0 0.201171875 0.943359375 0.224609375 0.1083984375
1 0.255859375 0.734375 0.380859375 0.4306640625
1 0.67578125 0.3154296875 0.017578125 0.025390625
1 0.4873046875 0.30859375 0.0185546875 0.0390625
1 0.8369140625 0.3095703125 0.0205078125 0.0302734375
1 0.638671875 0.31640625 0.0185546875 0.02734375
1 0.7314453125 0.31640625 0.0185546875 0.033203125
1 0.7705078125 0.3125 0.0439453125 0.0751953125
1 0.3115234375 0.3974609375 0.0673828125 0.14453125
1 0.185546875 0.462890625 0.1298828125 0.224609375
1 0.275390625 0.3427734375 0.0263671875 0.046875
1 0.07421875 0.50390625 0.1455078125 0.275390625
1 0.9423828125 0.4541015625 0.115234375 0.228515625
1 0.509765625 0.369140625 0.0703125 0.150390625
1 0.892578125 0.3291015625 0.0517578125 0.0693359375
1 0.8369140625 0.35546875 0.0419921875 0.0615234375
1 0.228515625 0.35546875 0.025390625 0.044921875
1 0.560546875 0.3681640625 0.03125 0.0419921875
0 0.478515625 0.4833984375 0.0419921875 0.0390625
1 0.150390625 0.341796875 0.037109375 0.0390625
1 0.41796875 0.361328125 0.048828125 0.1162109375
1 0.5849609375 0.3291015625 0.0361328125 0.05859375
1 0.744140625 0.380859375 0.0751953125 0.1220703125
1 0.931640625 0.341796875 0.03125 0.0498046875
0 0.3798828125 0.9423828125 0.099609375 0.115234375
1 0.9814453125 0.361328125 0.037109375 0.0556640625
0 0.38671875 0.5751953125 0.048828125 0.044921875
1 0.6875 0.40234375 0.0498046875 0.0615234375
0 0.9228515625 0.580078125 0.0859375 0.0498046875
0 0.8701171875 0.6044921875 0.0810546875 0.0419921875
2 0.53515625 0.591796875 0.0546875 0.044921875
0 0.439453125 0.6083984375 0.052734375 0.0390625
1 0.583984375 0.4169921875 0.099609375 0.150390625
1 0.3369140625 0.33203125 0.0234375 0.0419921875
1 0.0146484375 0.4462890625 0.029296875 0.091796875
1 0.447265625 0.326171875 0.013671875 0.025390625
0 0.5859375 0.54296875 0.0625 0.05859375
0 0.794921875 0.380859375 0.0263671875 0.0166015625
1 0.607421875 0.3388671875 0.013671875 0.033203125
1 0.962890625 0.6884765625 0.0732421875 0.3115234375
0 0.4267578125 0.466796875 0.015625 0.0107421875
0 0.490234375 0.4306640625 0.025390625 0.0224609375
0 0.611328125 0.392578125 0.0263671875 0.025390625
0 0.3447265625 0.380859375 0.033203125 0.0224609375
0 0.462890625 0.390625 0.0263671875 0.025390625
0 0.330078125 0.404296875 0.025390625 0.013671875
1 0.181640625 0.3662109375 0.03125 0.02734375
1 0.244140625 0.3916015625 0.029296875 0.0390625
1 0.3017578125 0.359375 0.0185546875 0.01953125
0 0.2822265625 0.4287109375 0.0390625 0.025390625
0 0.2314453125 0.4169921875 0.0126953125 0.0166015625
1 0.5966796875 0.3662109375 0.0185546875 0.0224609375
0 0.224609375 0.380859375 0.0126953125 0.0224609375
1 0.6689453125 0.3515625 0.03125 0.0361328125
0 0.447265625 0.4794921875 0.0263671875 0.01953125
1 0.900390625 0.37109375 0.0234375 0.0361328125
1 0.6259765625 0.3662109375 0.013671875 0.02734375
0 0.95703125 0.349609375 0.0234375 0.0166015625
0 0.634765625 0.419921875 0.033203125 0.0166015625
2 0.4599609375 0.955078125 0.0234375 0.0830078125
0 0.9228515625 0.412109375 0.033203125 0.01953125