2 0.8349609375 0.927734375 0.1669921875 0.0830078125
1 0.662109375 0.630859375 0.380859375 0.4443359375
1 0.07421875 0.662109375 0.1484375 0.5751953125
1 0.451171875 0.421875 0.09375 0.14453125
1 0.30078125 0.31640625 0.013671875 0.0166015625
1 0.4619140625 0.3427734375 0.0419921875 0.0693359375
1 0.349609375 0.3857421875 0.048828125 0.1337890625
1 0.9677734375 0.431640625 0.064453125 0.2080078125
1 0.494140625 0.3427734375 0.0205078125 0.0419921875
1 0.7890625 0.3662109375 0.072265625 0.138671875
1 0.638671875 0.31640625 0.015625 0.033203125
1 0.2255859375 0.3544921875 0.048828125 0.05859375
1 0.60546875 0.345703125 0.044921875 0.0751953125
1 0.40625 0.3759765625 0.0439453125 0.0751953125
1 0.4345703125 0.330078125 0.021484375 0.0390625
1 0.8876953125 0.3427734375 0.0751953125 0.1025390625
1 0.724609375 0.3974609375 0.0810546875 0.1337890625
1 0.3056640625 0.3427734375 0.0390625 0.05859375
0 0.2060546875 0.9306640625 0.2001953125 0.1279296875
1 0.6513671875 0.37890625 0.078125 0.1640625
1 0.193359375 0.3544921875 0.033203125 0.046875
1 0.037109375 0.404296875 0.048828125 0.052734375
1 0.732421875 0.31640625 0.0205078125 0.0390625
0 0.478515625 0.4833984375 0.041015625 0.0390625
1 0.28515625 0.330078125 0.0205078125 0.02734375
0 0.3818359375 0.9375 0.123046875 0.125
1 0.267578125 0.345703125 0.029296875 0.046875
0 0.54296875 0.5654296875 0.060546875 0.025390625
1 0.5107421875 0.3115234375 0.015625 0.033203125
0 0.837890625 0.591796875 0.068359375 0.078125
1 0.6884765625 0.392578125 0.0390625 0.0419921875
0 0.4384765625 0.607421875 0.0546875 0.0419921875
0 0.556640625 0.54296875 0.0419921875 0.013671875
0 0.4267578125 0.466796875 0.021484375 0.0224609375
1 0.83203125 0.337890625 0.033203125 0.0751953125
0 0.4033203125 0.576171875 0.046875 0.046875
1 0.69140625 0.35546875 0.0263671875 0.0390625
1 0.5966796875 0.3095703125 0.015625 0.0302734375
0 0.4619140625 0.390625 0.0234375 0.01953125
1 0.767578125 0.3056640625 0.021484375 0.02734375
0 0.8466796875 0.3720703125 0.03125 0.0166015625
1 0.53125 0.341796875 0.025390625 0.0498046875
0 0.173828125 0.4677734375 0.0517578125 0.046875
0 0.607421875 0.390625 0.0234375 0.025390625
2 0.53125 0.595703125 0.0498046875 0.0419921875
0 0.4990234375 0.4287109375 0.013671875 0.01953125
0 0.775390625 0.443359375 0.037109375 0.0419921875
1 0.955078125 0.7109375 0.0859375 0.244140625
0 0.822265625 0.380859375 0.029296875 0.0166015625
2 0.798828125 0.4306640625 0.0234375 0.0224609375
0 0.763671875 0.3720703125 0.0205078125 0.033203125
0 0.591796875 0.4580078125 0.021484375 0.033203125
1 0.9248046875 0.3779296875 0.025390625 0.033203125
0 0.7421875 0.4609375 0.03125 0.0166015625
2 0.4599609375 0.955078125 0.0234375 0.0830078125
0 0.380859375 0.404296875 0.013671875 0.0302734375
0 0.0205078125 0.4931640625 0.041015625 0.0302734375
1 0.9853515625 0.5400390625 0.029296875 0.052734375