1 0.5224609375 0.1015625 0.0263671875 0.046875
1 0.375 0.140625 0.0498046875 0.080078125
1 0.2119140625 0.6865234375 0.4140625 0.6162109375
1 0.150390625 0.08984375 0.029296875 0.0361328125
1 0.6982421875 0.091796875 0.025390625 0.0390625
1 0.41796875 0.2607421875 0.1767578125 0.255859375
1 0.6572265625 0.25390625 0.1923828125 0.236328125
1 0.4970703125 0.1357421875 0.041015625 0.06640625
1 0.892578125 0.26953125 0.2080078125 0.3115234375
1 0.837890625 0.10546875 0.1044921875 0.10546875
1 0.115234375 0.0986328125 0.03125 0.05859375
1 0.7919921875 0.080078125 0.03125 0.0498046875
1 0.0869140625 0.2431640625 0.1484375 0.330078125
1 0.9599609375 0.0537109375 0.0263671875 0.046875
1 0.8935546875 0.693359375 0.2060546875 0.6025390625
1 0.962890625 0.1162109375 0.0498046875 0.06640625
1 0.2626953125 0.1162109375 0.037109375 0.099609375
1 0.0869140625 0.10546875 0.029296875 0.044921875
0 0.619140625 0.5400390625 0.150390625 0.0693359375
1 0.01171875 0.1708984375 0.0234375 0.0751953125
1 0.2177734375 0.1787109375 0.0830078125 0.1748046875
0 0.2998046875 0.572265625 0.068359375 0.0830078125
0 0.7890625 0.279296875 0.072265625 0.0419921875
1 0.142578125 0.138671875 0.052734375 0.0888671875
1 0.4228515625 0.169921875 0.0390625 0.078125
0 0.5009765625 0.2919921875 0.0390625 0.0224609375
0 0.3427734375 0.29296875 0.044921875 0.0419921875
0 0.474609375 0.4013671875 0.068359375 0.0751953125
1 0.330078125 0.216796875 0.052734375 0.0947265625
1 0.599609375 0.1416015625 0.0263671875 0.0498046875
0 0.4580078125 0.212890625 0.03125 0.0302734375
1 0.0166015625 0.318359375 0.033203125 0.15234375
1 0.9130859375 0.1416015625 0.0576171875 0.099609375
0 0.7412109375 0.380859375 0.048828125 0.0390625
1 0.6630859375 0.119140625 0.060546875 0.0888671875
0 0.361328125 0.337890625 0.0439453125 0.0693359375
0 0.6748046875 0.1943359375 0.0185546875 0.0224609375
0 0.42578125 0.3857421875 0.0517578125 0.033203125
0 0.181640625 0.244140625 0.0439453125 0.02734375
0 0.7294921875 0.2236328125 0.046875 0.01953125
0 0.408203125 0.6357421875 0.099609375 0.06640625
0 0.693359375 0.341796875 0.03125 0.0498046875
1 0.76953125 0.16796875 0.0419921875 0.046875
2 0.2919921875 0.509765625 0.041015625 0.05859375
0 0.8779296875 0.1669921875 0.021484375 0.044921875
0 0.236328125 0.1943359375 0.0263671875 0.033203125
2 0.892578125 0.404296875 0.033203125 0.01953125
2 0.505859375 0.3525390625 0.0205078125 0.0390625