2 0.806640625 0.8623046875 0.150390625 0.0751953125
1 0.2666015625 0.66796875 0.392578125 0.3974609375
1 0.830078125 0.4482421875 0.21875 0.2080078125
1 0.537109375 0.443359375 0.1484375 0.169921875
1 0.65625 0.62890625 0.400390625 0.3359375
1 0.373046875 0.4541015625 0.1298828125 0.169921875
1 0.662109375 0.2900390625 0.017578125 0.025390625
1 0.4443359375 0.37890625 0.0830078125 0.130859375
1 0.6875 0.375 0.1064453125 0.18359375
1 0.490234375 0.3212890625 0.025390625 0.0419921875
1 0.712890625 0.28515625 0.0185546875 0.0302734375
1 0.208984375 0.4052734375 0.1220703125 0.18359375
1 0.0859375 0.4775390625 0.166015625 0.2392578125
1 0.283203125 0.328125 0.025390625 0.033203125
1 0.57421875 0.3056640625 0.029296875 0.06640625
1 0.244140625 0.3251953125 0.025390625 0.044921875
1 0.291015625 0.388671875 0.0751953125 0.138671875
1 0.8125 0.3037109375 0.0498046875 0.0693359375
1 0.6357421875 0.296875 0.015625 0.033203125
1 0.962890625 0.31640625 0.0625 0.072265625
1 0.85546875 0.33984375 0.048828125 0.0634765625
1 0.7451171875 0.3115234375 0.056640625 0.0947265625
1 0.91015625 0.318359375 0.029296875 0.052734375
1 0.35546875 0.3037109375 0.013671875 0.0302734375
1 0.0810546875 0.3681640625 0.037109375 0.052734375
1 0.8779296875 0.2958984375 0.03125 0.052734375
0 0.1689453125 0.91796875 0.2998046875 0.1640625
1 0.181640625 0.3212890625 0.03125 0.0419921875
0 0.474609375 0.451171875 0.037109375 0.0361328125
0 0.4228515625 0.41796875 0.0234375 0.0361328125
0 0.380859375 0.537109375 0.0625 0.0419921875
1 0.3369140625 0.33984375 0.044921875 0.0693359375
0 0.4130859375 0.392578125 0.0205078125 0.025390625
0 0.849609375 0.5556640625 0.0810546875 0.044921875
1 0.3134765625 0.3037109375 0.0263671875 0.0419921875
1 0.3681640625 0.322265625 0.017578125 0.033203125
1 0.962890625 0.4287109375 0.0703125 0.19140625
1 0.22265625 0.341796875 0.029296875 0.044921875
0 0.443359375 0.56640625 0.0517578125 0.0390625
0 0.5341796875 0.529296875 0.0966796875 0.05859375
1 0.5810546875 0.3720703125 0.037109375 0.0556640625
1 0.7509765625 0.2734375 0.0205078125 0.0302734375
1 0.546875 0.3427734375 0.03125 0.046875
1 0.599609375 0.29296875 0.017578125 0.0361328125
1 0.5166015625 0.3134765625 0.0263671875 0.0498046875
0 0.30078125 0.400390625 0.0205078125 0.0166015625
0 0.4921875 0.400390625 0.021484375 0.0166015625
0 0.3134765625 0.466796875 0.0205078125 0.033203125
1 0.8857421875 0.3486328125 0.025390625 0.052734375
1 0.330078125 0.31640625 0.0107421875 0.0224609375
0 0.3818359375 0.8955078125 0.138671875 0.2080078125
0 0.6064453125 0.3544921875 0.0185546875 0.01953125
0 0.9560546875 0.5234375 0.03125 0.01953125
0 0.8046875 0.337890625 0.025390625 0.01953125
1 0.6259765625 0.318359375 0.013671875 0.0302734375
0 0.630859375 0.392578125 0.029296875 0.01953125
0 0.5849609375 0.4287109375 0.017578125 0.0361328125
0 0.7529296875 0.4052734375 0.025390625 0.0224609375
0 0.46875 0.361328125 0.0185546875 0.0166015625
0 0.3154296875 0.5224609375 0.0341796875 0.0166015625
0 0.603515625 0.44140625 0.0234375 0.0224609375
1 0.498046875 0.29296875 0.017578125 0.025390625
2 0.625 0.451171875 0.0185546875 0.0361328125
0 0.3642578125 0.3681640625 0.015625 0.0361328125
0 0.013671875 0.482421875 0.02734375 0.05078125
0 0.724609375 0.41796875 0.0205078125 0.01953125
0 0.982421875 0.3486328125 0.0205078125 0.01953125
1 0.19921875 0.3681640625 0.0234375 0.052734375
0 0.337890625 0.3740234375 0.03125 0.01953125
0 0.736328125 0.35546875 0.0107421875 0.044921875
1 0.763671875 0.2919921875 0.013671875 0.0166015625