2 0.833984375 0.9248046875 0.166015625 0.0830078125
1 0.873046875 0.4912109375 0.244140625 0.2333984375
1 0.6455078125 0.3232421875 0.0185546875 0.0302734375
1 0.7412109375 0.31640625 0.0205078125 0.033203125
1 0.447265625 0.4111328125 0.107421875 0.14453125
1 0.705078125 0.6875 0.455078125 0.330078125
1 0.0927734375 0.6279296875 0.1767578125 0.5390625
1 0.7041015625 0.4306640625 0.123046875 0.205078125
1 0.5576171875 0.3583984375 0.041015625 0.0498046875
1 0.4990234375 0.3232421875 0.013671875 0.0302734375
1 0.294921875 0.33984375 0.017578125 0.0361328125
1 0.1884765625 0.443359375 0.126953125 0.2197265625
1 0.455078125 0.341796875 0.0234375 0.044921875
1 0.486328125 0.34765625 0.0205078125 0.033203125
1 0.841796875 0.31640625 0.017578125 0.0390625
1 0.716796875 0.341796875 0.03125 0.0615234375
1 0.873046875 0.35546875 0.048828125 0.06640625
1 0.072265625 0.4052734375 0.0888671875 0.111328125
1 0.818359375 0.341796875 0.0732421875 0.111328125
1 0.767578125 0.3291015625 0.041015625 0.0693359375
1 0.599609375 0.33203125 0.037109375 0.0751953125
1 0.2041015625 0.3740234375 0.0390625 0.05859375
1 0.1728515625 0.3544921875 0.029296875 0.0419921875
1 0.275390625 0.4072265625 0.0810546875 0.2138671875
0 0.33203125 0.9599609375 0.173828125 0.080078125
1 0.2841796875 0.3427734375 0.0126953125 0.025390625
1 0.5947265625 0.302734375 0.013671875 0.0224609375
1 0.9560546875 0.693359375 0.0810546875 0.2802734375
0 0.5419921875 0.5859375 0.134765625 0.044921875
1 0.3408203125 0.3291015625 0.021484375 0.0419921875
0 0.349609375 0.578125 0.130859375 0.0556640625
0 0.4755859375 0.482421875 0.0419921875 0.0361328125
0 0.4384765625 0.6083984375 0.0546875 0.0390625
0 0.4033203125 0.427734375 0.03125 0.0224609375
0 0.8779296875 0.6162109375 0.041015625 0.033203125
1 0.318359375 0.35546875 0.0390625 0.0830078125
0 0.17578125 0.9287109375 0.1953125 0.130859375
1 0.3642578125 0.3525390625 0.021484375 0.044921875
1 0.9072265625 0.2998046875 0.029296875 0.044921875
1 0.4248046875 0.322265625 0.037109375 0.0556640625
1 0.6318359375 0.3642578125 0.0263671875 0.0390625
0 0.4609375 0.3876953125 0.03125 0.025390625
0 0.388671875 0.892578125 0.1357421875 0.0859375
1 0.693359375 0.3583984375 0.0185546875 0.0390625
1 0.5205078125 0.34765625 0.03125 0.0556640625
0 0.0380859375 0.546875 0.076171875 0.0556640625
1 0.916015625 0.35546875 0.0390625 0.044921875
0 0.701171875 0.4794921875 0.0419921875 0.0302734375
0 0.6279296875 0.56640625 0.0439453125 0.033203125
0 0.779296875 0.44140625 0.0439453125 0.0390625
0 0.6484375 0.419921875 0.03125 0.0224609375
0 0.611328125 0.392578125 0.0185546875 0.0302734375
0 0.0439453125 0.5947265625 0.087890625 0.06640625
0 0.4306640625 0.455078125 0.033203125 0.044921875
2 0.2099609375 0.859375 0.060546875 0.0302734375
0 0.740234375 0.466796875 0.052734375 0.02734375
0 0.7841796875 0.4072265625 0.025390625 0.025390625
0 0.2998046875 0.49609375 0.0185546875 0.025390625
0 0.5869140625 0.37890625 0.0205078125 0.01953125
2 0.224609375 0.380859375 0.0126953125 0.0224609375
0 0.7998046875 0.384765625 0.0185546875 0.01953125
0 0.3505859375 0.380859375 0.0205078125 0.02734375