2 0.833984375 0.9267578125 0.166015625 0.0859375
1 0.6806640625 0.658203125 0.451171875 0.4169921875
1 0.259765625 0.736328125 0.408203125 0.5166015625
1 0.8251953125 0.455078125 0.162109375 0.216796875
0 0.236328125 0.943359375 0.1484375 0.09765625
1 0.5556640625 0.466796875 0.1669921875 0.1884765625
1 0.6455078125 0.318359375 0.0185546875 0.0302734375
1 0.724609375 0.392578125 0.1123046875 0.119140625
1 0.462890625 0.3330078125 0.056640625 0.099609375
1 0.384765625 0.484375 0.130859375 0.169921875
1 0.7626953125 0.3232421875 0.056640625 0.080078125
1 0.8193359375 0.3330078125 0.0673828125 0.0830078125
1 0.505859375 0.3291015625 0.0126953125 0.025390625
1 0.181640625 0.41796875 0.130859375 0.15234375
1 0.2705078125 0.3662109375 0.0595703125 0.0888671875
1 0.724609375 0.3154296875 0.0185546875 0.0302734375
1 0.298828125 0.3291015625 0.0126953125 0.025390625
1 0.9482421875 0.453125 0.103515625 0.2333984375
1 0.892578125 0.328125 0.060546875 0.06640625
1 0.423828125 0.337890625 0.033203125 0.0302734375
1 0.4921875 0.3427734375 0.021484375 0.0361328125
1 0.068359375 0.505859375 0.13671875 0.2578125
1 0.603515625 0.3486328125 0.0419921875 0.0693359375
1 0.3603515625 0.341796875 0.029296875 0.0498046875
1 0.712890625 0.349609375 0.0263671875 0.0556640625
1 0.212890625 0.3642578125 0.025390625 0.0390625
0 0.478515625 0.482421875 0.0439453125 0.0361328125
0 0.3876953125 0.580078125 0.068359375 0.0390625
0 0.94140625 0.580078125 0.107421875 0.0498046875
0 0.5224609375 0.58203125 0.095703125 0.0634765625
0 0.439453125 0.6083984375 0.052734375 0.0390625
0 0.392578125 0.9306640625 0.1435546875 0.138671875
1 0.9609375 0.716796875 0.078125 0.25
1 0.037109375 0.4013671875 0.0439453125 0.0634765625
1 0.6826171875 0.328125 0.03125 0.0615234375
1 0.59765625 0.318359375 0.013671875 0.0302734375
0 0.798828125 0.37890625 0.033203125 0.013671875
0 0.6416015625 0.427734375 0.044921875 0.0224609375
0 0.8388671875 0.37890625 0.0283203125 0.013671875
0 0.4248046875 0.466796875 0.0185546875 0.0166015625
0 0.466796875 0.3876953125 0.0341796875 0.025390625
1 0.548828125 0.380859375 0.0361328125 0.0615234375
1 0.3369140625 0.3447265625 0.0205078125 0.02734375
1 0.275390625 0.341796875 0.017578125 0.0224609375
1 0.2919921875 0.35546875 0.015625 0.02734375
0 0.412109375 0.4306640625 0.0205078125 0.0224609375
0 0.4912109375 0.4306640625 0.0234375 0.0224609375
0 0.169921875 0.455078125 0.0390625 0.0224609375
0 0.330078125 0.404296875 0.029296875 0.013671875
1 0.0166015625 0.451171875 0.033203125 0.0751953125
0 0.3505859375 0.380859375 0.0234375 0.0224609375
1 0.6689453125 0.3662109375 0.03125 0.0498046875
0 0.611328125 0.3974609375 0.025390625 0.0166015625
0 0.76953125 0.3759765625 0.0205078125 0.0361328125
1 0.2314453125 0.375 0.025390625 0.044921875
1 0.310546875 0.35546875 0.0205078125 0.0224609375
1 0.6357421875 0.3642578125 0.0185546875 0.02734375
0 0.5791015625 0.3681640625 0.0263671875 0.025390625
0 0.279296875 0.4306640625 0.041015625 0.0224609375
0 0.197265625 0.482421875 0.056640625 0.025390625
1 0.9375 0.3916015625 0.025390625 0.0498046875
0 0.205078125 0.4541015625 0.0419921875 0.0302734375
2 0.59765625 0.380859375 0.013671875 0.02734375
1 0.310546875 0.4052734375 0.041015625 0.0615234375
1 0.830078125 0.3193359375 0.013671875 0.0224609375
0 0.9599609375 0.349609375 0.0234375 0.0166015625
0 0.6123046875 0.4931640625 0.025390625 0.046875