2 0.8349609375 0.927734375 0.1640625 0.0830078125
1 0.67578125 0.673828125 0.470703125 0.380859375
1 0.873046875 0.4990234375 0.240234375 0.23046875
1 0.705078125 0.4052734375 0.1064453125 0.14453125
1 0.6484375 0.318359375 0.015625 0.0302734375
1 0.4375 0.3955078125 0.1064453125 0.1640625
1 0.5830078125 0.31640625 0.0185546875 0.033203125
1 0.900390625 0.3291015625 0.056640625 0.080078125
1 0.5107421875 0.3681640625 0.072265625 0.1142578125
1 0.5029296875 0.328125 0.015625 0.033203125
1 0.16796875 0.3544921875 0.033203125 0.046875
1 0.275390625 0.3447265625 0.025390625 0.0390625
1 0.7373046875 0.31640625 0.0185546875 0.033203125
1 0.19140625 0.4609375 0.1357421875 0.244140625
1 0.2490234375 0.37890625 0.048828125 0.091796875
1 0.3330078125 0.615234375 0.2373046875 0.525390625
1 0.056640625 0.4052734375 0.0439453125 0.044921875
1 0.716796875 0.34765625 0.0283203125 0.0556640625
1 0.22265625 0.365234375 0.0263671875 0.0419921875
1 0.884765625 0.3779296875 0.0546875 0.0498046875
1 0.7685546875 0.318359375 0.0439453125 0.0751953125
1 0.4755859375 0.33203125 0.0234375 0.0419921875
1 0.541015625 0.50390625 0.1220703125 0.1748046875
1 0.599609375 0.33984375 0.03125 0.0634765625
1 0.826171875 0.3349609375 0.060546875 0.080078125
1 0.07421875 0.6416015625 0.1484375 0.5224609375
1 0.5751953125 0.341796875 0.0185546875 0.0390625
1 0.2978515625 0.3291015625 0.013671875 0.0302734375
0 0.474609375 0.482421875 0.037109375 0.0361328125
1 0.3564453125 0.3623046875 0.0439453125 0.080078125
1 0.3876953125 0.455078125 0.0439453125 0.0888671875
0 0.255859375 0.9287109375 0.3544921875 0.1357421875
1 0.5556640625 0.3916015625 0.0390625 0.078125
1 0.931640625 0.35546875 0.0419921875 0.0615234375
0 0.8818359375 0.607421875 0.0830078125 0.046875
1 0.9833984375 0.3662109375 0.033203125 0.044921875
1 0.666015625 0.3193359375 0.0205078125 0.033203125
1 0.97265625 0.6875 0.0546875 0.2919921875
0 0.6982421875 0.4775390625 0.0498046875 0.0224609375
0 0.775390625 0.443359375 0.037109375 0.0361328125
0 0.494140625 0.4287109375 0.029296875 0.01953125
0 0.455078125 0.607421875 0.025390625 0.0361328125
0 0.587890625 0.455078125 0.03125 0.02734375
0 0.0380859375 0.544921875 0.076171875 0.0498046875
0 0.642578125 0.4267578125 0.0439453125 0.025390625
0 0.4111328125 0.4287109375 0.0185546875 0.01953125
0 0.4189453125 0.4482421875 0.0185546875 0.0302734375
1 0.400390625 0.384765625 0.029296875 0.0419921875
1 0.8544921875 0.3427734375 0.021484375 0.0361328125
0 0.044921875 0.5927734375 0.0888671875 0.0634765625
0 0.462890625 0.3857421875 0.0263671875 0.0166015625
0 0.591796875 0.380859375 0.0234375 0.0166015625
2 0.5537109375 0.5634765625 0.0546875 0.02734375
1 0.759765625 0.3095703125 0.013671875 0.01953125
0 0.447265625 0.466796875 0.044921875 0.02734375
2 0.5439453125 0.591796875 0.068359375 0.044921875
0 0.6103515625 0.3955078125 0.017578125 0.025390625
2 0.619140625 0.3837890625 0.0126953125 0.0166015625
0 0.7978515625 0.380859375 0.0205078125 0.0166015625
1 0.82421875 0.3291015625 0.013671875 0.0302734375
1 0.634765625 0.3427734375 0.0234375 0.0361328125
2 0.7978515625 0.4287109375 0.0205078125 0.025390625
1 0.3486328125 0.34765625 0.015625 0.0166015625
2 0.486328125 0.455078125 0.0185546875 0.0224609375
0 0.1240234375 0.466796875 0.0205078125 0.0166015625
1 0.5185546875 0.306640625 0.025390625 0.025390625
1 0.9853515625 0.443359375 0.029296875 0.08203125
0 0.75390625 0.4873046875 0.0703125 0.05859375
1 0.6162109375 0.4912109375 0.0673828125 0.0556640625
1 0.7744140625 0.4072265625 0.0263671875 0.0361328125
1 0.0234375 0.4775390625 0.046875 0.0830078125
1 0.8447265625 0.31640625 0.013671875 0.033203125
1 0.6181640625 0.3134765625 0.013671875 0.02734375