2 0.8349609375 0.923828125 0.1669921875 0.080078125
1 0.6376953125 0.62890625 0.369140625 0.4580078125
1 0.259765625 0.76953125 0.333984375 0.4501953125
1 0.736328125 0.3115234375 0.021484375 0.0224609375
1 0.3623046875 0.4931640625 0.162109375 0.158203125
1 0.669921875 0.3291015625 0.0205078125 0.0419921875
1 0.462890625 0.35546875 0.060546875 0.099609375
1 0.291015625 0.3330078125 0.013671875 0.033203125
1 0.560546875 0.3642578125 0.0361328125 0.0390625
1 0.73828125 0.3857421875 0.0830078125 0.14453125
1 0.2783203125 0.3486328125 0.025390625 0.0419921875
1 0.1943359375 0.4384765625 0.1298828125 0.2333984375
1 0.5927734375 0.318359375 0.017578125 0.0302734375
1 0.080078125 0.5087890625 0.1533203125 0.2607421875
1 0.634765625 0.3427734375 0.0439453125 0.0751953125
1 0.8193359375 0.33984375 0.0673828125 0.0859375
1 0.3564453125 0.3427734375 0.037109375 0.05859375
1 0.5810546875 0.3427734375 0.0185546875 0.0361328125
1 0.8916015625 0.328125 0.0517578125 0.06640625
2 0.5224609375 0.591796875 0.029296875 0.0390625
1 0.6748046875 0.3662109375 0.03125 0.0556640625
1 0.021484375 0.3818359375 0.0419921875 0.046875
1 0.943359375 0.455078125 0.1123046875 0.22265625
1 0.9443359375 0.35546875 0.0361328125 0.06640625
1 0.306640625 0.3427734375 0.0263671875 0.0419921875
1 0.5048828125 0.330078125 0.015625 0.0390625
1 0.7685546875 0.318359375 0.03125 0.0634765625
0 0.4755859375 0.482421875 0.0390625 0.0419921875
0 0.4384765625 0.607421875 0.0546875 0.0419921875
1 0.8916015625 0.384765625 0.0517578125 0.0693359375
0 0.8818359375 0.578125 0.091796875 0.044921875
1 0.2314453125 0.35546875 0.037109375 0.06640625
1 0.287109375 0.4052734375 0.064453125 0.14453125
0 0.4873046875 0.4287109375 0.03125 0.01953125
0 0.38671875 0.580078125 0.0419921875 0.033203125
0 0.4033203125 0.4287109375 0.03125 0.01953125
1 0.9755859375 0.3642578125 0.044921875 0.0615234375
0 0.4345703125 0.466796875 0.041015625 0.02734375
1 0.6552734375 0.3427734375 0.017578125 0.0302734375
0 0.71875 0.4765625 0.025390625 0.025390625
0 0.7978515625 0.3779296875 0.0205078125 0.0107421875
1 0.048828125 0.40234375 0.0185546875 0.033203125
1 0.3291015625 0.35546875 0.017578125 0.02734375
0 0.767578125 0.443359375 0.0205078125 0.0302734375
1 0.357421875 0.4072265625 0.029296875 0.046875
0 0.3466796875 0.37890625 0.0283203125 0.0302734375
0 0.1416015625 0.4609375 0.0234375 0.0166015625
0 0.5859375 0.37890625 0.021484375 0.01953125
0 0.29296875 0.3681640625 0.0205078125 0.025390625
0 0.6103515625 0.39453125 0.0263671875 0.0166015625
0 0.072265625 0.955078125 0.1357421875 0.0830078125
0 0.287109375 0.4306640625 0.0234375 0.0166015625
1 0.484375 0.35546875 0.0126953125 0.0224609375
0 0.380859375 0.4052734375 0.0126953125 0.02734375
1 0.9716796875 0.69140625 0.056640625 0.2890625
1 0.8310546875 0.3291015625 0.0185546875 0.025390625
0 0.4619140625 0.390625 0.029296875 0.01953125