2 0.8359375 0.927734375 0.162109375 0.0830078125
1 0.681640625 0.6181640625 0.431640625 0.474609375
1 0.6669921875 0.318359375 0.0185546875 0.0302734375
1 0.3623046875 0.4912109375 0.162109375 0.18359375
1 0.4501953125 0.4052734375 0.099609375 0.14453125
1 0.7412109375 0.31640625 0.0205078125 0.0390625
1 0.26171875 0.693359375 0.2763671875 0.375
1 0.0703125 0.640625 0.140625 0.5419921875
1 0.5009765625 0.3232421875 0.013671875 0.0302734375
1 0.2978515625 0.330078125 0.013671875 0.02734375
1 0.56640625 0.3974609375 0.1142578125 0.14453125
1 0.28125 0.33984375 0.0185546875 0.0419921875
1 0.6455078125 0.3193359375 0.0185546875 0.02734375
1 0.205078125 0.4375 0.1171875 0.2197265625
1 0.89453125 0.33203125 0.060546875 0.1025390625
1 0.748046875 0.3916015625 0.072265625 0.138671875
1 0.67578125 0.357421875 0.0361328125 0.0634765625
0 0.3349609375 0.9599609375 0.173828125 0.080078125
1 0.22265625 0.361328125 0.0263671875 0.044921875
1 0.8173828125 0.33984375 0.0751953125 0.1083984375
1 0.3349609375 0.37109375 0.0517578125 0.1142578125
1 0.349609375 0.3388671875 0.013671875 0.033203125
1 0.9697265625 0.41796875 0.0576171875 0.1748046875
1 0.275390625 0.3779296875 0.0751953125 0.14453125
1 0.5810546875 0.3291015625 0.025390625 0.0302734375
0 0.900390625 0.60546875 0.1142578125 0.0498046875
0 0.478515625 0.48046875 0.044921875 0.0390625
1 0.4873046875 0.3486328125 0.025390625 0.0419921875
1 0.5986328125 0.298828125 0.015625 0.0302734375
1 0.45703125 0.33984375 0.0234375 0.0361328125
1 0.9501953125 0.6787109375 0.09375 0.3193359375
1 0.7177734375 0.3359375 0.0263671875 0.044921875
0 0.439453125 0.6083984375 0.052734375 0.0390625
1 0.9287109375 0.3447265625 0.029296875 0.044921875
1 0.3662109375 0.3525390625 0.0205078125 0.044921875
0 0.2939453125 0.578125 0.0498046875 0.0498046875
2 0.53125 0.591796875 0.0498046875 0.044921875
0 0.3740234375 0.5830078125 0.0673828125 0.033203125
1 0.3134765625 0.341796875 0.0234375 0.033203125
0 0.40625 0.427734375 0.025390625 0.0224609375
0 0.494140625 0.591796875 0.0390625 0.033203125
0 0.462890625 0.388671875 0.025390625 0.0224609375
0 0.3876953125 0.892578125 0.1376953125 0.0859375
1 0.8486328125 0.318359375 0.021484375 0.0361328125
0 0.494140625 0.4306640625 0.025390625 0.0224609375
1 0.1494140625 0.4169921875 0.0205078125 0.0390625
1 0.5361328125 0.341796875 0.015625 0.044921875
0 0.4189453125 0.451171875 0.0185546875 0.0361328125
1 0.763671875 0.3056640625 0.0185546875 0.02734375
0 0.041015625 0.546875 0.0810546875 0.0556640625
0 0.609375 0.4052734375 0.021484375 0.02734375
0 0.17578125 0.9287109375 0.1953125 0.130859375
0 0.7763671875 0.443359375 0.041015625 0.0361328125
1 0.642578125 0.3740234375 0.056640625 0.091796875
0 0.0439453125 0.5947265625 0.087890625 0.06640625
0 0.1494140625 0.443359375 0.0205078125 0.01953125
0 0.5302734375 0.5615234375 0.0546875 0.033203125
0 0.380859375 0.40234375 0.0126953125 0.0224609375
0 0.3125 0.37890625 0.0185546875 0.0419921875
0 0.923828125 0.3857421875 0.021484375 0.033203125
0 0.798828125 0.380859375 0.0205078125 0.0224609375
1 0.6005859375 0.3359375 0.017578125 0.02734375
1 0.0234375 0.4541015625 0.046875 0.091796875
0 0.3505859375 0.39453125 0.017578125 0.033203125
2 0.7841796875 0.41015625 0.025390625 0.0302734375
0 0.5869140625 0.380859375 0.0263671875 0.0224609375
0 0.1494140625 0.4609375 0.013671875 0.0166015625
0 0.955078125 0.349609375 0.025390625 0.0166015625
0 0.279296875 0.4287109375 0.041015625 0.025390625
1 0.8994140625 0.3193359375 0.0205078125 0.0224609375
0 0.244140625 0.4140625 0.013671875 0.0224609375