2 0.833984375 0.927734375 0.166015625 0.0830078125
1 0.6748046875 0.65234375 0.431640625 0.4111328125
1 0.2548828125 0.736328125 0.4375 0.505859375
1 0.3740234375 0.48046875 0.1298828125 0.177734375
1 0.837890625 0.466796875 0.162109375 0.22265625
1 0.298828125 0.328125 0.017578125 0.02734375
1 0.548828125 0.466796875 0.142578125 0.177734375
1 0.8349609375 0.3095703125 0.0205078125 0.0302734375
1 0.1875 0.419921875 0.125 0.171875
1 0.7353515625 0.3017578125 0.0205078125 0.025390625
1 0.275390625 0.3525390625 0.025390625 0.033203125
1 0.462890625 0.3447265625 0.0439453125 0.0888671875
1 0.3115234375 0.39453125 0.064453125 0.138671875
1 0.2177734375 0.3583984375 0.0234375 0.0390625
1 0.0751953125 0.509765625 0.150390625 0.26953125
1 0.9375 0.341796875 0.03125 0.0498046875
1 0.6923828125 0.4169921875 0.078125 0.150390625
1 0.8974609375 0.330078125 0.0576171875 0.06640625
1 0.716796875 0.3486328125 0.0341796875 0.05859375
1 0.9541015625 0.4365234375 0.091796875 0.1943359375
1 0.5615234375 0.3740234375 0.0390625 0.0419921875
1 0.8134765625 0.341796875 0.064453125 0.0830078125
1 0.642578125 0.3212890625 0.013671875 0.0419921875
1 0.32421875 0.337890625 0.017578125 0.0302734375
1 0.611328125 0.3544921875 0.0517578125 0.080078125
1 0.48828125 0.341796875 0.0205078125 0.033203125
1 0.162109375 0.3544921875 0.037109375 0.052734375
1 0.853515625 0.3681640625 0.044921875 0.046875
1 0.3623046875 0.345703125 0.03125 0.05859375
1 0.2470703125 0.380859375 0.041015625 0.06640625
1 0.7392578125 0.330078125 0.0283203125 0.044921875
1 0.4990234375 0.318359375 0.0078125 0.0302734375
1 0.40625 0.3681640625 0.056640625 0.091796875
0 0.3935546875 0.9287109375 0.1435546875 0.1416015625
0 0.869140625 0.5927734375 0.099609375 0.0693359375
1 0.7734375 0.322265625 0.041015625 0.06640625
0 0.439453125 0.609375 0.052734375 0.0419921875
1 0.529296875 0.341796875 0.017578125 0.0390625
0 0.4794921875 0.4833984375 0.046875 0.0390625
0 0.544921875 0.5595703125 0.091796875 0.0302734375
0 0.380859375 0.568359375 0.0673828125 0.052734375
0 0.4248046875 0.4677734375 0.0185546875 0.025390625
0 0.4921875 0.4306640625 0.03125 0.0224609375
2 0.541015625 0.5927734375 0.0625 0.046875
0 0.494140625 0.58203125 0.033203125 0.052734375
0 0.6123046875 0.39453125 0.025390625 0.0166015625
0 0.796875 0.3759765625 0.025390625 0.013671875
0 0.4609375 0.390625 0.021484375 0.0302734375
0 0.3291015625 0.404296875 0.0263671875 0.013671875
0 0.787109375 0.4052734375 0.029296875 0.0166015625
0 0.6171875 0.4794921875 0.0283203125 0.0302734375
1 0.59375 0.31640625 0.0126953125 0.02734375
0 0.6767578125 0.4736328125 0.0185546875 0.01953125
0 0.818359375 0.3984375 0.0439453125 0.0419921875
0 0.6435546875 0.4169921875 0.0439453125 0.0390625
0 0.2998046875 0.375 0.025390625 0.033203125
0 0.1259765625 0.4267578125 0.017578125 0.025390625
2 0.818359375 0.3662109375 0.025390625 0.0224609375
1 0.6728515625 0.341796875 0.033203125 0.044921875
0 0.3740234375 0.375 0.0107421875 0.0166015625
0 0.9375 0.380859375 0.025390625 0.0390625
0 0.30078125 0.505859375 0.0234375 0.044921875
0 0.2861328125 0.4287109375 0.0439453125 0.025390625
0 0.923828125 0.3916015625 0.0126953125 0.02734375
2 0.8818359375 0.619140625 0.0234375 0.0166015625
0 0.9638671875 0.349609375 0.0283203125 0.0166015625
0 0.3447265625 0.3779296875 0.0390625 0.033203125
1 0.181640625 0.3642578125 0.0126953125 0.02734375
0 0.806640625 0.544921875 0.0234375 0.044921875
1 0.0625 0.40234375 0.0185546875 0.02734375