2 0.833984375 0.927734375 0.166015625 0.0830078125
1 0.6748046875 0.6318359375 0.4248046875 0.4638671875
1 0.275390625 0.6572265625 0.275390625 0.4365234375
1 0.380859375 0.48046875 0.119140625 0.171875
1 0.06640625 0.640625 0.1298828125 0.51953125
1 0.6484375 0.318359375 0.0185546875 0.0361328125
1 0.529296875 0.326171875 0.017578125 0.025390625
1 0.837890625 0.455078125 0.154296875 0.2275390625
1 0.1923828125 0.400390625 0.109375 0.1337890625
1 0.5009765625 0.3837890625 0.0673828125 0.1337890625
1 0.353515625 0.3740234375 0.048828125 0.1083984375
1 0.580078125 0.3388671875 0.037109375 0.072265625
1 0.712890625 0.349609375 0.029296875 0.0556640625
1 0.279296875 0.3486328125 0.0283203125 0.0419921875
1 0.21875 0.359375 0.03125 0.0419921875
1 0.353515625 0.3115234375 0.015625 0.0166015625
1 0.42578125 0.3662109375 0.0830078125 0.10546875
0 0.2119140625 0.9306640625 0.2294921875 0.138671875
1 0.7490234375 0.384765625 0.076171875 0.1083984375
1 0.2734375 0.4111328125 0.0654296875 0.14453125
1 0.681640625 0.3681640625 0.033203125 0.0693359375
1 0.66796875 0.318359375 0.0205078125 0.0302734375
1 0.4873046875 0.3447265625 0.0185546875 0.033203125
1 0.892578125 0.3291015625 0.060546875 0.0634765625
1 0.951171875 0.443359375 0.09375 0.224609375
1 0.298828125 0.3291015625 0.013671875 0.0302734375
1 0.841796875 0.328125 0.0341796875 0.06640625
1 0.056640625 0.41015625 0.0859375 0.080078125
0 0.4794921875 0.482421875 0.046875 0.0361328125
0 0.9306640625 0.5830078125 0.1298828125 0.06640625
0 0.3876953125 0.9306640625 0.125 0.1337890625
1 0.3076171875 0.3544921875 0.0283203125 0.0361328125
0 0.4384765625 0.607421875 0.0546875 0.0419921875
1 0.462890625 0.3447265625 0.0263671875 0.0390625
1 0.623046875 0.3427734375 0.060546875 0.080078125
0 0.39453125 0.572265625 0.0361328125 0.044921875
0 0.4921875 0.4287109375 0.0283203125 0.01953125
1 0.7939453125 0.3427734375 0.037109375 0.0634765625
0 0.5380859375 0.5595703125 0.091796875 0.0302734375
1 0.732421875 0.30859375 0.017578125 0.02734375
1 0.818359375 0.3056640625 0.025390625 0.02734375
0 0.794921875 0.3779296875 0.0263671875 0.0166015625
0 0.4248046875 0.4677734375 0.0185546875 0.01953125
2 0.5380859375 0.591796875 0.060546875 0.044921875
0 0.6123046875 0.392578125 0.025390625 0.01953125
0 0.494140625 0.58203125 0.033203125 0.052734375
1 0.7177734375 0.3193359375 0.013671875 0.0224609375
1 0.537109375 0.3662109375 0.03125 0.0498046875
0 0.462890625 0.3916015625 0.0185546875 0.02734375
2 0.4501953125 0.4736328125 0.025390625 0.01953125
0 0.326171875 0.404296875 0.0283203125 0.013671875
0 0.607421875 0.4736328125 0.0263671875 0.0302734375
0 0.2373046875 0.4169921875 0.0185546875 0.0166015625
1 0.59375 0.3291015625 0.0126953125 0.01953125
1 0.9580078125 0.3681640625 0.015625 0.0361328125
1 0.767578125 0.298828125 0.021484375 0.0302734375
1 0.349609375 0.3525390625 0.0185546875 0.0224609375
0 0.150390625 0.69140625 0.0361328125 0.078125
1 0.255859375 0.3857421875 0.025390625 0.033203125
0 0.224609375 0.384765625 0.0126953125 0.0302734375
1 0.7626953125 0.3251953125 0.0185546875 0.0166015625
1 0.787109375 0.4140625 0.0263671875 0.02734375
0 0.28125 0.4287109375 0.0439453125 0.01953125
1 0.6064453125 0.337890625 0.0185546875 0.0302734375
1 0.517578125 0.306640625 0.013671875 0.025390625
0 0.8193359375 0.392578125 0.048828125 0.01953125