1 0.525390625 0.09765625 0.025390625 0.044921875
1 0.087890625 0.1083984375 0.0419921875 0.0498046875
1 0.8994140625 0.2568359375 0.201171875 0.3134765625
1 0.244140625 0.130859375 0.0751953125 0.1162109375
1 0.619140625 0.345703125 0.337890625 0.3916015625
1 0.3134765625 0.4072265625 0.1796875 0.3134765625
1 0.4921875 0.1552734375 0.056640625 0.10546875
1 0.083984375 0.2294921875 0.1376953125 0.302734375
1 0.150390625 0.0830078125 0.03125 0.0615234375
1 0.7509765625 0.142578125 0.138671875 0.169921875
1 0.412109375 0.21484375 0.181640625 0.341796875
1 0.837890625 0.09765625 0.0830078125 0.0947265625
1 0.9677734375 0.0517578125 0.0263671875 0.052734375
1 0.794921875 0.08203125 0.0263671875 0.046875
1 0.3349609375 0.193359375 0.0703125 0.1357421875
1 0.8369140625 0.7119140625 0.326171875 0.568359375
0 0.623046875 0.5322265625 0.123046875 0.05859375
1 0.009765625 0.177734375 0.01953125 0.0859375
0 0.73046875 0.2236328125 0.048828125 0.01953125
1 0.9248046875 0.095703125 0.025390625 0.0361328125
0 0.791015625 0.2802734375 0.060546875 0.02734375
1 0.673828125 0.1083984375 0.0517578125 0.0615234375
1 0.173828125 0.1708984375 0.0859375 0.1748046875
1 0.599609375 0.12890625 0.0419921875 0.091796875
1 0.0205078125 0.35546875 0.041015625 0.1943359375
0 0.345703125 0.2900390625 0.041015625 0.0361328125
1 0.193359375 0.7236328125 0.38671875 0.548828125
0 0.3740234375 0.3681640625 0.044921875 0.0302734375
0 0.5341796875 0.5791015625 0.087890625 0.080078125
1 0.71875 0.08984375 0.037109375 0.05859375
1 0.9111328125 0.142578125 0.0751953125 0.080078125
0 0.509765625 0.294921875 0.0263671875 0.02734375
0 0.228515625 0.1943359375 0.037109375 0.0390625
0 0.181640625 0.244140625 0.0439453125 0.02734375
0 0.32421875 0.5791015625 0.029296875 0.0693359375
0 0.123046875 0.2919921875 0.03125 0.0224609375
0 0.4736328125 0.4013671875 0.0654296875 0.0751953125
0 0.4228515625 0.388671875 0.044921875 0.0224609375
0 0.408203125 0.634765625 0.099609375 0.0693359375
1 0.755859375 0.1767578125 0.033203125 0.046875
0 0.693359375 0.2294921875 0.037109375 0.0693359375
0 0.005859375 0.376953125 0.01171875 0.02734375
1 0.98046875 0.48046875 0.0390625 0.2607421875
0 0.6787109375 0.201171875 0.013671875 0.025390625
0 0.6875 0.1474609375 0.025390625 0.044921875
1 0.431640625 0.111328125 0.025390625 0.0556640625
0 0.4677734375 0.203125 0.0205078125 0.0166015625