2 0.8046875 0.8642578125 0.1533203125 0.072265625
1 0.662109375 0.6376953125 0.400390625 0.3251953125
1 0.259765625 0.720703125 0.408203125 0.4638671875
1 0.8291015625 0.4384765625 0.201171875 0.25
1 0.5322265625 0.455078125 0.1611328125 0.150390625
1 0.701171875 0.390625 0.107421875 0.15234375
1 0.44140625 0.3720703125 0.0859375 0.1337890625
1 0.19921875 0.3291015625 0.0361328125 0.0419921875
1 0.37890625 0.455078125 0.1171875 0.150390625
1 0.619140625 0.31640625 0.056640625 0.078125
1 0.287109375 0.318359375 0.0185546875 0.025390625
1 0.7060546875 0.294921875 0.037109375 0.06640625
1 0.2783203125 0.3544921875 0.0751953125 0.09765625
1 0.0888671875 0.4677734375 0.177734375 0.2412109375
1 0.2705078125 0.318359375 0.015625 0.01953125
1 0.068359375 0.3662109375 0.0439453125 0.0498046875
1 0.798828125 0.31640625 0.0576171875 0.078125
1 0.9609375 0.3115234375 0.046875 0.06640625
1 0.744140625 0.3095703125 0.029296875 0.0419921875
1 0.873046875 0.3037109375 0.037109375 0.052734375
1 0.505859375 0.3544921875 0.060546875 0.119140625
1 0.2060546875 0.4052734375 0.1123046875 0.18359375
1 0.8125 0.283203125 0.0185546875 0.033203125
1 0.6689453125 0.3125 0.0185546875 0.01953125
1 0.4677734375 0.3212890625 0.0205078125 0.0361328125
0 0.375 0.53515625 0.068359375 0.0419921875
1 0.3603515625 0.3037109375 0.0234375 0.0419921875
1 0.4931640625 0.3037109375 0.0205078125 0.0361328125
0 0.443359375 0.568359375 0.0546875 0.0361328125
0 0.4755859375 0.451171875 0.0390625 0.0361328125
1 0.318359375 0.31640625 0.025390625 0.0390625
0 0.8974609375 0.5537109375 0.1455078125 0.046875
0 0.537109375 0.537109375 0.1015625 0.0419921875
1 0.75 0.279296875 0.025390625 0.0361328125
1 0.3359375 0.3525390625 0.0283203125 0.0390625
0 0.423828125 0.41796875 0.0185546875 0.0361328125
0 0.95703125 0.5302734375 0.0703125 0.033203125
1 0.517578125 0.29296875 0.021484375 0.025390625
0 0.359375 0.3486328125 0.021484375 0.01953125
0 0.4873046875 0.40234375 0.025390625 0.0224609375
1 0.923828125 0.3037109375 0.03125 0.046875
0 0.46875 0.35546875 0.025390625 0.0224609375
1 0.576171875 0.3056640625 0.0361328125 0.0556640625
0 0.685546875 0.443359375 0.052734375 0.025390625
0 0.400390625 0.3984375 0.0419921875 0.01953125
0 0.634765625 0.3916015625 0.0390625 0.0224609375
1 0.25390625 0.3427734375 0.0205078125 0.0302734375
1 0.6552734375 0.302734375 0.013671875 0.02734375
0 0.580078125 0.4306640625 0.0263671875 0.044921875
0 0.609375 0.359375 0.0283203125 0.01953125
0 0.7802734375 0.3427734375 0.013671875 0.013671875
0 0.3037109375 0.3955078125 0.0205078125 0.013671875
0 0.447265625 0.443359375 0.029296875 0.013671875
0 0.7529296875 0.404296875 0.021484375 0.025390625
1 0.904296875 0.322265625 0.025390625 0.033203125
1 0.7666015625 0.3056640625 0.017578125 0.02734375
0 0.3017578125 0.931640625 0.037109375 0.125
1 0.240234375 0.33984375 0.0126953125 0.025390625
0 0.158203125 0.4287109375 0.025390625 0.01953125
0 0.583984375 0.3544921875 0.021484375 0.01953125
0 0.3876953125 0.37890625 0.0126953125 0.025390625
0 0.3134765625 0.466796875 0.0205078125 0.02734375