2 0.806640625 0.8623046875 0.15625 0.0751953125
1 0.681640625 0.634765625 0.435546875 0.330078125
1 0.693359375 0.3876953125 0.1171875 0.169921875
1 0.3818359375 0.4501953125 0.1298828125 0.18359375
1 0.087890625 0.58203125 0.1689453125 0.4638671875
1 0.8232421875 0.43359375 0.166015625 0.2607421875
1 0.3125 0.3134765625 0.0185546875 0.0390625
1 0.548828125 0.4462890625 0.189453125 0.1748046875
1 0.255859375 0.31640625 0.0234375 0.033203125
1 0.2060546875 0.375 0.1123046875 0.1337890625
1 0.2880859375 0.3232421875 0.0205078125 0.0302734375
1 0.8779296875 0.2919921875 0.03125 0.044921875
1 0.9560546875 0.3154296875 0.068359375 0.0751953125
1 0.19921875 0.330078125 0.0234375 0.0390625
1 0.439453125 0.3154296875 0.025390625 0.046875
1 0.1015625 0.380859375 0.0810546875 0.0947265625
1 0.9052734375 0.3212890625 0.0361328125 0.0634765625
1 0.486328125 0.31640625 0.037109375 0.06640625
1 0.625 0.31640625 0.0625 0.0830078125
1 0.3037109375 0.3662109375 0.064453125 0.1162109375
1 0.716796875 0.2861328125 0.021484375 0.033203125
1 0.9404296875 0.56640625 0.119140625 0.427734375
1 0.5791015625 0.3037109375 0.029296875 0.052734375
1 0.662109375 0.341796875 0.03125 0.0556640625
1 0.75 0.31640625 0.0498046875 0.111328125
1 0.263671875 0.35546875 0.0283203125 0.0498046875
0 0.935546875 0.533203125 0.099609375 0.0390625
1 0.806640625 0.302734375 0.0625 0.0615234375
1 0.5498046875 0.3525390625 0.037109375 0.078125
0 0.443359375 0.568359375 0.0517578125 0.0361328125
1 0.4619140625 0.3212890625 0.0205078125 0.0361328125
0 0.09375 0.9326171875 0.1875 0.134765625
0 0.48828125 0.400390625 0.0205078125 0.0166015625
1 0.599609375 0.296875 0.0185546875 0.033203125
1 0.353515625 0.3232421875 0.048828125 0.0693359375
0 0.3564453125 0.9375 0.1376953125 0.125
2 0.5419921875 0.5556640625 0.0654296875 0.033203125
0 0.478515625 0.451171875 0.0439453125 0.0361328125
1 0.65625 0.296875 0.0185546875 0.044921875
0 0.416015625 0.392578125 0.017578125 0.01953125
0 0.9326171875 0.359375 0.0283203125 0.0302734375
1 0.51953125 0.3154296875 0.029296875 0.052734375
0 0.78125 0.3427734375 0.0185546875 0.013671875
0 0.3359375 0.3759765625 0.021484375 0.013671875
0 0.048828125 0.5107421875 0.0966796875 0.06640625
1 0.357421875 0.3125 0.013671875 0.01953125
0 0.462890625 0.3623046875 0.017578125 0.01953125
0 0.6005859375 0.3642578125 0.033203125 0.0224609375
0 0.67578125 0.455078125 0.0390625 0.044921875
0 0.62890625 0.3916015625 0.0263671875 0.0166015625
0 0.384765625 0.54296875 0.0517578125 0.025390625
2 0.345703125 0.4150390625 0.037109375 0.025390625
1 0.748046875 0.345703125 0.013671875 0.0361328125
0 0.42578125 0.4287109375 0.0263671875 0.025390625
1 0.974609375 0.306640625 0.017578125 0.025390625
0 0.4482421875 0.4404296875 0.0283203125 0.01953125
0 0.7763671875 0.296875 0.0185546875 0.0166015625
0 0.150390625 0.4306640625 0.0185546875 0.0166015625
0 0.58203125 0.341796875 0.013671875 0.0224609375
0 0.017578125 0.466796875 0.0341796875 0.0224609375