2 0.833984375 0.9267578125 0.166015625 0.0859375
1 0.6513671875 0.6416015625 0.40625 0.43359375
1 0.3740234375 0.4794921875 0.142578125 0.2138671875
1 0.673828125 0.3115234375 0.0205078125 0.0224609375
1 0.875 0.474609375 0.244140625 0.25
1 0.4658203125 0.349609375 0.052734375 0.099609375
1 0.173828125 0.3984375 0.1015625 0.158203125
1 0.236328125 0.3583984375 0.0419921875 0.0888671875
1 0.28125 0.3642578125 0.03125 0.072265625
2 0.525390625 0.591796875 0.03125 0.044921875
1 0.7041015625 0.3759765625 0.1015625 0.15234375
0 0.478515625 0.4833984375 0.0439453125 0.0390625
1 0.486328125 0.337890625 0.015625 0.0302734375
1 0.5166015625 0.3681640625 0.064453125 0.15234375
1 0.080078125 0.625 0.16015625 0.53515625
1 0.3505859375 0.345703125 0.044921875 0.05859375
1 0.8310546875 0.318359375 0.0185546875 0.0419921875
1 0.9248046875 0.318359375 0.03125 0.0361328125
1 0.884765625 0.3291015625 0.064453125 0.0751953125
1 0.177734375 0.33984375 0.0283203125 0.046875
0 0.4189453125 0.4482421875 0.0185546875 0.0302734375
1 0.619140625 0.3525390625 0.068359375 0.0947265625
1 0.7509765625 0.3193359375 0.0419921875 0.0888671875
1 0.58203125 0.3212890625 0.0205078125 0.0361328125
0 0.384765625 0.94140625 0.1015625 0.1162109375
1 0.05078125 0.4140625 0.0830078125 0.0888671875
1 0.3046875 0.3291015625 0.015625 0.025390625
0 0.8759765625 0.6025390625 0.0888671875 0.0615234375
0 0.44140625 0.6083984375 0.0517578125 0.0390625
1 0.4072265625 0.3759765625 0.044921875 0.0859375
0 0.494140625 0.4306640625 0.025390625 0.0224609375
0 0.1689453125 0.4443359375 0.03125 0.033203125
0 0.279296875 0.9619140625 0.08203125 0.076171875
1 0.947265625 0.357421875 0.0263671875 0.0361328125
0 0.40625 0.4287109375 0.025390625 0.01953125
1 0.5 0.3291015625 0.0126953125 0.0302734375
1 0.5673828125 0.3662109375 0.0283203125 0.0498046875
0 0.462890625 0.388671875 0.025390625 0.0224609375
1 0.9794921875 0.3623046875 0.041015625 0.05859375
1 0.6064453125 0.3291015625 0.0185546875 0.0302734375
0 0.3466796875 0.3740234375 0.0283203125 0.01953125
1 0.9501953125 0.7236328125 0.09375 0.23046875
1 0.5966796875 0.3544921875 0.015625 0.025390625
0 0.443359375 0.4765625 0.033203125 0.025390625
1 0.6357421875 0.3583984375 0.0185546875 0.033203125
0 0.255859375 0.41015625 0.0234375 0.01953125
0 0.611328125 0.39453125 0.025390625 0.0166015625
1 0.8466796875 0.3349609375 0.015625 0.0419921875
0 0.236328125 0.39453125 0.0185546875 0.0224609375
0 0.587890625 0.3759765625 0.013671875 0.013671875
0 0.19921875 0.490234375 0.048828125 0.025390625
1 0.3017578125 0.3486328125 0.015625 0.01953125
0 0.607421875 0.4697265625 0.033203125 0.02734375
0 0.119140625 0.466796875 0.025390625 0.0224609375
0 0.59375 0.4541015625 0.0185546875 0.025390625
1 0.8564453125 0.37890625 0.037109375 0.052734375
0 0.0166015625 0.49609375 0.033203125 0.0361328125
1 0.5791015625 0.2666015625 0.0234375 0.06640625
2 0.4599609375 0.955078125 0.0234375 0.0830078125
0 0.181640625 0.466796875 0.060546875 0.02734375