2 0.8056640625 0.859375 0.1513671875 0.080078125
1 0.6689453125 0.6162109375 0.412109375 0.35546875
1 0.3818359375 0.455078125 0.1328125 0.18359375
1 0.28125 0.716796875 0.380859375 0.5615234375
1 0.541015625 0.4443359375 0.15625 0.1669921875
1 0.3134765625 0.302734375 0.013671875 0.0224609375
1 0.8125 0.443359375 0.15625 0.2080078125
1 0.6923828125 0.375 0.109375 0.1337890625
1 0.4375 0.31640625 0.0185546875 0.02734375
1 0.84765625 0.33203125 0.048828125 0.05859375
1 0.2880859375 0.318359375 0.0234375 0.0419921875
1 0.2060546875 0.380859375 0.1064453125 0.138671875
1 0.087890625 0.4677734375 0.169921875 0.2197265625
1 0.25 0.31640625 0.025390625 0.033203125
1 0.4697265625 0.3232421875 0.048828125 0.080078125
1 0.806640625 0.27734375 0.0205078125 0.033203125
1 0.3232421875 0.33984375 0.046875 0.0693359375
1 0.931640625 0.4306640625 0.1328125 0.1943359375
1 0.259765625 0.3623046875 0.0283203125 0.05859375
1 0.8701171875 0.2919921875 0.0283203125 0.044921875
0 0.896484375 0.54296875 0.130859375 0.05859375
1 0.962890625 0.3037109375 0.0185546875 0.046875
1 0.6162109375 0.3251953125 0.0546875 0.0830078125
1 0.7177734375 0.2958984375 0.0234375 0.0419921875
1 0.3671875 0.318359375 0.025390625 0.046875
0 0.478515625 0.451171875 0.0419921875 0.0361328125
1 0.6279296875 0.29296875 0.0185546875 0.0302734375
1 0.65625 0.302734375 0.037109375 0.0556640625
1 0.7431640625 0.31640625 0.0361328125 0.0556640625
1 0.9072265625 0.330078125 0.0517578125 0.06640625
1 0.8037109375 0.31640625 0.0390625 0.0615234375
1 0.212890625 0.33203125 0.03125 0.0361328125
0 0.537109375 0.5302734375 0.1171875 0.0556640625
1 0.7548828125 0.2802734375 0.021484375 0.0390625
0 0.443359375 0.568359375 0.0546875 0.0361328125
1 0.5986328125 0.3056640625 0.015625 0.02734375
1 0.58203125 0.294921875 0.017578125 0.02734375
0 0.4912109375 0.3984375 0.029296875 0.01953125
1 0.572265625 0.3154296875 0.017578125 0.025390625
1 0.6982421875 0.3232421875 0.021484375 0.0302734375
0 0.39453125 0.544921875 0.033203125 0.0224609375
0 0.4091796875 0.39453125 0.0283203125 0.0224609375
0 0.603515625 0.3642578125 0.0341796875 0.0224609375
0 0.587890625 0.5166015625 0.029296875 0.0224609375
0 0.9560546875 0.5322265625 0.037109375 0.025390625
0 0.2119140625 0.845703125 0.0546875 0.0859375
1 0.4970703125 0.3115234375 0.0126953125 0.0166015625
0 0.931640625 0.357421875 0.025390625 0.025390625
1 0.529296875 0.318359375 0.0263671875 0.0419921875
0 0.4697265625 0.359375 0.017578125 0.01953125
0 0.4287109375 0.41796875 0.029296875 0.0361328125
2 0.3984375 0.9599609375 0.037109375 0.0693359375
0 0.6162109375 0.3876953125 0.033203125 0.0302734375
0 0.0166015625 0.455078125 0.033203125 0.033203125
0 0.3037109375 0.3955078125 0.0234375 0.013671875
0 0.6982421875 0.4384765625 0.025390625 0.0107421875
0 0.576171875 0.3515625 0.017578125 0.013671875
1 0.73828125 0.4052734375 0.0419921875 0.044921875
1 0.322265625 0.328125 0.013671875 0.0224609375
0 0.1611328125 0.4306640625 0.021484375 0.0224609375
1 0.9931640625 0.3330078125 0.013671875 0.0390625
0 0.6279296875 0.4169921875 0.03125 0.0498046875
1 0.513671875 0.2890625 0.0234375 0.0390625