0 0.8359375 0.923828125 0.166015625 0.080078125
1 0.681640625 0.66796875 0.443359375 0.40234375
1 0.7421875 0.3095703125 0.015625 0.01953125
1 0.6669921875 0.31640625 0.0185546875 0.02734375
1 0.6474609375 0.31640625 0.017578125 0.02734375
1 0.4931640625 0.3447265625 0.0205078125 0.0390625
1 0.259765625 0.7763671875 0.330078125 0.4365234375
1 0.716796875 0.408203125 0.126953125 0.171875
1 0.380859375 0.4912109375 0.1435546875 0.2001953125
1 0.8759765625 0.466796875 0.2236328125 0.3115234375
1 0.5498046875 0.4697265625 0.1689453125 0.2001953125
1 0.5322265625 0.341796875 0.017578125 0.0390625
1 0.275390625 0.349609375 0.025390625 0.044921875
0 0.33203125 0.9580078125 0.1767578125 0.0830078125
1 0.8203125 0.3330078125 0.072265625 0.099609375
1 0.275390625 0.4365234375 0.09375 0.18359375
1 0.8994140625 0.3056640625 0.0205078125 0.0166015625
1 0.7666015625 0.3291015625 0.017578125 0.0302734375
1 0.1748046875 0.3974609375 0.09375 0.1337890625
1 0.0703125 0.4169921875 0.0908203125 0.111328125
0 0.478515625 0.4833984375 0.041015625 0.0390625
1 0.341796875 0.357421875 0.046875 0.091796875
1 0.4560546875 0.3447265625 0.056640625 0.072265625
1 0.3017578125 0.341796875 0.025390625 0.044921875
1 0.21875 0.365234375 0.025390625 0.046875
1 0.17578125 0.35546875 0.0205078125 0.02734375
1 0.7236328125 0.3388671875 0.0283203125 0.0615234375
1 0.5751953125 0.35546875 0.037109375 0.0556640625
1 0.9384765625 0.3486328125 0.048828125 0.080078125
0 0.53515625 0.5791015625 0.1357421875 0.0634765625
0 0.439453125 0.6083984375 0.052734375 0.0390625
1 0.767578125 0.3037109375 0.0205078125 0.0302734375
0 0.87890625 0.591796875 0.0830078125 0.06640625
1 0.404296875 0.3779296875 0.03125 0.06640625
1 0.6044921875 0.3212890625 0.0185546875 0.0361328125
0 0.4990234375 0.4287109375 0.0263671875 0.01953125
1 0.9814453125 0.3525390625 0.037109375 0.044921875
1 0.3642578125 0.35546875 0.0185546875 0.02734375
0 0.642578125 0.427734375 0.037109375 0.0224609375
1 0.9658203125 0.716796875 0.068359375 0.23046875
0 0.7666015625 0.443359375 0.0205078125 0.0361328125
0 0.4677734375 0.384765625 0.029296875 0.01953125
0 0.0390625 0.544921875 0.078125 0.0498046875
1 0.255859375 0.361328125 0.0185546875 0.033203125
1 0.603515625 0.3759765625 0.0263671875 0.0361328125
1 0.33203125 0.3427734375 0.017578125 0.025390625
0 0.298828125 0.5625 0.044921875 0.025390625
0 0.439453125 0.466796875 0.037109375 0.0224609375
0 0.6181640625 0.4794921875 0.033203125 0.025390625
0 0.384765625 0.8916015625 0.1455078125 0.0888671875
0 0.5927734375 0.4609375 0.017578125 0.044921875
0 0.9873046875 0.5693359375 0.025390625 0.02734375
0 0.041015625 0.59765625 0.08203125 0.05859375
1 0.298828125 0.3720703125 0.025390625 0.033203125
1 0.97265625 0.44140625 0.0546875 0.1552734375
1 0.67578125 0.361328125 0.033203125 0.0556640625
1 0.8466796875 0.3134765625 0.0126953125 0.02734375
0 0.3017578125 0.5068359375 0.025390625 0.046875
0 0.4189453125 0.44140625 0.0185546875 0.0390625
0 0.7822265625 0.4111328125 0.0263671875 0.033203125
0 0.755859375 0.4736328125 0.033203125 0.0302734375
0 0.125 0.46484375 0.025390625 0.01953125
0 0.0078125 0.5029296875 0.015625 0.033203125
0 0.798828125 0.3857421875 0.025390625 0.033203125
1 0.2392578125 0.51953125 0.046875 0.078125
1 0.546875 0.375 0.0283203125 0.0498046875
1 0.2255859375 0.427734375 0.033203125 0.10546875
0 0.943359375 0.4052734375 0.033203125 0.02734375