2 0.8056640625 0.8623046875 0.1513671875 0.0751953125
1 0.6552734375 0.5732421875 0.3857421875 0.44140625
1 0.62890625 0.2919921875 0.017578125 0.02734375
1 0.244140625 0.73046875 0.4501953125 0.5166015625
1 0.25 0.3193359375 0.025390625 0.0390625
1 0.310546875 0.3037109375 0.015625 0.025390625
1 0.373046875 0.4541015625 0.1455078125 0.169921875
1 0.4931640625 0.3427734375 0.0517578125 0.1083984375
1 0.087890625 0.455078125 0.1669921875 0.216796875
1 0.193359375 0.326171875 0.029296875 0.046875
1 0.59375 0.37109375 0.068359375 0.1416015625
1 0.294921875 0.3095703125 0.0234375 0.0302734375
1 0.9716796875 0.2919921875 0.0185546875 0.02734375
1 0.66796875 0.3291015625 0.033203125 0.046875
1 0.2060546875 0.4013671875 0.099609375 0.1865234375
1 0.4228515625 0.33984375 0.048828125 0.09765625
1 0.8056640625 0.3037109375 0.029296875 0.05859375
1 0.5302734375 0.31640625 0.013671875 0.0390625
1 0.9345703125 0.404296875 0.130859375 0.234375
1 0.9013671875 0.3193359375 0.025390625 0.0615234375
1 0.5791015625 0.3115234375 0.0234375 0.044921875
2 0.5322265625 0.5556640625 0.044921875 0.0390625
1 0.2802734375 0.39453125 0.080078125 0.1669921875
1 0.7080078125 0.330078125 0.0439453125 0.078125
1 0.8828125 0.2900390625 0.025390625 0.0361328125
1 0.50390625 0.2919921875 0.0205078125 0.0390625
1 0.369140625 0.3232421875 0.025390625 0.05859375
1 0.3251953125 0.341796875 0.037109375 0.06640625
1 0.75 0.318359375 0.037109375 0.1142578125
1 0.4501953125 0.31640625 0.025390625 0.0556640625
1 0.712890625 0.2822265625 0.03125 0.046875
0 0.4248046875 0.41796875 0.0185546875 0.0302734375
0 0.443359375 0.568359375 0.0498046875 0.0361328125
0 0.900390625 0.5361328125 0.068359375 0.044921875
0 0.38671875 0.548828125 0.0673828125 0.0302734375
1 0.55078125 0.3359375 0.033203125 0.044921875
1 0.263671875 0.35546875 0.0283203125 0.044921875
0 0.4072265625 0.392578125 0.029296875 0.01953125
0 0.474609375 0.4462890625 0.044921875 0.0361328125
0 0.541015625 0.5234375 0.0673828125 0.0302734375
1 0.5966796875 0.298828125 0.0185546875 0.0302734375
0 0.4912109375 0.400390625 0.0205078125 0.0166015625
0 0.748046875 0.4072265625 0.0283203125 0.0361328125
0 0.357421875 0.3525390625 0.0234375 0.0224609375
0 0.60546875 0.3583984375 0.0205078125 0.0166015625
0 0.3134765625 0.5205078125 0.033203125 0.025390625
0 0.5810546875 0.4287109375 0.025390625 0.0361328125
0 0.166015625 0.4306640625 0.021484375 0.0166015625
0 0.755859375 0.7724609375 0.1015625 0.044921875
0 0.3056640625 0.392578125 0.0205078125 0.013671875
1 0.861328125 0.30859375 0.0205078125 0.0390625
0 0.21875 0.4462890625 0.0498046875 0.025390625
1 0.0673828125 0.3662109375 0.0283203125 0.0390625
0 0.900390625 0.3662109375 0.0185546875 0.033203125
0 0.466796875 0.35546875 0.0234375 0.02734375
0 0.5 0.548828125 0.03125 0.0302734375
1 0.779296875 0.3642578125 0.044921875 0.072265625