2 0.8349609375 0.9267578125 0.1640625 0.0859375
1 0.6748046875 0.673828125 0.4189453125 0.380859375
1 0.849609375 0.4794921875 0.224609375 0.2197265625
1 0.732421875 0.3115234375 0.017578125 0.0224609375
1 0.7177734375 0.4052734375 0.126953125 0.1552734375
1 0.5341796875 0.4677734375 0.1533203125 0.203125
1 0.3603515625 0.4912109375 0.1640625 0.171875
1 0.25 0.775390625 0.3623046875 0.4443359375
1 0.8994140625 0.330078125 0.0576171875 0.078125
1 0.4443359375 0.3349609375 0.0205078125 0.0419921875
1 0.314453125 0.3427734375 0.021484375 0.0419921875
1 0.2822265625 0.3427734375 0.0234375 0.046875
1 0.716796875 0.3388671875 0.0283203125 0.0498046875
1 0.505859375 0.33203125 0.017578125 0.0419921875
1 0.076171875 0.5224609375 0.15234375 0.279296875
1 0.5927734375 0.341796875 0.0517578125 0.0830078125
1 0.7744140625 0.31640625 0.0361328125 0.06640625
1 0.361328125 0.337890625 0.044921875 0.080078125
1 0.6416015625 0.3154296875 0.0205078125 0.0302734375
1 0.2294921875 0.3681640625 0.03125 0.0634765625
1 0.1923828125 0.45703125 0.1279296875 0.2412109375
0 0.474609375 0.48046875 0.0439453125 0.0390625
1 0.546875 0.365234375 0.0341796875 0.046875
0 0.8671875 0.609375 0.125 0.0693359375
1 0.935546875 0.3583984375 0.041015625 0.072265625
1 0.8251953125 0.3193359375 0.025390625 0.0498046875
1 0.275390625 0.3974609375 0.0810546875 0.1337890625
0 0.40625 0.44140625 0.025390625 0.033203125
1 0.486328125 0.341796875 0.017578125 0.033203125
0 0.4384765625 0.609375 0.0546875 0.0419921875
1 0.1982421875 0.3662109375 0.03125 0.044921875
1 0.466796875 0.3427734375 0.021484375 0.0361328125
1 0.076171875 0.4072265625 0.060546875 0.0751953125
1 0.974609375 0.3525390625 0.0498046875 0.06640625
0 0.349609375 0.37890625 0.017578125 0.01953125
0 0.498046875 0.5859375 0.033203125 0.033203125
0 0.6103515625 0.39453125 0.0263671875 0.0166015625
1 0.6669921875 0.322265625 0.021484375 0.044921875
0 0.37890625 0.572265625 0.0732421875 0.0556640625
0 0.697265625 0.4794921875 0.044921875 0.01953125
1 0.6669921875 0.3740234375 0.03125 0.0419921875
0 0.494140625 0.43359375 0.0205078125 0.0166015625
1 0.3330078125 0.34765625 0.0185546875 0.033203125
2 0.5419921875 0.5732421875 0.0595703125 0.01953125
0 0.9501953125 0.58203125 0.0810546875 0.0361328125
0 0.587890625 0.3740234375 0.0185546875 0.0087890625
1 0.9814453125 0.4033203125 0.037109375 0.064453125
0 0.4677734375 0.390625 0.0234375 0.01953125
0 0.419921875 0.466796875 0.029296875 0.0166015625
0 0.7685546875 0.44140625 0.025390625 0.02734375
0 0.64453125 0.4248046875 0.0361328125 0.0166015625
1 0.806640625 0.345703125 0.033203125 0.046875
0 0.7978515625 0.3759765625 0.0205078125 0.013671875
0 0.849609375 0.37890625 0.03125 0.025390625
0 0.9609375 0.388671875 0.0283203125 0.02734375
0 0.2802734375 0.4287109375 0.0390625 0.01953125
2 0.607421875 0.4794921875 0.0205078125 0.01953125
1 0.974609375 0.755859375 0.0498046875 0.171875
0 0.23046875 0.404296875 0.0234375 0.0302734375
0 0.3125 0.37890625 0.0126953125 0.046875
0 0.1259765625 0.46484375 0.0205078125 0.01953125
0 0.341796875 0.404296875 0.025390625 0.05859375
1 0.517578125 0.3056640625 0.025390625 0.033203125
1 0.380859375 0.37890625 0.0107421875 0.0302734375
2 0.3310546875 0.4306640625 0.005859375 0.02734375