2 0.833984375 0.923828125 0.166015625 0.080078125
1 0.6669921875 0.6748046875 0.458984375 0.3837890625
1 0.234375 0.7412109375 0.4345703125 0.4609375
1 0.875 0.4892578125 0.244140625 0.2392578125
1 0.4599609375 0.3388671875 0.0517578125 0.0888671875
1 0.3740234375 0.486328125 0.1455078125 0.18359375
1 0.505859375 0.37890625 0.0625 0.119140625
1 0.712890625 0.390625 0.091796875 0.158203125
1 0.0673828125 0.4697265625 0.1279296875 0.18359375
1 0.603515625 0.3447265625 0.044921875 0.072265625
1 0.1640625 0.330078125 0.0341796875 0.0390625
1 0.201171875 0.431640625 0.115234375 0.2080078125
1 0.212890625 0.3525390625 0.0234375 0.0224609375
1 0.724609375 0.2958984375 0.0185546875 0.025390625
1 0.287109375 0.4150390625 0.064453125 0.1748046875
1 0.767578125 0.31640625 0.0419921875 0.06640625
1 0.5634765625 0.361328125 0.0361328125 0.0556640625
1 0.3115234375 0.3291015625 0.017578125 0.0361328125
1 0.505859375 0.328125 0.0185546875 0.02734375
1 0.6787109375 0.3251953125 0.033203125 0.0498046875
1 0.35546875 0.337890625 0.033203125 0.05859375
1 0.642578125 0.3193359375 0.0205078125 0.033203125
1 0.2685546875 0.345703125 0.025390625 0.0361328125
1 0.8427734375 0.37890625 0.076171875 0.091796875
0 0.8662109375 0.611328125 0.0703125 0.044921875
1 0.927734375 0.341796875 0.041015625 0.06640625
1 0.9697265625 0.3525390625 0.0576171875 0.072265625
0 0.3740234375 0.5791015625 0.0576171875 0.0361328125
0 0.439453125 0.6083984375 0.052734375 0.0390625
1 0.900390625 0.326171875 0.029296875 0.046875
0 0.478515625 0.48046875 0.044921875 0.0390625
0 0.494140625 0.587890625 0.0361328125 0.0419921875
1 0.8310546875 0.318359375 0.03125 0.046875
1 0.951171875 0.705078125 0.0888671875 0.2724609375
1 0.0546875 0.400390625 0.0439453125 0.0498046875
0 0.611328125 0.3955078125 0.0234375 0.025390625
1 0.2509765625 0.3740234375 0.0234375 0.0419921875
0 0.498046875 0.427734375 0.021484375 0.0166015625
1 0.6572265625 0.337890625 0.0205078125 0.0302734375
0 0.4306640625 0.466796875 0.013671875 0.0166015625
0 0.7060546875 0.47265625 0.068359375 0.033203125
0 0.5615234375 0.5537109375 0.0732421875 0.0634765625
0 0.4189453125 0.451171875 0.0185546875 0.0361328125
0 0.326171875 0.404296875 0.0283203125 0.013671875
0 0.64453125 0.427734375 0.0361328125 0.0224609375
0 0.1875 0.455078125 0.0751953125 0.033203125
0 0.7705078125 0.443359375 0.03125 0.0361328125
0 0.33203125 0.9599609375 0.1796875 0.080078125
1 0.8056640625 0.341796875 0.029296875 0.0390625
0 0.19921875 0.427734375 0.0390625 0.0390625
0 0.1767578125 0.9599609375 0.15625 0.080078125
1 0.853515625 0.3291015625 0.015625 0.01953125
1 0.87890625 0.33203125 0.0234375 0.0361328125
1 0.2314453125 0.3759765625 0.0185546875 0.0361328125
1 0.1494140625 0.41796875 0.0205078125 0.0302734375
1 0.6103515625 0.330078125 0.013671875 0.0224609375
1 0.59375 0.3154296875 0.0126953125 0.025390625
0 0.798828125 0.3759765625 0.0234375 0.013671875
0 0.462890625 0.380859375 0.025390625 0.033203125
0 0.619140625 0.4931640625 0.037109375 0.052734375
1 0.3291015625 0.3544921875 0.017578125 0.025390625
1 0.517578125 0.3095703125 0.0185546875 0.01953125
0 0.2001953125 0.4912109375 0.0498046875 0.0224609375
1 0.7626953125 0.357421875 0.0185546875 0.0361328125