2 0.806640625 0.859375 0.15625 0.080078125
1 0.66796875 0.609375 0.3955078125 0.3916015625
1 0.287109375 0.73046875 0.349609375 0.5224609375
1 0.384765625 0.4541015625 0.126953125 0.1865234375
1 0.5419921875 0.4384765625 0.130859375 0.177734375
1 0.599609375 0.298828125 0.0205078125 0.0419921875
1 0.3125 0.31640625 0.025390625 0.0390625
1 0.6884765625 0.3720703125 0.1044921875 0.1337890625
1 0.244140625 0.3115234375 0.025390625 0.044921875
1 0.091796875 0.46484375 0.1767578125 0.23046875
1 0.716796875 0.2734375 0.015625 0.0302734375
1 0.4560546875 0.318359375 0.056640625 0.0859375
1 0.279296875 0.388671875 0.078125 0.150390625
1 0.205078125 0.3359375 0.0625 0.0947265625
1 0.794921875 0.3037109375 0.0517578125 0.0751953125
1 0.9697265625 0.3056640625 0.0205078125 0.044921875
1 0.935546875 0.3916015625 0.1279296875 0.2333984375
1 0.357421875 0.3115234375 0.0205078125 0.033203125
1 0.576171875 0.29296875 0.0205078125 0.052734375
1 0.2685546875 0.318359375 0.0185546875 0.01953125
1 0.732421875 0.3154296875 0.029296875 0.05859375
1 0.7568359375 0.29296875 0.0361328125 0.0634765625
0 0.9052734375 0.5419921875 0.107421875 0.0498046875
1 0.412109375 0.3486328125 0.03125 0.0693359375
0 0.525390625 0.5361328125 0.1123046875 0.0556640625
1 0.66015625 0.3056640625 0.029296875 0.0556640625
0 0.4794921875 0.451171875 0.041015625 0.0361328125
0 0.443359375 0.568359375 0.0546875 0.0361328125
0 0.3876953125 0.54296875 0.0498046875 0.025390625
0 0.4873046875 0.400390625 0.025390625 0.0166015625
1 0.880859375 0.3154296875 0.0546875 0.1025390625
0 0.359375 0.9306640625 0.1376953125 0.1279296875
1 0.705078125 0.3056640625 0.025390625 0.044921875
1 0.5234375 0.31640625 0.0283203125 0.0556640625
0 0.4111328125 0.39453125 0.025390625 0.0224609375
1 0.494140625 0.302734375 0.013671875 0.02734375
1 0.830078125 0.3427734375 0.0341796875 0.0419921875
1 0.84375 0.306640625 0.0439453125 0.046875
0 0.611328125 0.35546875 0.029296875 0.02734375
0 0.2099609375 0.4345703125 0.0732421875 0.05859375
0 0.78125 0.3447265625 0.0185546875 0.0107421875
0 0.46875 0.361328125 0.03125 0.0166015625
1 0.3310546875 0.3525390625 0.025390625 0.044921875
0 0.4306640625 0.4208984375 0.029296875 0.0361328125
0 0.62890625 0.404296875 0.029296875 0.0302734375
0 0.5791015625 0.3515625 0.013671875 0.013671875
1 0.443359375 0.2919921875 0.0126953125 0.0224609375
1 0.8134765625 0.3037109375 0.013671875 0.025390625
0 0.951171875 0.505859375 0.048828125 0.0224609375
1 0.3134765625 0.3427734375 0.013671875 0.025390625
0 0.5751953125 0.517578125 0.03125 0.0302734375
0 0.1533203125 0.4306640625 0.015625 0.0166015625