2 0.833984375 0.923828125 0.166015625 0.080078125
1 0.681640625 0.6806640625 0.4501953125 0.3662109375
1 0.6435546875 0.318359375 0.0185546875 0.025390625
1 0.7138671875 0.4072265625 0.125 0.169921875
1 0.4375 0.4013671875 0.1064453125 0.1640625
1 0.6669921875 0.31640625 0.0185546875 0.0224609375
1 0.826171875 0.4697265625 0.1796875 0.2001953125
1 0.220703125 0.7265625 0.390625 0.546875
1 0.5361328125 0.4677734375 0.15625 0.1748046875
1 0.48828125 0.341796875 0.0205078125 0.0390625
1 0.8974609375 0.34765625 0.0673828125 0.0947265625
1 0.224609375 0.369140625 0.0439453125 0.0615234375
1 0.1787109375 0.4208984375 0.126953125 0.197265625
0 0.4755859375 0.482421875 0.0419921875 0.0419921875
1 0.806640625 0.3154296875 0.0439453125 0.0859375
1 0.3125 0.361328125 0.056640625 0.0947265625
1 0.9501953125 0.4375 0.099609375 0.2197265625
1 0.3671875 0.35546875 0.0283203125 0.072265625
1 0.2822265625 0.3427734375 0.0234375 0.046875
1 0.8349609375 0.31640625 0.0263671875 0.0390625
1 0.6171875 0.3681640625 0.0625 0.119140625
1 0.9384765625 0.3359375 0.0361328125 0.0556640625
1 0.044921875 0.447265625 0.08984375 0.1484375
1 0.724609375 0.3037109375 0.025390625 0.0361328125
1 0.16796875 0.349609375 0.0390625 0.0556640625
1 0.5556640625 0.3916015625 0.0517578125 0.0888671875
1 0.580078125 0.318359375 0.029296875 0.0419921875
1 0.76953125 0.3056640625 0.0234375 0.0390625
0 0.869140625 0.5986328125 0.09375 0.05859375
0 0.53125 0.580078125 0.1123046875 0.0498046875
0 0.4189453125 0.451171875 0.0185546875 0.0361328125
0 0.439453125 0.6083984375 0.052734375 0.0390625
1 0.955078125 0.69140625 0.0859375 0.294921875
1 0.669921875 0.35546875 0.033203125 0.0615234375
0 0.3818359375 0.580078125 0.044921875 0.033203125
0 0.4931640625 0.4287109375 0.0263671875 0.01953125
0 0.40625 0.427734375 0.025390625 0.0224609375
0 0.697265625 0.48046875 0.0439453125 0.0224609375
0 0.6435546875 0.4208984375 0.0439453125 0.025390625
1 0.7197265625 0.345703125 0.0263671875 0.046875
1 0.537109375 0.3525390625 0.0126953125 0.02734375
0 0.7724609375 0.44140625 0.0263671875 0.02734375
1 0.416015625 0.3544921875 0.013671875 0.046875
1 0.630859375 0.3662109375 0.025390625 0.02734375
1 0.603515625 0.3427734375 0.017578125 0.025390625
0 0.796875 0.3740234375 0.0185546875 0.0087890625
0 0.4599609375 0.3818359375 0.017578125 0.013671875
1 0.517578125 0.330078125 0.0361328125 0.0556640625
0 0.587890625 0.37890625 0.0205078125 0.01953125
0 0.01171875 0.5556640625 0.0234375 0.02734375
0 0.59375 0.4609375 0.0126953125 0.044921875
1 0.296875 0.3486328125 0.0126953125 0.01953125
2 0.6103515625 0.4794921875 0.0205078125 0.025390625
1 0.818359375 0.3779296875 0.0546875 0.044921875
0 0.443359375 0.466796875 0.0439453125 0.02734375
0 0.30078125 0.49609375 0.0205078125 0.025390625
0 0.291015625 0.427734375 0.0263671875 0.0166015625
0 0.8310546875 0.345703125 0.037109375 0.0361328125
1 0.7431640625 0.4404296875 0.0361328125 0.0419921875
2 0.486328125 0.4599609375 0.0205078125 0.01953125
0 0.9697265625 0.3486328125 0.0263671875 0.01953125