2 0.833984375 0.923828125 0.166015625 0.080078125
1 0.6904296875 0.6708984375 0.46875 0.375
1 0.2568359375 0.7568359375 0.408203125 0.4638671875
1 0.7294921875 0.3037109375 0.0185546875 0.025390625
1 0.5498046875 0.4599609375 0.150390625 0.19140625
1 0.369140625 0.4931640625 0.15625 0.1640625
1 0.70703125 0.4052734375 0.095703125 0.1611328125
1 0.955078125 0.4169921875 0.0888671875 0.205078125
1 0.58203125 0.33203125 0.029296875 0.05859375
1 0.2421875 0.3720703125 0.046875 0.06640625
1 0.53125 0.341796875 0.0185546875 0.044921875
1 0.341796875 0.34765625 0.0234375 0.044921875
1 0.298828125 0.3330078125 0.0126953125 0.033203125
1 0.4287109375 0.375 0.080078125 0.1162109375
1 0.5576171875 0.3583984375 0.0283203125 0.0390625
1 0.072265625 0.5166015625 0.142578125 0.2666015625
1 0.4912109375 0.341796875 0.0234375 0.044921875
1 0.6357421875 0.3427734375 0.0498046875 0.0859375
1 0.4248046875 0.330078125 0.025390625 0.0390625
1 0.0322265625 0.4052734375 0.0390625 0.0498046875
0 0.89453125 0.60546875 0.126953125 0.0615234375
0 0.478515625 0.482421875 0.044921875 0.0419921875
1 0.8935546875 0.3291015625 0.0625 0.0634765625
1 0.8125 0.33203125 0.068359375 0.0859375
1 0.943359375 0.3359375 0.037109375 0.0556640625
1 0.732421875 0.33984375 0.0263671875 0.05859375
1 0.314453125 0.357421875 0.052734375 0.091796875
1 0.669921875 0.33984375 0.0234375 0.052734375
1 0.8310546875 0.3125 0.0185546875 0.0302734375
0 0.5498046875 0.576171875 0.130859375 0.052734375
1 0.275390625 0.3681640625 0.025390625 0.0302734375
0 0.4384765625 0.609375 0.0546875 0.0419921875
1 0.1982421875 0.3583984375 0.03125 0.033203125
0 0.380859375 0.5791015625 0.068359375 0.0419921875
0 0.4052734375 0.4384765625 0.029296875 0.0390625
1 0.462890625 0.345703125 0.025390625 0.046875
1 0.3544921875 0.3359375 0.0126953125 0.0166015625
1 0.962890625 0.693359375 0.0732421875 0.2802734375
1 0.759765625 0.31640625 0.0361328125 0.078125
1 0.5107421875 0.3056640625 0.0126953125 0.0224609375
1 0.3623046875 0.3544921875 0.0185546875 0.025390625
1 0.8671875 0.3740234375 0.046875 0.0419921875
1 0.8466796875 0.3291015625 0.0185546875 0.0361328125
0 0.697265625 0.4765625 0.048828125 0.025390625
1 0.603515625 0.3291015625 0.013671875 0.025390625
1 0.810546875 0.3095703125 0.015625 0.01953125
0 0.6435546875 0.423828125 0.037109375 0.01953125
0 0.349609375 0.3779296875 0.0234375 0.02734375
0 0.611328125 0.3916015625 0.0185546875 0.0224609375
0 0.1865234375 0.466796875 0.076171875 0.0556640625
0 0.44140625 0.4599609375 0.0390625 0.0302734375
0 0.462890625 0.390625 0.0263671875 0.01953125
0 0.255859375 0.41015625 0.0234375 0.01953125
0 0.798828125 0.3779296875 0.021484375 0.0107421875
0 0.478515625 0.44140625 0.046875 0.0556640625
0 0.767578125 0.443359375 0.0234375 0.0302734375
0 0.09375 0.9677734375 0.03125 0.046875
0 0.1240234375 0.462890625 0.0205078125 0.01953125
1 0.7744140625 0.4150390625 0.0263671875 0.0361328125
0 0.6240234375 0.380859375 0.017578125 0.0224609375
0 0.9931640625 0.5517578125 0.013671875 0.021484375
2 0.818359375 0.3662109375 0.0205078125 0.0224609375