2 0.833984375 0.927734375 0.166015625 0.0830078125
1 0.666015625 0.6279296875 0.3857421875 0.455078125
1 0.455078125 0.4072265625 0.091796875 0.1474609375
1 0.1689453125 0.400390625 0.087890625 0.1162109375
1 0.0791015625 0.66796875 0.1484375 0.5751953125
1 0.28125 0.3427734375 0.025390625 0.052734375
1 0.9638671875 0.4306640625 0.068359375 0.2109375
1 0.7880859375 0.3681640625 0.060546875 0.1357421875
1 0.4306640625 0.33203125 0.0205078125 0.0361328125
1 0.2314453125 0.3583984375 0.0498046875 0.0830078125
1 0.6416015625 0.31640625 0.017578125 0.0390625
1 0.310546875 0.37109375 0.0595703125 0.1142578125
1 0.3935546875 0.48046875 0.087890625 0.171875
1 0.513671875 0.3740234375 0.0576171875 0.1416015625
1 0.8876953125 0.3291015625 0.0498046875 0.0751953125
1 0.666015625 0.3681640625 0.0703125 0.1083984375
1 0.455078125 0.337890625 0.0263671875 0.0419921875
0 0.2060546875 0.9306640625 0.2060546875 0.1279296875
1 0.837890625 0.330078125 0.044921875 0.06640625
1 0.560546875 0.365234375 0.033203125 0.0302734375
1 0.9404296875 0.3515625 0.021484375 0.046875
1 0.3505859375 0.3662109375 0.0419921875 0.10546875
1 0.734375 0.3984375 0.0625 0.130859375
1 0.037109375 0.40234375 0.0419921875 0.0498046875
1 0.712890625 0.330078125 0.0205078125 0.0390625
1 0.587890625 0.3388671875 0.03125 0.072265625
0 0.38671875 0.9326171875 0.13671875 0.134765625
0 0.41796875 0.453125 0.0205078125 0.033203125
0 0.478515625 0.4833984375 0.041015625 0.0390625
1 0.732421875 0.318359375 0.0263671875 0.046875
1 0.671875 0.328125 0.021484375 0.0498046875
0 0.5439453125 0.5615234375 0.0751953125 0.033203125
2 0.798828125 0.431640625 0.025390625 0.025390625
0 0.4384765625 0.611328125 0.0546875 0.044921875
1 0.6064453125 0.3291015625 0.0185546875 0.0302734375
0 0.400390625 0.578125 0.03125 0.0390625
2 0.5302734375 0.595703125 0.044921875 0.0419921875
1 0.767578125 0.3037109375 0.0205078125 0.0361328125
1 0.919921875 0.3662109375 0.0263671875 0.0390625
1 0.951171875 0.712890625 0.0888671875 0.2412109375
0 0.611328125 0.388671875 0.0234375 0.0224609375
0 0.84765625 0.3681640625 0.0390625 0.025390625
1 0.5986328125 0.3037109375 0.015625 0.025390625
0 0.47265625 0.3876953125 0.017578125 0.01953125
0 0.1787109375 0.4697265625 0.0576171875 0.0498046875
1 0.63671875 0.255859375 0.013671875 0.0107421875
0 0.4130859375 0.4287109375 0.013671875 0.01953125
0 0.767578125 0.3681640625 0.013671875 0.01953125
2 0.8203125 0.3681640625 0.021484375 0.01953125
1 0.029296875 0.4580078125 0.056640625 0.0888671875
1 0.494140625 0.328125 0.017578125 0.0224609375
1 0.62890625 0.34765625 0.029296875 0.0556640625
0 0.5 0.4306640625 0.0126953125 0.0166015625
1 0.359375 0.330078125 0.0126953125 0.02734375
1 0.5361328125 0.3447265625 0.015625 0.0390625
0 0.7431640625 0.4609375 0.0263671875 0.0166015625
0 0.95703125 0.3916015625 0.017578125 0.02734375
0 0.861328125 0.6015625 0.0732421875 0.0751953125
0 0.525390625 0.4375 0.0126953125 0.025390625