2 0.806640625 0.8623046875 0.154296875 0.0751953125
1 0.236328125 0.69140625 0.4638671875 0.494140625
1 0.5302734375 0.447265625 0.1513671875 0.1669921875
1 0.6865234375 0.6474609375 0.439453125 0.294921875
1 0.4423828125 0.3740234375 0.087890625 0.1416015625
1 0.6943359375 0.4052734375 0.1328125 0.2109375
1 0.2041015625 0.3916015625 0.1044921875 0.1611328125
1 0.7998046875 0.287109375 0.0185546875 0.0302734375
1 0.087890625 0.455078125 0.1689453125 0.22265625
1 0.44140625 0.306640625 0.0205078125 0.0302734375
1 0.8681640625 0.302734375 0.0673828125 0.06640625
1 0.7490234375 0.287109375 0.0390625 0.05859375
1 0.2744140625 0.345703125 0.0732421875 0.091796875
1 0.7216796875 0.2900390625 0.021484375 0.0302734375
1 0.9345703125 0.4033203125 0.130859375 0.240234375
1 0.65625 0.296875 0.03125 0.0556640625
1 0.619140625 0.318359375 0.0498046875 0.0751953125
1 0.576171875 0.30859375 0.021484375 0.0390625
1 0.419921875 0.3125 0.0234375 0.0302734375
1 0.4677734375 0.31640625 0.0205078125 0.044921875
1 0.90625 0.318359375 0.025390625 0.052734375
1 0.494140625 0.306640625 0.0205078125 0.0361328125
1 0.9482421875 0.31640625 0.0498046875 0.0615234375
1 0.810546875 0.3232421875 0.052734375 0.091796875
0 0.423828125 0.4169921875 0.0205078125 0.033203125
1 0.97265625 0.2919921875 0.017578125 0.033203125
1 0.5498046875 0.3447265625 0.037109375 0.072265625
0 0.8759765625 0.5361328125 0.111328125 0.044921875
0 0.443359375 0.568359375 0.0498046875 0.0361328125
1 0.326171875 0.3525390625 0.033203125 0.044921875
1 0.318359375 0.3125 0.029296875 0.0419921875
0 0.6181640625 0.52734375 0.0732421875 0.0390625
0 0.537109375 0.5361328125 0.099609375 0.044921875
0 0.4111328125 0.3955078125 0.0283203125 0.025390625
0 0.4619140625 0.4482421875 0.0703125 0.0419921875
1 0.294921875 0.3251953125 0.017578125 0.033203125
1 0.5947265625 0.298828125 0.017578125 0.0302734375
0 0.4912109375 0.3984375 0.0234375 0.01953125
0 0.3994140625 0.5458984375 0.044921875 0.025390625
0 0.580078125 0.427734375 0.029296875 0.0390625
1 0.6630859375 0.3427734375 0.0263671875 0.0419921875
1 0.5224609375 0.3115234375 0.029296875 0.0556640625
1 0.3671875 0.3232421875 0.025390625 0.05859375
0 0.60546875 0.35546875 0.017578125 0.0224609375
1 0.0751953125 0.3662109375 0.0439453125 0.0615234375
0 0.7822265625 0.3447265625 0.013671875 0.0107421875
0 0.2939453125 0.3955078125 0.0439453125 0.025390625
0 0.462890625 0.3515625 0.0234375 0.025390625
1 0.5810546875 0.37109375 0.03125 0.05859375
0 0.8330078125 0.330078125 0.0126953125 0.0166015625
0 0.009765625 0.4521484375 0.01953125 0.044921875
0 0.1630859375 0.4306640625 0.0205078125 0.0166015625
0 0.6279296875 0.3916015625 0.03125 0.02734375
1 0.2353515625 0.34765625 0.0234375 0.033203125
0 0.8994140625 0.359375 0.0234375 0.0419921875