2 0.83203125 0.923828125 0.1640625 0.080078125
1 0.69140625 0.6787109375 0.4638671875 0.3642578125
1 0.2626953125 0.755859375 0.400390625 0.466796875
1 0.861328125 0.4892578125 0.2451171875 0.2392578125
1 0.69921875 0.4287109375 0.126953125 0.197265625
1 0.736328125 0.318359375 0.0185546875 0.0302734375
1 0.541015625 0.466796875 0.169921875 0.2001953125
1 0.4345703125 0.404296875 0.099609375 0.1416015625
1 0.23828125 0.369140625 0.048828125 0.072265625
1 0.455078125 0.3359375 0.0361328125 0.06640625
1 0.2822265625 0.357421875 0.0419921875 0.0751953125
1 0.66796875 0.328125 0.0419921875 0.0615234375
1 0.8115234375 0.3515625 0.076171875 0.125
1 0.716796875 0.3359375 0.0263671875 0.044921875
1 0.875 0.3662109375 0.0625 0.0556640625
1 0.587890625 0.318359375 0.013671875 0.025390625
1 0.5341796875 0.3427734375 0.025390625 0.052734375
1 0.3564453125 0.3427734375 0.025390625 0.0419921875
0 0.4755859375 0.48046875 0.044921875 0.0390625
1 0.91796875 0.3291015625 0.0263671875 0.05859375
1 0.5673828125 0.3681640625 0.037109375 0.0361328125
1 0.0703125 0.517578125 0.140625 0.3134765625
1 0.330078125 0.3916015625 0.056640625 0.1552734375
1 0.88671875 0.31640625 0.044921875 0.0615234375
1 0.75 0.361328125 0.037109375 0.0830078125
1 0.599609375 0.3349609375 0.044921875 0.080078125
0 0.37890625 0.5791015625 0.0673828125 0.0419921875
0 0.8876953125 0.6044921875 0.150390625 0.0751953125
1 0.435546875 0.3193359375 0.0185546875 0.033203125
0 0.544921875 0.5791015625 0.126953125 0.052734375
1 0.03515625 0.392578125 0.0517578125 0.0693359375
0 0.4384765625 0.607421875 0.0546875 0.0419921875
1 0.4990234375 0.341796875 0.0546875 0.078125
1 0.9619140625 0.693359375 0.076171875 0.27734375
1 0.6748046875 0.369140625 0.03125 0.0498046875
1 0.19921875 0.359375 0.029296875 0.0302734375
0 0.4853515625 0.4287109375 0.029296875 0.01953125
0 0.705078125 0.47265625 0.0546875 0.033203125
1 0.337890625 0.349609375 0.0185546875 0.033203125
0 0.462890625 0.388671875 0.025390625 0.0224609375
0 0.642578125 0.427734375 0.0341796875 0.0166015625
0 0.16796875 0.4599609375 0.0390625 0.01953125
0 0.798828125 0.37109375 0.021484375 0.013671875
0 0.603515625 0.466796875 0.0341796875 0.044921875
0 0.2548828125 0.408203125 0.021484375 0.0166015625
0 0.201171875 0.490234375 0.0517578125 0.025390625
0 0.61328125 0.3876953125 0.0205078125 0.025390625
0 0.150390625 0.44140625 0.0234375 0.0224609375
0 0.59375 0.3681640625 0.0185546875 0.025390625
1 0.76953125 0.3056640625 0.0205078125 0.02734375
0 0.943359375 0.349609375 0.0439453125 0.0166015625
1 0.150390625 0.4169921875 0.0185546875 0.02734375
0 0.697265625 0.3544921875 0.017578125 0.0302734375
1 0.6474609375 0.330078125 0.013671875 0.0166015625
2 0.287109375 0.4013671875 0.017578125 0.025390625
0 0.994140625 0.552734375 0.0107421875 0.02734375
1 0.818359375 0.3212890625 0.0107421875 0.025390625
1 0.7734375 0.37890625 0.015625 0.052734375
1 0.830078125 0.3681640625 0.029296875 0.01953125
1 0.3681640625 0.380859375 0.017578125 0.0556640625
1 0.6259765625 0.4931640625 0.0205078125 0.0419921875