2 0.833984375 0.9267578125 0.166015625 0.0859375
1 0.662109375 0.6552734375 0.408203125 0.4111328125
1 0.3564453125 0.4931640625 0.150390625 0.169921875
1 0.25390625 0.7763671875 0.3798828125 0.4365234375
1 0.431640625 0.3984375 0.1015625 0.1416015625
1 0.486328125 0.341796875 0.0205078125 0.044921875
1 0.7001953125 0.3984375 0.1123046875 0.169921875
1 0.3544921875 0.3359375 0.0341796875 0.06640625
1 0.58203125 0.330078125 0.0361328125 0.072265625
1 0.8857421875 0.3291015625 0.0595703125 0.080078125
1 0.64453125 0.31640625 0.013671875 0.02734375
1 0.662109375 0.318359375 0.0185546875 0.01953125
1 0.556640625 0.3681640625 0.037109375 0.0419921875
1 0.505859375 0.375 0.0673828125 0.150390625
1 0.076171875 0.5146484375 0.15234375 0.263671875
1 0.2314453125 0.3681640625 0.056640625 0.0859375
1 0.1875 0.3544921875 0.03125 0.046875
2 0.525390625 0.591796875 0.0390625 0.044921875
1 0.7294921875 0.3115234375 0.021484375 0.033203125
1 0.6259765625 0.3544921875 0.0546875 0.0859375
1 0.767578125 0.3232421875 0.0439453125 0.0693359375
1 0.330078125 0.341796875 0.0234375 0.044921875
1 0.8349609375 0.3095703125 0.017578125 0.0302734375
1 0.8134765625 0.3486328125 0.0732421875 0.119140625
1 0.2939453125 0.3359375 0.0185546875 0.033203125
1 0.439453125 0.330078125 0.021484375 0.0556640625
1 0.9677734375 0.419921875 0.064453125 0.171875
0 0.3837890625 0.9423828125 0.095703125 0.115234375
1 0.935546875 0.3427734375 0.025390625 0.046875
1 0.037109375 0.3916015625 0.048828125 0.06640625
1 0.525390625 0.3544921875 0.0126953125 0.025390625
0 0.474609375 0.4833984375 0.037109375 0.0390625
1 0.943359375 0.642578125 0.1064453125 0.3916015625
0 0.8798828125 0.6044921875 0.099609375 0.052734375
2 0.798828125 0.431640625 0.021484375 0.025390625
0 0.439453125 0.611328125 0.052734375 0.044921875
0 0.490234375 0.4287109375 0.025390625 0.01953125
1 0.6923828125 0.341796875 0.0283203125 0.06640625
0 0.4189453125 0.453125 0.0185546875 0.033203125
1 0.310546875 0.330078125 0.0263671875 0.0615234375
1 0.4599609375 0.341796875 0.0234375 0.0390625
0 0.2939453125 0.56640625 0.0498046875 0.033203125
0 0.4609375 0.3916015625 0.0341796875 0.0224609375
0 0.330078125 0.404296875 0.0263671875 0.013671875
0 0.3935546875 0.4306640625 0.0439453125 0.0224609375
0 0.0224609375 0.494140625 0.044921875 0.02734375
0 0.861328125 0.365234375 0.029296875 0.025390625
0 0.556640625 0.55859375 0.0498046875 0.033203125
1 0.8466796875 0.330078125 0.015625 0.0390625
0 0.76171875 0.39453125 0.0234375 0.02734375
0 0.1865234375 0.4677734375 0.0830078125 0.05859375
1 0.287109375 0.3583984375 0.013671875 0.0166015625
0 0.6103515625 0.3984375 0.0263671875 0.01953125
0 0.748046875 0.4384765625 0.037109375 0.0498046875
0 0.2822265625 0.4287109375 0.0419921875 0.025390625
1 0.5986328125 0.369140625 0.0185546875 0.033203125
0 0.2998046875 0.5009765625 0.0185546875 0.025390625
0 0.9375 0.390625 0.025390625 0.046875
1 0.3544921875 0.392578125 0.0283203125 0.0634765625
0 0.89453125 0.3662109375 0.033203125 0.02734375
1 0.662109375 0.3623046875 0.025390625 0.0302734375
0 0.59375 0.455078125 0.0126953125 0.033203125
0 0.1376953125 0.421875 0.0126953125 0.0166015625
0 0.95703125 0.349609375 0.0205078125 0.0166015625
0 0.6357421875 0.4443359375 0.0341796875 0.06640625