2 0.833984375 0.923828125 0.166015625 0.080078125
1 0.681640625 0.630859375 0.435546875 0.4501953125
1 0.2490234375 0.7099609375 0.3544921875 0.3916015625
1 0.7412109375 0.31640625 0.0205078125 0.02734375
1 0.6416015625 0.31640625 0.017578125 0.02734375
1 0.373046875 0.490234375 0.146484375 0.1865234375
1 0.228515625 0.3662109375 0.029296875 0.044921875
1 0.8984375 0.3115234375 0.03125 0.044921875
1 0.19921875 0.4306640625 0.126953125 0.1943359375
1 0.599609375 0.392578125 0.068359375 0.1416015625
0 0.33203125 0.9580078125 0.1796875 0.0830078125
1 0.505859375 0.37890625 0.068359375 0.1357421875
1 0.462890625 0.3447265625 0.048828125 0.06640625
1 0.072265625 0.48046875 0.126953125 0.2001953125
1 0.7431640625 0.390625 0.0830078125 0.1142578125
1 0.935546875 0.3427734375 0.056640625 0.0751953125
1 0.2978515625 0.330078125 0.013671875 0.02734375
1 0.767578125 0.322265625 0.0419921875 0.06640625
1 0.580078125 0.3388671875 0.0234375 0.0390625
1 0.279296875 0.375 0.060546875 0.10546875
1 0.724609375 0.3359375 0.0263671875 0.044921875
0 0.3740234375 0.5888671875 0.064453125 0.02734375
1 0.8154296875 0.369140625 0.0654296875 0.1162109375
1 0.28125 0.3486328125 0.0185546875 0.0302734375
1 0.556640625 0.3779296875 0.0439453125 0.078125
1 0.34375 0.35546875 0.0439453125 0.0888671875
0 0.439453125 0.6083984375 0.052734375 0.0390625
0 0.5185546875 0.5859375 0.087890625 0.044921875
0 0.9189453125 0.58984375 0.1376953125 0.080078125
1 0.4189453125 0.3515625 0.03125 0.046875
1 0.97265625 0.423828125 0.0546875 0.169921875
1 0.875 0.35546875 0.0751953125 0.0830078125
1 0.6748046875 0.3291015625 0.03125 0.046875
0 0.40625 0.4287109375 0.025390625 0.025390625
0 0.41796875 0.4541015625 0.0205078125 0.0361328125
0 0.4755859375 0.4794921875 0.0419921875 0.0419921875
1 0.046875 0.404296875 0.046875 0.05859375
1 0.69921875 0.35546875 0.0205078125 0.044921875
0 0.17578125 0.9287109375 0.201171875 0.130859375
1 0.8251953125 0.318359375 0.0185546875 0.0302734375
1 0.587890625 0.3115234375 0.017578125 0.033203125
0 0.498046875 0.4287109375 0.021484375 0.01953125
0 0.388671875 0.892578125 0.138671875 0.0859375
0 0.6103515625 0.3955078125 0.0205078125 0.025390625
0 0.587890625 0.380859375 0.0234375 0.0224609375
1 0.498046875 0.31640625 0.0234375 0.0390625
1 0.3671875 0.3544921875 0.0185546875 0.0302734375
0 0.2314453125 0.40234375 0.025390625 0.0224609375
1 0.3125 0.3447265625 0.0185546875 0.02734375
0 0.779296875 0.44140625 0.0361328125 0.0390625
0 0.8798828125 0.6162109375 0.041015625 0.02734375
0 0.044921875 0.5947265625 0.0888671875 0.06640625
0 0.2919921875 0.4287109375 0.021484375 0.01953125
1 0.4384765625 0.4169921875 0.033203125 0.0615234375
0 0.4658203125 0.388671875 0.025390625 0.0224609375
0 0.2568359375 0.384765625 0.0205078125 0.0302734375
1 0.1044921875 0.7177734375 0.072265625 0.1416015625
2 0.78125 0.412109375 0.025390625 0.025390625
0 0.7998046875 0.384765625 0.0185546875 0.0302734375
1 0.5166015625 0.3115234375 0.0234375 0.0224609375
0 0.9384765625 0.37890625 0.017578125 0.0419921875
0 0.8134765625 0.3662109375 0.013671875 0.0224609375
0 0.3125 0.380859375 0.0126953125 0.0498046875
0 0.6181640625 0.3115234375 0.013671875 0.033203125
1 0.0263671875 0.7998046875 0.052734375 0.1669921875
0 0.634765625 0.44140625 0.0341796875 0.0556640625