2 0.806640625 0.8623046875 0.150390625 0.0751953125
1 0.267578125 0.7236328125 0.416015625 0.5087890625
1 0.3759765625 0.455078125 0.138671875 0.177734375
1 0.5302734375 0.4482421875 0.1484375 0.1806640625
1 0.810546875 0.4482421875 0.1640625 0.23046875
1 0.4130859375 0.34765625 0.0361328125 0.0830078125
1 0.8037109375 0.283203125 0.0205078125 0.033203125
1 0.7197265625 0.29296875 0.0234375 0.0419921875
1 0.6875 0.6572265625 0.412109375 0.2587890625
1 0.494140625 0.3095703125 0.0205078125 0.0302734375
1 0.6162109375 0.31640625 0.064453125 0.0888671875
1 0.5107421875 0.3359375 0.068359375 0.1162109375
1 0.25 0.31640625 0.025390625 0.033203125
1 0.931640625 0.404296875 0.1328125 0.2412109375
1 0.462890625 0.3291015625 0.03125 0.0693359375
1 0.7822265625 0.3291015625 0.0517578125 0.1083984375
1 0.2060546875 0.400390625 0.099609375 0.205078125
1 0.087890625 0.470703125 0.173828125 0.2412109375
1 0.576171875 0.30859375 0.0185546875 0.0390625
1 0.748046875 0.2890625 0.0361328125 0.06640625
1 0.880859375 0.294921875 0.029296875 0.0498046875
1 0.298828125 0.318359375 0.0234375 0.0419921875
1 0.2724609375 0.3583984375 0.064453125 0.072265625
1 0.974609375 0.2919921875 0.017578125 0.0224609375
0 0.8740234375 0.544921875 0.076171875 0.044921875
1 0.662109375 0.3427734375 0.029296875 0.052734375
1 0.3134765625 0.3056640625 0.013671875 0.02734375
0 0.4248046875 0.41796875 0.0185546875 0.0302734375
0 0.7197265625 0.443359375 0.080078125 0.046875
1 0.9384765625 0.3212890625 0.0390625 0.05859375
0 0.443359375 0.568359375 0.0498046875 0.0361328125
1 0.55078125 0.3427734375 0.033203125 0.05859375
1 0.375 0.3388671875 0.0185546875 0.0498046875
0 0.4755859375 0.451171875 0.044921875 0.0361328125
0 0.625 0.52734375 0.087890625 0.0390625
0 0.3876953125 0.5458984375 0.0625 0.025390625
1 0.638671875 0.31640625 0.017578125 0.02734375
0 0.4111328125 0.3955078125 0.0283203125 0.025390625
1 0.4384765625 0.3056640625 0.0234375 0.033203125
2 0.5439453125 0.552734375 0.068359375 0.044921875
1 0.6552734375 0.302734375 0.0205078125 0.0498046875
0 0.443359375 0.44140625 0.03125 0.0166015625
0 0.580078125 0.427734375 0.0263671875 0.0390625
0 0.4921875 0.400390625 0.021484375 0.0166015625
1 0.326171875 0.3525390625 0.0283203125 0.044921875
0 0.359375 0.3525390625 0.021484375 0.0224609375
0 0.6103515625 0.3544921875 0.0234375 0.025390625
1 0.701171875 0.3251953125 0.0205078125 0.033203125
1 0.5947265625 0.296875 0.017578125 0.033203125
0 0.3046875 0.39453125 0.021484375 0.0166015625
1 0.5810546875 0.3740234375 0.037109375 0.05859375
0 0.3125 0.4638671875 0.0185546875 0.0224609375
0 0.6259765625 0.404296875 0.0263671875 0.046875
0 0.900390625 0.3427734375 0.0185546875 0.01953125
0 0.60546875 0.4462890625 0.0234375 0.025390625
0 0.6689453125 0.5166015625 0.0185546875 0.02734375
1 0.064453125 0.3681640625 0.0283203125 0.0302734375
2 0.38671875 0.52734375 0.013671875 0.02734375
0 0.298828125 0.4287109375 0.0498046875 0.080078125