0 0.8349609375 0.927734375 0.1640625 0.0830078125
1 0.662109375 0.669921875 0.4423828125 0.3837890625
1 0.7373046875 0.3154296875 0.0185546875 0.0302734375
1 0.275390625 0.341796875 0.025390625 0.02734375
1 0.462890625 0.341796875 0.0498046875 0.0888671875
1 0.080078125 0.6416015625 0.15625 0.533203125
1 0.705078125 0.41015625 0.111328125 0.158203125
1 0.3759765625 0.48046875 0.142578125 0.1943359375
1 0.3095703125 0.3232421875 0.015625 0.01953125
1 0.869140625 0.48046875 0.244140625 0.25
1 0.5302734375 0.4794921875 0.1611328125 0.1806640625
1 0.71875 0.33984375 0.025390625 0.0419921875
1 0.4296875 0.3427734375 0.0283203125 0.0361328125
1 0.6357421875 0.3056640625 0.0185546875 0.0224609375
1 0.353515625 0.341796875 0.0234375 0.0498046875
1 0.3193359375 0.3642578125 0.0576171875 0.0888671875
1 0.6123046875 0.3291015625 0.0185546875 0.0302734375
0 0.3349609375 0.9599609375 0.169921875 0.080078125
1 0.5341796875 0.330078125 0.0185546875 0.044921875
1 0.193359375 0.466796875 0.1376953125 0.244140625
1 0.2294921875 0.34765625 0.0498046875 0.0830078125
1 0.763671875 0.318359375 0.046875 0.0751953125
1 0.5654296875 0.3916015625 0.041015625 0.0830078125
1 0.8125 0.341796875 0.068359375 0.111328125
1 0.1865234375 0.34765625 0.0390625 0.06640625
1 0.9228515625 0.3427734375 0.064453125 0.0859375
1 0.587890625 0.3291015625 0.0390625 0.0693359375
0 0.375 0.578125 0.0625 0.0390625
1 0.6630859375 0.330078125 0.029296875 0.0556640625
0 0.4091796875 0.443359375 0.0185546875 0.0361328125
0 0.4384765625 0.6083984375 0.0546875 0.0390625
1 0.94921875 0.6787109375 0.095703125 0.3251953125
0 0.884765625 0.6025390625 0.076171875 0.0498046875
0 0.181640625 0.931640625 0.193359375 0.125
1 0.0537109375 0.404296875 0.048828125 0.0693359375
0 0.5302734375 0.580078125 0.1298828125 0.06640625
0 0.294921875 0.56640625 0.0517578125 0.0224609375
1 0.6865234375 0.365234375 0.029296875 0.052734375
1 0.8603515625 0.3515625 0.0390625 0.0361328125
1 0.26953125 0.392578125 0.0263671875 0.0419921875
0 0.388671875 0.892578125 0.138671875 0.091796875
1 0.63671875 0.255859375 0.013671875 0.0107421875
1 0.4970703125 0.380859375 0.0439453125 0.072265625
1 0.9736328125 0.35546875 0.041015625 0.0498046875
0 0.46875 0.388671875 0.025390625 0.0224609375
1 0.974609375 0.4404296875 0.0439453125 0.0859375
0 0.7705078125 0.44140625 0.03125 0.033203125
1 0.494140625 0.3427734375 0.0185546875 0.025390625
0 0.6982421875 0.48046875 0.0439453125 0.0224609375
0 0.619140625 0.4794921875 0.029296875 0.025390625
0 0.5869140625 0.4609375 0.0263671875 0.044921875
0 0.494140625 0.4306640625 0.0185546875 0.0166015625
1 0.6328125 0.330078125 0.025390625 0.0390625
0 0.443359375 0.474609375 0.0361328125 0.0166015625
0 0.64453125 0.427734375 0.033203125 0.0166015625
0 0.3017578125 0.5087890625 0.025390625 0.0498046875
0 0.5556640625 0.5361328125 0.029296875 0.044921875
1 0.3173828125 0.3525390625 0.0126953125 0.0224609375
0 0.607421875 0.404296875 0.033203125 0.0302734375
1 0.8447265625 0.318359375 0.013671875 0.025390625
0 0.798828125 0.380859375 0.021484375 0.0166015625
1 0.599609375 0.318359375 0.0126953125 0.01953125
0 0.2841796875 0.431640625 0.0439453125 0.025390625
0 0.787109375 0.41015625 0.0205078125 0.0302734375
0 0.1259765625 0.6513671875 0.0419921875 0.046875
1 0.759765625 0.322265625 0.017578125 0.0166015625
2 0.4599609375 0.9541015625 0.0234375 0.0859375
1 0.3369140625 0.3486328125 0.017578125 0.01953125
0 0.3291015625 0.4052734375 0.017578125 0.0166015625