2 0.8056640625 0.8623046875 0.154296875 0.0751953125
1 0.830078125 0.4541015625 0.2216796875 0.23046875
1 0.6552734375 0.642578125 0.4111328125 0.330078125
1 0.5556640625 0.4404296875 0.1826171875 0.1865234375
1 0.26171875 0.6552734375 0.373046875 0.43359375
1 0.443359375 0.318359375 0.0390625 0.0693359375
1 0.080078125 0.431640625 0.140625 0.1748046875
1 0.705078125 0.302734375 0.0419921875 0.072265625
1 0.21875 0.390625 0.1123046875 0.169921875
1 0.3779296875 0.4609375 0.1220703125 0.1552734375
1 0.7421875 0.3154296875 0.037109375 0.052734375
1 0.611328125 0.3154296875 0.0546875 0.0693359375
1 0.236328125 0.3330078125 0.0234375 0.033203125
1 0.673828125 0.37890625 0.095703125 0.130859375
1 0.9619140625 0.318359375 0.0703125 0.0859375
1 0.630859375 0.28515625 0.0185546875 0.0302734375
0 0.4931640625 0.3984375 0.0361328125 0.01953125
1 0.810546875 0.3037109375 0.033203125 0.0634765625
0 0.474609375 0.451171875 0.037109375 0.0361328125
1 0.57421875 0.3037109375 0.029296875 0.052734375
1 0.306640625 0.33984375 0.068359375 0.0859375
1 0.6630859375 0.3056640625 0.0107421875 0.0166015625
0 0.166015625 0.90234375 0.294921875 0.1884765625
1 0.654296875 0.3017578125 0.021484375 0.052734375
1 0.884765625 0.318359375 0.060546875 0.091796875
0 0.443359375 0.568359375 0.0517578125 0.0361328125
0 0.380859375 0.5400390625 0.068359375 0.0361328125
1 0.48828125 0.31640625 0.0205078125 0.0390625
1 0.306640625 0.306640625 0.0185546875 0.0302734375
0 0.8447265625 0.546875 0.0673828125 0.0556640625
0 0.412109375 0.3974609375 0.0234375 0.0166015625
0 0.681640625 0.443359375 0.0439453125 0.01953125
0 0.537109375 0.5322265625 0.0859375 0.052734375
0 0.4287109375 0.421875 0.0263671875 0.033203125
1 0.291015625 0.3291015625 0.0205078125 0.025390625
1 0.080078125 0.35546875 0.044921875 0.0615234375
1 0.9697265625 0.4306640625 0.060546875 0.1943359375
0 0.9609375 0.529296875 0.0439453125 0.0302734375
1 0.7509765625 0.28515625 0.017578125 0.0302734375
1 0.779296875 0.31640625 0.041015625 0.0830078125
0 0.755859375 0.4052734375 0.0263671875 0.02734375
1 0.3623046875 0.33984375 0.0439453125 0.1083984375
0 0.609375 0.35546875 0.021484375 0.0224609375
1 0.46875 0.3291015625 0.025390625 0.046875
1 0.166015625 0.3857421875 0.021484375 0.033203125
0 0.380859375 0.8955078125 0.1376953125 0.2080078125
0 0.15625 0.4306640625 0.0185546875 0.0166015625
1 0.5439453125 0.330078125 0.03125 0.044921875
0 0.63671875 0.39453125 0.029296875 0.0166015625
0 0.466796875 0.3623046875 0.0185546875 0.01953125
0 0.5751953125 0.3515625 0.025390625 0.013671875
0 0.5751953125 0.5234375 0.025390625 0.01953125
0 0.318359375 0.51953125 0.029296875 0.0224609375
1 0.9013671875 0.3349609375 0.015625 0.0302734375
1 0.3447265625 0.3291015625 0.013671875 0.025390625
1 0.060546875 0.4072265625 0.0419921875 0.05859375
0 0.3037109375 0.9306640625 0.0419921875 0.1337890625
0 0.2841796875 0.392578125 0.0341796875 0.0302734375
1 0.7744140625 0.3720703125 0.029296875 0.0556640625
1 0.4189453125 0.3583984375 0.03125 0.0498046875
1 0.9169921875 0.3056640625 0.0126953125 0.02734375
0 0.9365234375 0.3212890625 0.029296875 0.025390625
1 0.0146484375 0.4970703125 0.029296875 0.044921875
1 0.947265625 0.6416015625 0.1044921875 0.27734375