2 0.833984375 0.9267578125 0.166015625 0.0859375
1 0.67578125 0.6552734375 0.466796875 0.4111328125
1 0.248046875 0.724609375 0.365234375 0.5166015625
1 0.3876953125 0.4833984375 0.1376953125 0.18359375
1 0.5126953125 0.39453125 0.0625 0.1337890625
1 0.462890625 0.34765625 0.037109375 0.0830078125
1 0.7001953125 0.4052734375 0.1064453125 0.1552734375
1 0.275390625 0.3427734375 0.025390625 0.0419921875
1 0.50390625 0.330078125 0.013671875 0.033203125
1 0.181640625 0.421875 0.1376953125 0.14453125
1 0.962890625 0.419921875 0.0732421875 0.18359375
1 0.8974609375 0.3291015625 0.060546875 0.080078125
1 0.31640625 0.3623046875 0.0576171875 0.091796875
1 0.5498046875 0.37890625 0.037109375 0.05859375
1 0.611328125 0.3427734375 0.052734375 0.0859375
1 0.2197265625 0.365234375 0.0234375 0.0419921875
1 0.82421875 0.330078125 0.0703125 0.0888671875
1 0.0654296875 0.4609375 0.1279296875 0.1552734375
1 0.166015625 0.357421875 0.033203125 0.046875
1 0.669921875 0.326171875 0.033203125 0.052734375
1 0.4873046875 0.34765625 0.0185546875 0.033203125
1 0.25 0.3759765625 0.037109375 0.0751953125
0 0.478515625 0.4833984375 0.0419921875 0.0390625
1 0.7431640625 0.2998046875 0.0205078125 0.044921875
0 0.4111328125 0.4384765625 0.021484375 0.0390625
0 0.439453125 0.6083984375 0.052734375 0.0390625
1 0.64453125 0.3232421875 0.017578125 0.0302734375
0 0.3818359375 0.578125 0.044921875 0.0390625
1 0.9736328125 0.6796875 0.052734375 0.3125
0 0.494140625 0.4287109375 0.0263671875 0.01953125
0 0.53125 0.5732421875 0.1064453125 0.05859375
1 0.505859375 0.3056640625 0.0126953125 0.0166015625
1 0.7138671875 0.345703125 0.03125 0.0634765625
0 0.6435546875 0.427734375 0.037109375 0.0224609375
0 0.8798828125 0.6083984375 0.087890625 0.0498046875
1 0.7578125 0.3232421875 0.025390625 0.0419921875
0 0.349609375 0.37890625 0.0234375 0.025390625
1 0.943359375 0.35546875 0.025390625 0.033203125
1 0.2939453125 0.3525390625 0.0185546875 0.02734375
0 0.775390625 0.443359375 0.037109375 0.0361328125
1 0.400390625 0.3818359375 0.025390625 0.0419921875
1 0.3681640625 0.3544921875 0.013671875 0.0302734375
0 0.431640625 0.451171875 0.0390625 0.046875
2 0.7978515625 0.4287109375 0.0205078125 0.025390625
0 0.048828125 0.572265625 0.0966796875 0.10546875
1 0.3486328125 0.341796875 0.0185546875 0.02734375
0 0.6005859375 0.466796875 0.033203125 0.0224609375
1 0.857421875 0.3447265625 0.0205078125 0.0390625
1 0.2294921875 0.3974609375 0.0185546875 0.044921875
0 0.6103515625 0.392578125 0.0205078125 0.025390625
1 0.666015625 0.3720703125 0.029296875 0.044921875
1 0.623046875 0.494140625 0.0654296875 0.0615234375
0 0.580078125 0.375 0.0234375 0.033203125