2 0.8349609375 0.923828125 0.1640625 0.080078125
1 0.6689453125 0.6552734375 0.431640625 0.4111328125
1 0.7314453125 0.31640625 0.025390625 0.033203125
1 0.23828125 0.77734375 0.3388671875 0.4443359375
1 0.8779296875 0.49609375 0.234375 0.236328125
1 0.361328125 0.4931640625 0.1611328125 0.1806640625
1 0.560546875 0.466796875 0.166015625 0.171875
1 0.2314453125 0.3662109375 0.037109375 0.078125
1 0.318359375 0.3818359375 0.068359375 0.125
1 0.07421875 0.5068359375 0.1484375 0.2470703125
1 0.1865234375 0.453125 0.126953125 0.2333984375
1 0.5009765625 0.3232421875 0.013671875 0.01953125
1 0.4658203125 0.341796875 0.046875 0.0830078125
1 0.4921875 0.341796875 0.0185546875 0.033203125
1 0.888671875 0.380859375 0.056640625 0.0556640625
1 0.337890625 0.3388671875 0.0205078125 0.033203125
1 0.693359375 0.390625 0.1044921875 0.15234375
1 0.76953125 0.3212890625 0.0419921875 0.0751953125
1 0.6689453125 0.3232421875 0.0185546875 0.0302734375
0 0.412109375 0.443359375 0.0205078125 0.0302734375
1 0.634765625 0.3349609375 0.044921875 0.080078125
1 0.275390625 0.337890625 0.0263671875 0.05859375
1 0.951171875 0.6865234375 0.095703125 0.31640625
1 0.580078125 0.345703125 0.029296875 0.05859375
1 0.8193359375 0.3251953125 0.0576171875 0.0830078125
0 0.4794921875 0.482421875 0.046875 0.0361328125
1 0.888671875 0.318359375 0.052734375 0.0751953125
1 0.556640625 0.384765625 0.0439453125 0.080078125
1 0.7509765625 0.427734375 0.048828125 0.06640625
1 0.705078125 0.3291015625 0.0263671875 0.0634765625
0 0.4384765625 0.607421875 0.0546875 0.0419921875
0 0.529296875 0.5791015625 0.1201171875 0.05859375
1 0.197265625 0.369140625 0.041015625 0.0615234375
1 0.849609375 0.33984375 0.0185546875 0.025390625
0 0.8984375 0.6044921875 0.0595703125 0.046875
1 0.974609375 0.361328125 0.0498046875 0.0556640625
0 0.375 0.580078125 0.068359375 0.0390625
0 0.494140625 0.4287109375 0.025390625 0.01953125
2 0.7978515625 0.43359375 0.0263671875 0.033203125
1 0.9306640625 0.3447265625 0.0419921875 0.072265625
1 0.306640625 0.35546875 0.0185546875 0.02734375
0 0.7998046875 0.369140625 0.0185546875 0.0224609375
0 0.201171875 0.4892578125 0.052734375 0.02734375
0 0.5986328125 0.3984375 0.0185546875 0.01953125
1 0.603515625 0.3359375 0.0185546875 0.033203125
1 0.673828125 0.4638671875 0.052734375 0.0390625
0 0.638671875 0.421875 0.0419921875 0.0166015625
1 0.5224609375 0.3515625 0.029296875 0.05859375
1 0.2626953125 0.357421875 0.0126953125 0.025390625
0 0.1875 0.455078125 0.068359375 0.033203125
1 0.8349609375 0.30859375 0.013671875 0.02734375
0 0.3251953125 0.404296875 0.025390625 0.013671875
0 0.25 0.419921875 0.03125 0.0224609375
0 0.5888671875 0.384765625 0.025390625 0.01953125
1 0.853515625 0.3662109375 0.03125 0.033203125
0 0.505859375 0.4794921875 0.0185546875 0.025390625
0 0.7919921875 0.3984375 0.025390625 0.01953125
0 0.40625 0.94140625 0.0625 0.10546875
2 0.4287109375 0.466796875 0.017578125 0.0166015625
0 0.330078125 0.4287109375 0.0107421875 0.025390625
1 0.3193359375 0.357421875 0.013671875 0.025390625
0 0.28125 0.4287109375 0.0439453125 0.025390625
1 0.173828125 0.361328125 0.013671875 0.033203125
1 0.357421875 0.4169921875 0.013671875 0.0390625
0 0.767578125 0.4775390625 0.048828125 0.044921875