2 0.83203125 0.923828125 0.1640625 0.080078125
1 0.6318359375 0.6162109375 0.376953125 0.4892578125
1 0.26171875 0.767578125 0.3330078125 0.4580078125
1 0.3623046875 0.4931640625 0.162109375 0.1640625
1 0.169921875 0.3544921875 0.033203125 0.0419921875
1 0.736328125 0.3154296875 0.0185546875 0.025390625
1 0.609375 0.3291015625 0.0185546875 0.0302734375
2 0.5185546875 0.587890625 0.025390625 0.0302734375
1 0.5048828125 0.3291015625 0.0126953125 0.0302734375
1 0.4892578125 0.3427734375 0.021484375 0.0361328125
1 0.193359375 0.4482421875 0.130859375 0.2080078125
1 0.7255859375 0.3916015625 0.1015625 0.150390625
1 0.22265625 0.3525390625 0.0263671875 0.044921875
1 0.080078125 0.5205078125 0.158203125 0.2919921875
1 0.3251953125 0.3857421875 0.056640625 0.1162109375
1 0.4619140625 0.34765625 0.048828125 0.0830078125
1 0.5107421875 0.37890625 0.072265625 0.1357421875
1 0.6748046875 0.3359375 0.0439453125 0.06640625
1 0.8173828125 0.3291015625 0.0654296875 0.0859375
1 0.9541015625 0.4462890625 0.091796875 0.224609375
1 0.28125 0.3359375 0.025390625 0.044921875
1 0.6376953125 0.3193359375 0.0185546875 0.033203125
1 0.888671875 0.328125 0.0546875 0.078125
0 0.474609375 0.482421875 0.037109375 0.0419921875
1 0.7216796875 0.328125 0.015625 0.02734375
0 0.4052734375 0.443359375 0.0263671875 0.0302734375
0 0.4384765625 0.6083984375 0.0546875 0.0390625
1 0.7666015625 0.302734375 0.0234375 0.0390625
1 0.5634765625 0.375 0.0390625 0.06640625
1 0.5869140625 0.337890625 0.0263671875 0.05859375
0 0.923828125 0.5791015625 0.134765625 0.046875
0 0.3857421875 0.5830078125 0.046875 0.033203125
0 0.8642578125 0.6181640625 0.0625 0.0302734375
0 0.4873046875 0.4287109375 0.03125 0.01953125
1 0.3447265625 0.3525390625 0.0234375 0.033203125
0 0.701171875 0.4794921875 0.0341796875 0.025390625
1 0.9501953125 0.3544921875 0.0185546875 0.0361328125
1 0.3671875 0.3544921875 0.015625 0.0302734375
1 0.25 0.3916015625 0.03125 0.044921875
0 0.2001953125 0.484375 0.056640625 0.0302734375
0 0.431640625 0.455078125 0.0498046875 0.044921875
0 0.201171875 0.369140625 0.0234375 0.0166015625
1 0.951171875 0.740234375 0.091796875 0.203125
0 0.466796875 0.390625 0.029296875 0.01953125
0 0.1787109375 0.455078125 0.0576171875 0.02734375
0 0.90625 0.380859375 0.03125 0.0390625
0 0.837890625 0.37109375 0.0185546875 0.013671875
0 0.30078125 0.49609375 0.0205078125 0.025390625
0 0.279296875 0.4306640625 0.0361328125 0.0224609375
1 0.21875 0.380859375 0.0185546875 0.02734375
1 0.818359375 0.3212890625 0.0126953125 0.025390625
1 0.0205078125 0.4541015625 0.041015625 0.0634765625
0 0.380859375 0.4052734375 0.0126953125 0.0224609375
0 0.056640625 0.9541015625 0.1064453125 0.0859375
1 0.8310546875 0.3193359375 0.0185546875 0.0224609375
1 0.318359375 0.3525390625 0.0185546875 0.0224609375