2 0.833984375 0.923828125 0.166015625 0.080078125
1 0.6796875 0.654296875 0.4375 0.419921875
1 0.25 0.7734375 0.34375 0.44140625
1 0.8701171875 0.48046875 0.203125 0.244140625
1 0.373046875 0.4931640625 0.15625 0.1748046875
1 0.7060546875 0.392578125 0.1064453125 0.158203125
1 0.7314453125 0.318359375 0.025390625 0.025390625
1 0.4619140625 0.345703125 0.033203125 0.0634765625
1 0.630859375 0.33984375 0.0517578125 0.080078125
1 0.3115234375 0.3837890625 0.0576171875 0.138671875
0 0.3310546875 0.9580078125 0.1748046875 0.0830078125
1 0.8173828125 0.341796875 0.078125 0.111328125
1 0.2802734375 0.341796875 0.0234375 0.0390625
1 0.4892578125 0.345703125 0.021484375 0.0361328125
1 0.412109375 0.3623046875 0.0498046875 0.1083984375
1 0.587890625 0.337890625 0.0439453125 0.080078125
1 0.7685546875 0.31640625 0.0439453125 0.0615234375
1 0.8916015625 0.341796875 0.060546875 0.0947265625
1 0.244140625 0.37890625 0.0546875 0.0859375
1 0.5947265625 0.302734375 0.013671875 0.02734375
1 0.361328125 0.35546875 0.03125 0.0615234375
1 0.087890625 0.5068359375 0.150390625 0.30859375
1 0.5341796875 0.3740234375 0.087890625 0.1416015625
1 0.216796875 0.361328125 0.0283203125 0.033203125
1 0.671875 0.3291015625 0.0341796875 0.05859375
0 0.4755859375 0.4833984375 0.0419921875 0.0390625
0 0.3740234375 0.5830078125 0.0673828125 0.033203125
0 0.8876953125 0.6044921875 0.0751953125 0.05859375
0 0.5166015625 0.5859375 0.1298828125 0.0556640625
1 0.9697265625 0.4208984375 0.0576171875 0.1748046875
1 0.177734375 0.392578125 0.0966796875 0.1416015625
0 0.439453125 0.6083984375 0.056640625 0.0390625
0 0.5869140625 0.556640625 0.0673828125 0.046875
1 0.04296875 0.3974609375 0.0546875 0.06640625
1 0.3359375 0.33203125 0.021484375 0.0361328125
0 0.462890625 0.388671875 0.033203125 0.02734375
1 0.509765625 0.302734375 0.013671875 0.0107421875
1 0.669921875 0.4609375 0.0419921875 0.0556640625
1 0.857421875 0.341796875 0.029296875 0.033203125
1 0.306640625 0.3427734375 0.0185546875 0.0302734375
1 0.8486328125 0.3154296875 0.0185546875 0.0361328125
0 0.619140625 0.486328125 0.0361328125 0.0556640625
0 0.380859375 0.892578125 0.1376953125 0.0859375
0 0.0419921875 0.548828125 0.083984375 0.052734375
0 0.6435546875 0.427734375 0.037109375 0.0224609375
0 0.041015625 0.59375 0.08203125 0.0625
0 0.498046875 0.4287109375 0.021484375 0.01953125
0 0.611328125 0.390625 0.0185546875 0.025390625
0 0.1982421875 0.4794921875 0.056640625 0.0302734375
0 0.412109375 0.4306640625 0.0185546875 0.0224609375
1 0.7685546875 0.4169921875 0.03125 0.0390625
1 0.59375 0.357421875 0.0126953125 0.025390625
0 0.587890625 0.3857421875 0.025390625 0.033203125
0 0.125 0.462890625 0.0185546875 0.01953125
0 0.7998046875 0.380859375 0.0185546875 0.0166015625
0 0.3125 0.380859375 0.0126953125 0.0498046875
0 0.7744140625 0.4443359375 0.033203125 0.0390625
0 0.01171875 0.50390625 0.0234375 0.0361328125
0 0.931640625 0.3759765625 0.0439453125 0.046875
1 0.2392578125 0.5234375 0.046875 0.080078125
2 0.4599609375 0.9541015625 0.0234375 0.0859375
0 0.30078125 0.505859375 0.0234375 0.0390625
1 0.7744140625 0.37890625 0.013671875 0.046875
1 0.669921875 0.3857421875 0.0263671875 0.033203125
1 0.59765625 0.330078125 0.013671875 0.0224609375