2 0.8046875 0.8623046875 0.1533203125 0.0751953125
1 0.6630859375 0.6123046875 0.3828125 0.375
1 0.26953125 0.71484375 0.4013671875 0.4638671875
1 0.6923828125 0.357421875 0.115234375 0.158203125
1 0.373046875 0.4541015625 0.1484375 0.1806640625
1 0.5068359375 0.3623046875 0.0673828125 0.125
1 0.4931640625 0.318359375 0.0205078125 0.0302734375
1 0.6318359375 0.2900390625 0.017578125 0.025390625
1 0.2158203125 0.408203125 0.119140625 0.2001953125
1 0.28125 0.3232421875 0.025390625 0.0419921875
1 0.08203125 0.4775390625 0.1640625 0.255859375
1 0.716796875 0.2802734375 0.0205078125 0.02734375
1 0.4169921875 0.34765625 0.046875 0.0947265625
1 0.5009765625 0.2958984375 0.013671875 0.025390625
1 0.796875 0.298828125 0.041015625 0.0693359375
1 0.9326171875 0.37890625 0.134765625 0.263671875
1 0.5947265625 0.326171875 0.048828125 0.0859375
1 0.0673828125 0.3544921875 0.046875 0.052734375
1 0.66015625 0.2958984375 0.029296875 0.052734375
1 0.244140625 0.3291015625 0.0234375 0.0361328125
1 0.7529296875 0.31640625 0.046875 0.099609375
1 0.560546875 0.3359375 0.033203125 0.044921875
1 0.6943359375 0.3056640625 0.017578125 0.0390625
1 0.462890625 0.3193359375 0.0205078125 0.0498046875
0 0.4794921875 0.451171875 0.0439453125 0.0361328125
0 0.861328125 0.5400390625 0.099609375 0.05859375
1 0.869140625 0.3037109375 0.044921875 0.0751953125
1 0.212890625 0.341796875 0.03125 0.0556640625
1 0.34375 0.3291015625 0.056640625 0.0859375
0 0.3740234375 0.5400390625 0.0673828125 0.0361328125
1 0.900390625 0.31640625 0.03125 0.0390625
0 0.94921875 0.515625 0.095703125 0.046875
0 0.51171875 0.5234375 0.076171875 0.0302734375
0 0.3623046875 0.91796875 0.1435546875 0.158203125
0 0.443359375 0.568359375 0.0517578125 0.0361328125
0 0.4072265625 0.39453125 0.029296875 0.0224609375
1 0.6259765625 0.3232421875 0.0263671875 0.0419921875
1 0.2607421875 0.3681640625 0.03125 0.0419921875
0 0.587890625 0.423828125 0.029296875 0.0302734375
0 0.1875 0.4287109375 0.03125 0.01953125
0 0.701171875 0.443359375 0.046875 0.0302734375
0 0.978515625 0.4794921875 0.0419921875 0.0361328125
0 0.498046875 0.54296875 0.03125 0.025390625
1 0.23828125 0.35546875 0.017578125 0.033203125
1 0.517578125 0.2890625 0.021484375 0.0390625
2 0.3955078125 0.9736328125 0.037109375 0.0419921875
0 0.42578125 0.4267578125 0.0263671875 0.025390625
0 0.0546875 0.4541015625 0.037109375 0.025390625
0 0.2978515625 0.3984375 0.0263671875 0.01953125
0 0.318359375 0.3525390625 0.0185546875 0.044921875
1 0.681640625 0.3212890625 0.0126953125 0.025390625
1 0.0439453125 0.78515625 0.087890625 0.419921875
0 0.611328125 0.455078125 0.0205078125 0.02734375
0 0.494140625 0.40234375 0.025390625 0.0224609375
0 0.826171875 0.48046875 0.0703125 0.0556640625
0 0.2177734375 0.419921875 0.048828125 0.02734375
1 0.513671875 0.3486328125 0.0205078125 0.0302734375
1 0.6259765625 0.3681640625 0.048828125 0.046875
0 0.3115234375 0.46484375 0.013671875 0.01953125
0 0.21875 0.4443359375 0.0498046875 0.02734375
0 0.166015625 0.4169921875 0.021484375 0.033203125
0 0.447265625 0.44140625 0.0283203125 0.0166015625
0 0.6259765625 0.412109375 0.033203125 0.05859375
2 0.341796875 0.404296875 0.0126953125 0.0361328125
0 0.587890625 0.3662109375 0.0185546875 0.0224609375
0 0.466796875 0.361328125 0.017578125 0.0166015625
2 0.947265625 0.4677734375 0.0361328125 0.013671875
0 0.521484375 0.4052734375 0.009765625 0.0224609375
0 0.9248046875 0.318359375 0.0185546875 0.013671875