2 0.833984375 0.923828125 0.166015625 0.080078125
1 0.66015625 0.66015625 0.439453125 0.4306640625
1 0.8779296875 0.49609375 0.2373046875 0.2412109375
1 0.8955078125 0.318359375 0.0283203125 0.046875
1 0.21875 0.7705078125 0.3876953125 0.4580078125
1 0.369140625 0.4931640625 0.15625 0.1865234375
1 0.3251953125 0.3916015625 0.0498046875 0.1279296875
1 0.505859375 0.328125 0.0126953125 0.02734375
1 0.6689453125 0.3388671875 0.0439453125 0.072265625
1 0.5302734375 0.392578125 0.0888671875 0.1474609375
1 0.240234375 0.3662109375 0.0439453125 0.078125
1 0.48828125 0.3427734375 0.0205078125 0.0302734375
1 0.7685546875 0.33203125 0.0439453125 0.0859375
0 0.4755859375 0.482421875 0.048828125 0.0419921875
1 0.2939453125 0.341796875 0.0185546875 0.044921875
1 0.4345703125 0.3681640625 0.09375 0.1025390625
1 0.0654296875 0.423828125 0.0908203125 0.091796875
1 0.8193359375 0.330078125 0.0517578125 0.078125
1 0.58203125 0.3349609375 0.0419921875 0.0693359375
1 0.869140625 0.359375 0.060546875 0.080078125
1 0.712890625 0.318359375 0.0390625 0.0634765625
1 0.6435546875 0.3193359375 0.0185546875 0.02734375
1 0.923828125 0.3486328125 0.052734375 0.080078125
1 0.98046875 0.35546875 0.0390625 0.0498046875
0 0.4091796875 0.4287109375 0.0185546875 0.025390625
1 0.611328125 0.328125 0.0185546875 0.02734375
0 0.4384765625 0.607421875 0.0546875 0.0419921875
1 0.1796875 0.3681640625 0.0908203125 0.09765625
0 0.494140625 0.5859375 0.03125 0.033203125
0 0.4873046875 0.4287109375 0.03125 0.01953125
1 0.6748046875 0.41796875 0.0498046875 0.0751953125
0 0.419921875 0.455078125 0.033203125 0.033203125
1 0.94921875 0.7080078125 0.091796875 0.2607421875
1 0.6982421875 0.3525390625 0.0185546875 0.0390625
0 0.6474609375 0.423828125 0.0263671875 0.01953125
1 0.3134765625 0.35546875 0.0205078125 0.02734375
0 0.0380859375 0.544921875 0.076171875 0.0498046875
0 0.611328125 0.392578125 0.0283203125 0.013671875
0 0.296875 0.5654296875 0.046875 0.0302734375
0 0.6669921875 0.37890625 0.03125 0.013671875
1 0.0185546875 0.4599609375 0.037109375 0.080078125
2 0.541015625 0.595703125 0.0625 0.0419921875
0 0.185546875 0.455078125 0.072265625 0.033203125
1 0.263671875 0.357421875 0.0205078125 0.0361328125
0 0.3310546875 0.40234375 0.0185546875 0.0107421875
2 0.7978515625 0.4306640625 0.0234375 0.02734375
0 0.232421875 0.4013671875 0.0205078125 0.013671875
0 0.7724609375 0.4365234375 0.0517578125 0.06640625
2 0.4384765625 0.466796875 0.013671875 0.0107421875
0 0.587890625 0.3779296875 0.0205078125 0.0166015625
0 0.0439453125 0.5927734375 0.087890625 0.0634765625
1 0.5107421875 0.3056640625 0.0126953125 0.0166015625
2 0.544921875 0.5634765625 0.0673828125 0.02734375
0 0.2001953125 0.490234375 0.0498046875 0.025390625
0 0.28515625 0.4287109375 0.0361328125 0.01953125
1 0.591796875 0.31640625 0.0126953125 0.0224609375
2 0.1240234375 0.5859375 0.0361328125 0.033203125
0 0.94921875 0.392578125 0.033203125 0.0361328125
1 0.34375 0.359375 0.0185546875 0.01953125
2 0.4580078125 0.955078125 0.025390625 0.0830078125
1 0.556640625 0.3525390625 0.0126953125 0.02734375