2 0.8349609375 0.923828125 0.1669921875 0.080078125
1 0.6806640625 0.6474609375 0.4296875 0.43359375
1 0.6435546875 0.31640625 0.0185546875 0.02734375
1 0.232421875 0.7626953125 0.3671875 0.3916015625
1 0.7177734375 0.302734375 0.017578125 0.0224609375
1 0.669921875 0.322265625 0.0205078125 0.033203125
1 0.537109375 0.4736328125 0.158203125 0.169921875
1 0.361328125 0.48046875 0.158203125 0.205078125
1 0.708984375 0.37890625 0.099609375 0.1357421875
1 0.263671875 0.3916015625 0.060546875 0.0947265625
1 0.1953125 0.357421875 0.0751953125 0.1142578125
1 0.08203125 0.4931640625 0.1611328125 0.236328125
1 0.6279296875 0.34765625 0.0498046875 0.0830078125
1 0.8115234375 0.337890625 0.064453125 0.1083984375
1 0.232421875 0.357421875 0.0234375 0.0419921875
1 0.419921875 0.3662109375 0.0517578125 0.0830078125
1 0.28125 0.3525390625 0.0185546875 0.02734375
1 0.701171875 0.3291015625 0.013671875 0.025390625
1 0.9716796875 0.4306640625 0.056640625 0.18359375
1 0.298828125 0.330078125 0.015625 0.0390625
1 0.03515625 0.3857421875 0.0546875 0.0556640625
0 0.478515625 0.4833984375 0.0419921875 0.0390625
1 0.587890625 0.3447265625 0.037109375 0.072265625
1 0.7685546875 0.318359375 0.037109375 0.0693359375
1 0.44921875 0.3154296875 0.0205078125 0.0361328125
1 0.904296875 0.3427734375 0.0439453125 0.091796875
0 0.5263671875 0.580078125 0.119140625 0.0498046875
1 0.556640625 0.3662109375 0.037109375 0.072265625
1 0.8623046875 0.34765625 0.0498046875 0.06640625
1 0.466796875 0.3486328125 0.0361328125 0.05859375
0 0.3759765625 0.5791015625 0.0576171875 0.0419921875
0 0.4384765625 0.609375 0.0546875 0.0419921875
1 0.5 0.330078125 0.025390625 0.0390625
0 0.2978515625 0.5732421875 0.0517578125 0.0419921875
0 0.375 0.9365234375 0.119140625 0.1162109375
0 0.3251953125 0.404296875 0.025390625 0.013671875
1 0.8388671875 0.3125 0.015625 0.0419921875
1 0.955078125 0.734375 0.0830078125 0.2080078125
0 0.201171875 0.4892578125 0.0517578125 0.02734375
1 0.9970703125 0.328125 0.005859375 0.0390625
1 0.66796875 0.3720703125 0.029296875 0.0556640625
0 0.638671875 0.4169921875 0.046875 0.02734375
2 0.7978515625 0.4345703125 0.0263671875 0.0302734375
2 0.611328125 0.4794921875 0.021484375 0.01953125
0 0.2998046875 0.49609375 0.0185546875 0.025390625
0 0.1728515625 0.455078125 0.048828125 0.02734375
0 0.6064453125 0.3955078125 0.025390625 0.025390625
1 0.3125 0.34765625 0.0185546875 0.033203125
1 0.349609375 0.359375 0.0439453125 0.1083984375
0 0.208984375 0.4541015625 0.0341796875 0.0302734375
2 0.5693359375 0.529296875 0.0205078125 0.0302734375
0 0.234375 0.4150390625 0.015625 0.01953125
0 0.599609375 0.5556640625 0.0185546875 0.0166015625
0 0.798828125 0.37890625 0.017578125 0.013671875
1 0.7724609375 0.4169921875 0.029296875 0.0390625
1 0.529296875 0.322265625 0.0234375 0.033203125
0 0.5927734375 0.4638671875 0.013671875 0.0390625
0 0.888671875 0.6181640625 0.048828125 0.025390625
1 0.1318359375 0.4111328125 0.0107421875 0.033203125
0 0.923828125 0.380859375 0.0234375 0.0390625
0 0.88671875 0.611328125 0.1923828125 0.10546875
0 0.142578125 0.4599609375 0.0185546875 0.01953125