2 0.8349609375 0.9267578125 0.1640625 0.0859375
1 0.0712890625 0.6484375 0.142578125 0.55859375
1 0.6884765625 0.705078125 0.466796875 0.3115234375
1 0.830078125 0.4677734375 0.1904296875 0.236328125
1 0.67578125 0.322265625 0.0205078125 0.033203125
1 0.537109375 0.46484375 0.1689453125 0.1865234375
1 0.5263671875 0.3427734375 0.021484375 0.052734375
1 0.3623046875 0.3427734375 0.037109375 0.0751953125
1 0.3818359375 0.48046875 0.111328125 0.18359375
1 0.4228515625 0.365234375 0.0546875 0.130859375
1 0.2783203125 0.3427734375 0.025390625 0.0302734375
1 0.462890625 0.3330078125 0.0263671875 0.0390625
1 0.9560546875 0.455078125 0.087890625 0.205078125
1 0.767578125 0.3232421875 0.041015625 0.091796875
1 0.197265625 0.392578125 0.109375 0.119140625
1 0.2880859375 0.4169921875 0.0830078125 0.14453125
0 0.4755859375 0.482421875 0.0419921875 0.0419921875
1 0.443359375 0.341796875 0.013671875 0.0224609375
1 0.5869140625 0.341796875 0.0361328125 0.072265625
1 0.736328125 0.3037109375 0.021484375 0.0419921875
1 0.8115234375 0.3359375 0.0576171875 0.10546875
1 0.212890625 0.35546875 0.0234375 0.02734375
1 0.9599609375 0.6787109375 0.080078125 0.3193359375
1 0.646484375 0.3916015625 0.083984375 0.138671875
1 0.298828125 0.3349609375 0.0205078125 0.0302734375
0 0.41796875 0.453125 0.0234375 0.0390625
1 0.041015625 0.404296875 0.041015625 0.05859375
1 0.888671875 0.330078125 0.056640625 0.078125
1 0.3349609375 0.3525390625 0.0234375 0.044921875
1 0.5546875 0.3662109375 0.0439453125 0.0830078125
0 0.318359375 0.95703125 0.1748046875 0.0751953125
1 0.7060546875 0.3330078125 0.0439453125 0.0830078125
0 0.5419921875 0.5791015625 0.125 0.0634765625
0 0.4384765625 0.611328125 0.0546875 0.044921875
1 0.642578125 0.322265625 0.0205078125 0.044921875
1 0.609375 0.3330078125 0.015625 0.033203125
1 0.974609375 0.35546875 0.0498046875 0.0498046875
0 0.712890625 0.4775390625 0.0576171875 0.033203125
1 0.8369140625 0.30859375 0.0205078125 0.02734375
0 0.150390625 0.4384765625 0.0234375 0.0224609375
0 0.169921875 0.4599609375 0.048828125 0.0302734375
0 0.76953125 0.44140625 0.029296875 0.033203125
0 0.64453125 0.4248046875 0.029296875 0.0166015625
0 0.330078125 0.404296875 0.0205078125 0.013671875
0 0.6201171875 0.5634765625 0.03125 0.0224609375
0 0.392578125 0.56640625 0.0390625 0.0390625
0 0.96875 0.384765625 0.0439453125 0.01953125
1 0.625 0.3359375 0.025390625 0.044921875
0 0.5927734375 0.3779296875 0.0234375 0.0166015625
0 0.412109375 0.4306640625 0.0185546875 0.0224609375
0 0.787109375 0.4013671875 0.0185546875 0.013671875
0 0.7978515625 0.369140625 0.0205078125 0.0166015625
1 0.0185546875 0.451171875 0.037109375 0.0634765625
0 0.853515625 0.3681640625 0.0234375 0.01953125
0 0.35546875 0.4052734375 0.017578125 0.044921875
0 0.59375 0.4541015625 0.0126953125 0.025390625
0 0.4990234375 0.427734375 0.013671875 0.0224609375