2 0.8349609375 0.923828125 0.1669921875 0.080078125
1 0.8681640625 0.4990234375 0.251953125 0.2412109375
1 0.2236328125 0.75 0.427734375 0.494140625
1 0.361328125 0.494140625 0.1689453125 0.18359375
1 0.2314453125 0.35546875 0.025390625 0.033203125
1 0.64453125 0.318359375 0.017578125 0.0361328125
1 0.900390625 0.322265625 0.03125 0.044921875
1 0.6943359375 0.6943359375 0.4765625 0.328125
1 0.4619140625 0.3447265625 0.0546875 0.0888671875
1 0.556640625 0.4443359375 0.119140625 0.2001953125
1 0.5849609375 0.3349609375 0.029296875 0.0693359375
1 0.0576171875 0.47265625 0.115234375 0.1943359375
1 0.166015625 0.34765625 0.0390625 0.0556640625
1 0.2861328125 0.3544921875 0.0283203125 0.0361328125
1 0.7626953125 0.3251953125 0.0498046875 0.0947265625
1 0.412109375 0.37890625 0.056640625 0.091796875
1 0.7099609375 0.41796875 0.1298828125 0.158203125
1 0.162109375 0.404296875 0.1064453125 0.1357421875
1 0.4931640625 0.330078125 0.0205078125 0.0498046875
1 0.716796875 0.3525390625 0.033203125 0.06640625
1 0.9287109375 0.341796875 0.044921875 0.072265625
1 0.263671875 0.3974609375 0.0986328125 0.10546875
1 0.8134765625 0.35546875 0.0732421875 0.1220703125
1 0.306640625 0.3359375 0.025390625 0.033203125
1 0.666015625 0.3115234375 0.0185546875 0.033203125
1 0.9609375 0.6865234375 0.0751953125 0.294921875
1 0.369140625 0.3583984375 0.0185546875 0.033203125
0 0.4384765625 0.607421875 0.0546875 0.0419921875
0 0.4794921875 0.482421875 0.0498046875 0.0361328125
0 0.375 0.5693359375 0.0751953125 0.0498046875
0 0.404296875 0.43359375 0.033203125 0.0390625
0 0.5244140625 0.576171875 0.0830078125 0.052734375
1 0.330078125 0.375 0.0390625 0.0556640625
1 0.5185546875 0.3427734375 0.03125 0.05859375
0 0.4912109375 0.4287109375 0.0263671875 0.01953125
1 0.61328125 0.31640625 0.029296875 0.0390625
0 0.416015625 0.46484375 0.033203125 0.01953125
1 0.974609375 0.3583984375 0.0498046875 0.111328125
0 0.6005859375 0.5537109375 0.0703125 0.05859375
0 0.6982421875 0.48046875 0.046875 0.02734375
0 0.779296875 0.443359375 0.0439453125 0.0361328125
0 0.3505859375 0.380859375 0.017578125 0.0166015625
1 0.669921875 0.3740234375 0.0234375 0.0419921875
0 0.6103515625 0.3916015625 0.0361328125 0.0166015625
0 0.17578125 0.455078125 0.048828125 0.02734375
0 0.294921875 0.56640625 0.044921875 0.033203125
1 0.8154296875 0.31640625 0.015625 0.02734375
0 0.2880859375 0.4306640625 0.017578125 0.0166015625
0 0.6123046875 0.4775390625 0.0185546875 0.0224609375
0 0.462890625 0.3916015625 0.0263671875 0.0166015625
0 0.2001953125 0.48046875 0.0498046875 0.02734375
0 0.7861328125 0.39453125 0.0185546875 0.0166015625
0 0.3251953125 0.404296875 0.025390625 0.013671875
0 0.6435546875 0.423828125 0.03125 0.01953125
1 0.017578125 0.4677734375 0.033203125 0.05859375
0 0.798828125 0.380859375 0.0185546875 0.0166015625
1 0.6630859375 0.341796875 0.0234375 0.033203125
0 0.923828125 0.3759765625 0.0205078125 0.025390625
1 0.34375 0.341796875 0.025390625 0.0498046875
1 0.5810546875 0.3232421875 0.0126953125 0.01953125