2 0.8349609375 0.923828125 0.1640625 0.080078125
1 0.666015625 0.6484375 0.4453125 0.4306640625
1 0.234375 0.7666015625 0.375 0.466796875
1 0.880859375 0.4912109375 0.2294921875 0.2333984375
1 0.36328125 0.4912109375 0.158203125 0.177734375
1 0.4638671875 0.341796875 0.0498046875 0.0947265625
1 0.7099609375 0.4013671875 0.1298828125 0.1357421875
1 0.66796875 0.318359375 0.0205078125 0.0302734375
1 0.5048828125 0.328125 0.015625 0.033203125
1 0.8935546875 0.3359375 0.0751953125 0.0830078125
1 0.2001953125 0.4443359375 0.125 0.22265625
1 0.31640625 0.380859375 0.060546875 0.1279296875
1 0.0732421875 0.4931640625 0.146484375 0.275390625
1 0.767578125 0.326171875 0.0498046875 0.0859375
1 0.23046875 0.3525390625 0.0234375 0.0390625
1 0.697265625 0.3427734375 0.0390625 0.0693359375
1 0.58203125 0.33203125 0.0361328125 0.0751953125
1 0.6435546875 0.31640625 0.0185546875 0.033203125
1 0.51171875 0.3876953125 0.0732421875 0.130859375
1 0.341796875 0.337890625 0.0185546875 0.0302734375
1 0.8154296875 0.3349609375 0.0625 0.091796875
1 0.95703125 0.6845703125 0.0830078125 0.3193359375
1 0.1943359375 0.3720703125 0.0419921875 0.0556640625
1 0.849609375 0.341796875 0.0205078125 0.02734375
0 0.51953125 0.5791015625 0.111328125 0.05859375
0 0.478515625 0.4833984375 0.0439453125 0.0390625
0 0.4169921875 0.455078125 0.0341796875 0.0390625
0 0.439453125 0.609375 0.052734375 0.0419921875
1 0.244140625 0.3818359375 0.0361328125 0.05859375
0 0.3779296875 0.94140625 0.1123046875 0.1162109375
1 0.28125 0.3544921875 0.025390625 0.0302734375
0 0.37890625 0.5791015625 0.0673828125 0.0361328125
0 0.40625 0.427734375 0.025390625 0.0224609375
1 0.4130859375 0.365234375 0.060546875 0.1083984375
1 0.603515625 0.337890625 0.0185546875 0.0302734375
0 0.494140625 0.4287109375 0.025390625 0.01953125
0 0.89453125 0.60546875 0.060546875 0.0498046875
1 0.736328125 0.31640625 0.0126953125 0.02734375
1 0.3193359375 0.359375 0.013671875 0.0302734375
1 0.35546875 0.3515625 0.013671875 0.025390625
1 0.9736328125 0.353515625 0.052734375 0.046875
0 0.298828125 0.5625 0.046875 0.025390625
0 0.779296875 0.4443359375 0.048828125 0.0390625
0 0.6005859375 0.3974609375 0.029296875 0.0166015625
0 0.3251953125 0.404296875 0.025390625 0.013671875
0 0.7998046875 0.369140625 0.0185546875 0.0224609375
0 0.638671875 0.4140625 0.0517578125 0.02734375
0 0.25 0.41796875 0.03125 0.01953125
0 0.283203125 0.4306640625 0.037109375 0.0224609375
0 0.462890625 0.384765625 0.025390625 0.01953125
2 0.7822265625 0.412109375 0.0390625 0.0302734375
0 0.30078125 0.49609375 0.0205078125 0.025390625
0 0.955078125 0.390625 0.0205078125 0.025390625
0 0.216796875 0.841796875 0.072265625 0.06640625
1 0.220703125 0.384765625 0.015625 0.0302734375
1 0.5185546875 0.3115234375 0.0185546875 0.033203125
0 0.34765625 0.380859375 0.0263671875 0.033203125
1 0.849609375 0.3662109375 0.025390625 0.033203125
2 0.017578125 0.943359375 0.03515625 0.0859375
1 0.8427734375 0.31640625 0.0107421875 0.02734375
2 0.484375 0.4599609375 0.0185546875 0.01953125
0 0.576171875 0.5654296875 0.0419921875 0.0361328125
1 0.712890625 0.357421875 0.0185546875 0.025390625
0 0.6357421875 0.4501953125 0.03125 0.0556640625