2 0.8349609375 0.927734375 0.1640625 0.0830078125
1 0.693359375 0.6865234375 0.474609375 0.3447265625
1 0.7138671875 0.3818359375 0.0966796875 0.1748046875
1 0.541015625 0.4541015625 0.154296875 0.2138671875
1 0.94921875 0.455078125 0.1015625 0.22265625
1 0.7939453125 0.3544921875 0.09375 0.1474609375
1 0.7373046875 0.298828125 0.0185546875 0.01953125
1 0.537109375 0.3017578125 0.0546875 0.125
1 0.4443359375 0.3916015625 0.080078125 0.177734375
0 0.2001953125 0.931640625 0.2314453125 0.125
1 0.884765625 0.2763671875 0.109375 0.224609375
1 0.361328125 0.341796875 0.056640625 0.1669921875
1 0.638671875 0.2568359375 0.013671875 0.013671875
1 0.7236328125 0.2919921875 0.015625 0.0166015625
0 0.380859375 0.9384765625 0.130859375 0.1220703125
1 0.611328125 0.2958984375 0.076171875 0.3251953125
1 0.7578125 0.2958984375 0.025390625 0.052734375
0 0.478515625 0.482421875 0.0341796875 0.0361328125
0 0.44140625 0.611328125 0.0546875 0.044921875
0 0.912109375 0.58984375 0.1435546875 0.080078125
1 0.25390625 0.4970703125 0.205078125 0.783203125
1 0.5556640625 0.3642578125 0.0361328125 0.0498046875
1 0.466796875 0.267578125 0.0263671875 0.046875
0 0.505859375 0.578125 0.2109375 0.06640625
0 0.609375 0.5615234375 0.052734375 0.044921875
1 0.34375 0.279296875 0.025390625 0.0361328125
1 0.7734375 0.33203125 0.021484375 0.0419921875
0 0.712890625 0.4794921875 0.0673828125 0.0361328125
1 0.4130859375 0.298828125 0.0205078125 0.0302734375
1 0.8388671875 0.22265625 0.021484375 0.033203125
1 0.98828125 0.1640625 0.0205078125 0.0615234375
1 0.123046875 0.10546875 0.0390625 0.1552734375
1 0.5048828125 0.318359375 0.0283203125 0.05859375
1 0.146484375 0.2724609375 0.0283203125 0.0556640625
1 0.822265625 0.25390625 0.0205078125 0.0419921875
0 0.4912109375 0.4306640625 0.017578125 0.0224609375
0 0.623046875 0.4765625 0.033203125 0.025390625
0 0.2939453125 0.578125 0.056640625 0.0556640625
0 0.755859375 0.4482421875 0.037109375 0.0302734375
1 0.568359375 0.2802734375 0.017578125 0.02734375
0 0.6474609375 0.4150390625 0.0546875 0.0302734375
1 0.474609375 0.318359375 0.0185546875 0.052734375
1 0.7099609375 0.224609375 0.0205078125 0.033203125
0 0.2666015625 0.5166015625 0.095703125 0.111328125
1 0.529296875 0.39453125 0.025390625 0.0888671875
1 0.087890625 0.5 0.1689453125 0.994140625
1 0.3134765625 0.25390625 0.017578125 0.046875
1 0.455078125 0.3017578125 0.015625 0.025390625
0 0.46875 0.384765625 0.0185546875 0.01953125