2 0.8349609375 0.923828125 0.1669921875 0.080078125
1 0.716796875 0.6416015625 0.5048828125 0.43359375
1 0.26171875 0.716796875 0.3857421875 0.4443359375
1 0.384765625 0.4833984375 0.130859375 0.1669921875
1 0.5361328125 0.4775390625 0.1376953125 0.1669921875
1 0.466796875 0.3427734375 0.037109375 0.0751953125
1 0.275390625 0.349609375 0.0185546875 0.033203125
1 0.3173828125 0.3681640625 0.068359375 0.09765625
1 0.2314453125 0.3662109375 0.025390625 0.044921875
1 0.7099609375 0.392578125 0.0986328125 0.1083984375
1 0.3662109375 0.359375 0.0361328125 0.080078125
1 0.080078125 0.505859375 0.15625 0.255859375
1 0.19140625 0.41796875 0.1171875 0.1640625
1 0.763671875 0.33984375 0.0517578125 0.09765625
0 0.1552734375 0.9404296875 0.283203125 0.119140625
0 0.41796875 0.453125 0.0234375 0.0390625
1 0.4931640625 0.341796875 0.0234375 0.0556640625
1 0.255859375 0.388671875 0.037109375 0.0615234375
1 0.7177734375 0.345703125 0.0263671875 0.05859375
1 0.5859375 0.3154296875 0.015625 0.0361328125
1 0.64453125 0.3291015625 0.033203125 0.0693359375
1 0.048828125 0.392578125 0.048828125 0.052734375
0 0.40625 0.427734375 0.025390625 0.0224609375
1 0.517578125 0.357421875 0.033203125 0.0693359375
1 0.900390625 0.328125 0.029296875 0.0556640625
0 0.4384765625 0.609375 0.0546875 0.0419921875
1 0.9296875 0.330078125 0.025390625 0.0498046875
0 0.951171875 0.58203125 0.0888671875 0.0419921875
0 0.3642578125 0.9287109375 0.171875 0.130859375
1 0.9599609375 0.451171875 0.076171875 0.224609375
0 0.53125 0.576171875 0.09375 0.052734375
1 0.4013671875 0.3759765625 0.0341796875 0.0751953125
1 0.830078125 0.318359375 0.0517578125 0.091796875
1 0.5791015625 0.3515625 0.0234375 0.046875
0 0.45703125 0.48046875 0.033203125 0.0390625
0 0.388671875 0.5791015625 0.03125 0.0419921875
1 0.7978515625 0.3359375 0.0263671875 0.044921875
1 0.2294921875 0.40234375 0.021484375 0.0390625
0 0.8466796875 0.5615234375 0.150390625 0.1162109375
1 0.517578125 0.318359375 0.021484375 0.0361328125
0 0.0380859375 0.5458984375 0.076171875 0.046875
0 0.2001953125 0.490234375 0.0498046875 0.025390625
0 0.5849609375 0.5537109375 0.0263671875 0.0361328125
0 0.4267578125 0.4677734375 0.015625 0.013671875
0 0.322265625 0.404296875 0.0234375 0.013671875
0 0.291015625 0.4306640625 0.0234375 0.0166015625
1 0.6669921875 0.30859375 0.0185546875 0.02734375
0 0.6123046875 0.3916015625 0.03125 0.0166015625
0 0.5869140625 0.45703125 0.029296875 0.0361328125
0 0.611328125 0.4794921875 0.021484375 0.025390625
0 0.763671875 0.5625 0.0205078125 0.025390625
0 0.236328125 0.419921875 0.017578125 0.0166015625
1 0.9873046875 0.4482421875 0.0185546875 0.05859375
1 0.318359375 0.3525390625 0.0126953125 0.02734375
0 0.26953125 0.455078125 0.0732421875 0.0830078125
0 0.37890625 0.392578125 0.013671875 0.025390625