2 0.806640625 0.859375 0.15625 0.080078125
1 0.6728515625 0.60546875 0.3955078125 0.388671875
1 0.380859375 0.4541015625 0.130859375 0.1865234375
1 0.287109375 0.3115234375 0.025390625 0.033203125
1 0.287109375 0.73046875 0.3564453125 0.5224609375
1 0.537109375 0.4404296875 0.1357421875 0.1865234375
1 0.244140625 0.3134765625 0.025390625 0.0390625
1 0.318359375 0.2998046875 0.0126953125 0.0166015625
1 0.0927734375 0.568359375 0.1796875 0.4365234375
1 0.1875 0.3779296875 0.087890625 0.111328125
1 0.310546875 0.318359375 0.021484375 0.0302734375
1 0.693359375 0.369140625 0.111328125 0.1279296875
1 0.484375 0.31640625 0.046875 0.0830078125
1 0.9677734375 0.3037109375 0.0234375 0.046875
1 0.9345703125 0.404296875 0.130859375 0.22265625
1 0.755859375 0.29296875 0.0390625 0.0634765625
1 0.7939453125 0.3125 0.056640625 0.091796875
1 0.5986328125 0.298828125 0.0185546875 0.0302734375
0 0.4794921875 0.451171875 0.041015625 0.0361328125
1 0.267578125 0.318359375 0.017578125 0.01953125
1 0.353515625 0.30859375 0.015625 0.02734375
1 0.279296875 0.3662109375 0.0732421875 0.10546875
0 0.916015625 0.5419921875 0.1123046875 0.0498046875
1 0.5791015625 0.318359375 0.033203125 0.0751953125
0 0.0888671875 0.9404296875 0.1533203125 0.119140625
1 0.712890625 0.28515625 0.029296875 0.05859375
1 0.412109375 0.3525390625 0.029296875 0.072265625
1 0.875 0.3037109375 0.056640625 0.0859375
1 0.6875 0.3125 0.025390625 0.05859375
0 0.443359375 0.568359375 0.0546875 0.0361328125
0 0.529296875 0.5400390625 0.111328125 0.05859375
1 0.09375 0.3837890625 0.056640625 0.06640625
1 0.443359375 0.2919921875 0.017578125 0.033203125
0 0.4111328125 0.39453125 0.025390625 0.0224609375
1 0.65625 0.3037109375 0.03125 0.052734375
0 0.357421875 0.9375 0.1357421875 0.125
1 0.5234375 0.31640625 0.0283203125 0.0556640625
1 0.5498046875 0.34765625 0.03125 0.0556640625
0 0.3857421875 0.5400390625 0.052734375 0.0361328125
0 0.48828125 0.400390625 0.029296875 0.0166015625
1 0.189453125 0.318359375 0.0341796875 0.052734375
0 0.3564453125 0.3515625 0.025390625 0.025390625
0 0.4736328125 0.359375 0.0185546875 0.01953125
1 0.943359375 0.3232421875 0.0419921875 0.05859375
1 0.625 0.287109375 0.025390625 0.0419921875
0 0.6103515625 0.35546875 0.029296875 0.02734375
0 0.78125 0.3447265625 0.0185546875 0.0107421875
0 0.2607421875 0.8427734375 0.1279296875 0.0751953125
0 0.4287109375 0.4208984375 0.029296875 0.0361328125
0 0.580078125 0.3515625 0.0126953125 0.013671875
0 0.62890625 0.4052734375 0.029296875 0.02734375
1 0.3125 0.341796875 0.0185546875 0.0224609375
1 0.0224609375 0.486328125 0.0419921875 0.06640625
1 0.73046875 0.31640625 0.0205078125 0.02734375
1 0.8134765625 0.3037109375 0.013671875 0.025390625
0 0.3310546875 0.3525390625 0.025390625 0.044921875
1 0.34375 0.4013671875 0.0126953125 0.025390625