0 0.833984375 0.927734375 0.166015625 0.0830078125
1 0.6767578125 0.65234375 0.427734375 0.4111328125
1 0.3701171875 0.4794921875 0.1591796875 0.1865234375
1 0.5556640625 0.455078125 0.1298828125 0.177734375
1 0.7177734375 0.4072265625 0.111328125 0.169921875
1 0.494140625 0.31640625 0.0126953125 0.0224609375
1 0.556640625 0.361328125 0.037109375 0.044921875
1 0.6435546875 0.31640625 0.0185546875 0.02734375
1 0.8935546875 0.341796875 0.056640625 0.0947265625
1 0.486328125 0.33984375 0.021484375 0.0419921875
1 0.34765625 0.3544921875 0.048828125 0.0859375
1 0.810546875 0.3330078125 0.064453125 0.0830078125
1 0.2294921875 0.3486328125 0.046875 0.0693359375
1 0.8466796875 0.3662109375 0.046875 0.0556640625
1 0.9462890625 0.447265625 0.107421875 0.23046875
1 0.6689453125 0.318359375 0.0185546875 0.0302734375
1 0.193359375 0.455078125 0.123046875 0.244140625
0 0.244140625 0.9501953125 0.158203125 0.099609375
1 0.076171875 0.505859375 0.150390625 0.2607421875
1 0.189453125 0.3544921875 0.03125 0.0419921875
1 0.82421875 0.4677734375 0.1513671875 0.2080078125
1 0.2802734375 0.3427734375 0.017578125 0.0419921875
1 0.2802734375 0.4287109375 0.076171875 0.1640625
1 0.4345703125 0.33984375 0.037109375 0.046875
1 0.587890625 0.328125 0.0439453125 0.072265625
0 0.3798828125 0.9423828125 0.099609375 0.115234375
1 0.72265625 0.328125 0.048828125 0.078125
0 0.8828125 0.6025390625 0.162109375 0.0830078125
1 0.62890625 0.3427734375 0.0576171875 0.0859375
0 0.4794921875 0.4833984375 0.046875 0.0390625
1 0.2314453125 0.7802734375 0.4189453125 0.421875
0 0.4072265625 0.4375 0.0263671875 0.0302734375
0 0.439453125 0.611328125 0.052734375 0.044921875
0 0.53125 0.5751953125 0.119140625 0.0556640625
0 0.3662109375 0.576171875 0.1142578125 0.052734375
0 0.4921875 0.4287109375 0.03125 0.01953125
1 0.4619140625 0.3486328125 0.0234375 0.0302734375
0 0.2939453125 0.5732421875 0.0498046875 0.0419921875
1 0.693359375 0.357421875 0.029296875 0.046875
1 0.306640625 0.3427734375 0.0126953125 0.0302734375
1 0.775390625 0.3056640625 0.0185546875 0.02734375
0 0.462890625 0.392578125 0.0390625 0.025390625
1 0.03125 0.3974609375 0.056640625 0.06640625
1 0.517578125 0.3330078125 0.029296875 0.0498046875
1 0.662109375 0.357421875 0.025390625 0.046875
0 0.7939453125 0.3779296875 0.025390625 0.0166015625
0 0.0380859375 0.546875 0.076171875 0.0556640625
0 0.611328125 0.3916015625 0.029296875 0.0224609375
0 0.30078125 0.5 0.0234375 0.033203125
0 0.2822265625 0.4306640625 0.0390625 0.0224609375
0 0.587890625 0.4541015625 0.0234375 0.0302734375
1 0.587890625 0.388671875 0.0263671875 0.0498046875
0 0.2314453125 0.3974609375 0.0185546875 0.033203125
1 0.8466796875 0.328125 0.015625 0.033203125
0 0.646484375 0.4267578125 0.037109375 0.025390625
0 0.3251953125 0.421875 0.03125 0.044921875
1 0.3447265625 0.3486328125 0.013671875 0.01953125
2 0.630859375 0.482421875 0.0185546875 0.0361328125
1 0.97265625 0.3720703125 0.048828125 0.044921875
1 0.5986328125 0.3193359375 0.0126953125 0.0224609375
2 0.81640625 0.3681640625 0.017578125 0.01953125
2 0.4599609375 0.9541015625 0.0234375 0.0859375
0 0.79296875 0.3291015625 0.0205078125 0.01953125