2 0.8056640625 0.8623046875 0.1513671875 0.0751953125
1 0.654296875 0.62890625 0.4013671875 0.3525390625
1 0.306640625 0.6455078125 0.3076171875 0.4140625
1 0.310546875 0.2958984375 0.0126953125 0.025390625
1 0.5322265625 0.453125 0.1513671875 0.1611328125
1 0.0830078125 0.6044921875 0.166015625 0.5029296875
1 0.6923828125 0.37890625 0.1123046875 0.158203125
1 0.38671875 0.4541015625 0.107421875 0.158203125
1 0.4619140625 0.3232421875 0.0419921875 0.0693359375
1 0.2412109375 0.3291015625 0.0234375 0.0302734375
1 0.7998046875 0.26953125 0.0185546875 0.02734375
1 0.2880859375 0.326171875 0.0234375 0.0361328125
1 0.7080078125 0.267578125 0.015625 0.01953125
1 0.82421875 0.453125 0.2138671875 0.216796875
1 0.5 0.337890625 0.056640625 0.1083984375
1 0.6103515625 0.31640625 0.0517578125 0.0888671875
1 0.5986328125 0.3056640625 0.015625 0.02734375
1 0.4345703125 0.3125 0.021484375 0.0302734375
1 0.880859375 0.3388671875 0.0517578125 0.0888671875
1 0.2158203125 0.380859375 0.103515625 0.1552734375
1 0.6357421875 0.302734375 0.015625 0.0390625
1 0.3251953125 0.3388671875 0.056640625 0.0888671875
1 0.3798828125 0.33984375 0.0185546875 0.05859375
1 0.662109375 0.302734375 0.037109375 0.0615234375
1 0.576171875 0.318359375 0.0283203125 0.0634765625
1 0.978515625 0.3037109375 0.017578125 0.0419921875
1 0.779296875 0.3154296875 0.044921875 0.1083984375
0 0.478515625 0.451171875 0.037109375 0.0361328125
1 0.8857421875 0.2802734375 0.0126953125 0.0224609375
1 0.2470703125 0.361328125 0.0283203125 0.044921875
1 0.107421875 0.3916015625 0.0859375 0.0830078125
0 0.86328125 0.5615234375 0.076171875 0.044921875
1 0.705078125 0.3056640625 0.044921875 0.078125
1 0.9814453125 0.3740234375 0.037109375 0.1083984375
0 0.412109375 0.39453125 0.0185546875 0.0224609375
0 0.1875 0.9052734375 0.244140625 0.177734375
0 0.443359375 0.568359375 0.0546875 0.0361328125
0 0.529296875 0.5361328125 0.095703125 0.0556640625
1 0.7451171875 0.306640625 0.025390625 0.0419921875
0 0.423828125 0.4169921875 0.025390625 0.0390625
0 0.498046875 0.400390625 0.025390625 0.0166015625
1 0.955078125 0.3359375 0.0390625 0.0556640625
0 0.3984375 0.5419921875 0.0341796875 0.033203125
0 0.3017578125 0.3955078125 0.025390625 0.013671875
0 0.470703125 0.359375 0.021484375 0.01953125
1 0.4951171875 0.3115234375 0.015625 0.0224609375
0 0.576171875 0.4306640625 0.03125 0.0390625
1 0.7548828125 0.2802734375 0.0185546875 0.02734375
0 0.361328125 0.3427734375 0.0263671875 0.01953125
0 0.6279296875 0.3916015625 0.03125 0.0224609375
2 0.671875 0.4482421875 0.021484375 0.01953125
0 0.373046875 0.892578125 0.134765625 0.2138671875
0 0.888671875 0.37890625 0.03125 0.01953125
1 0.197265625 0.3212890625 0.029296875 0.0361328125
1 0.857421875 0.3037109375 0.0205078125 0.0361328125
1 0.5126953125 0.2919921875 0.0185546875 0.0390625
0 0.6103515625 0.35546875 0.0205078125 0.0224609375
0 0.580078125 0.3525390625 0.013671875 0.0107421875
0 0.7548828125 0.4052734375 0.025390625 0.02734375
0 0.1552734375 0.4287109375 0.0205078125 0.01953125
0 0.30078125 0.9345703125 0.033203125 0.130859375
2 0.6005859375 0.44140625 0.0234375 0.0224609375
0 0.759765625 0.33203125 0.0126953125 0.01953125
0 0.326171875 0.3662109375 0.017578125 0.0166015625
0 0.904296875 0.3486328125 0.017578125 0.0419921875
1 0.654296875 0.349609375 0.0283203125 0.044921875
1 0.193359375 0.375 0.025390625 0.0556640625