2 0.833984375 0.923828125 0.166015625 0.080078125
1 0.255859375 0.7392578125 0.4140625 0.421875
1 0.7373046875 0.3095703125 0.0185546875 0.01953125
1 0.6474609375 0.318359375 0.017578125 0.025390625
1 0.435546875 0.4013671875 0.103515625 0.1357421875
1 0.853515625 0.455078125 0.2265625 0.27734375
1 0.966796875 0.4248046875 0.0654296875 0.205078125
1 0.701171875 0.4140625 0.1171875 0.1884765625
1 0.560546875 0.4794921875 0.201171875 0.169921875
1 0.6943359375 0.69140625 0.4765625 0.322265625
1 0.505859375 0.330078125 0.013671875 0.033203125
1 0.7724609375 0.3447265625 0.048828125 0.1162109375
1 0.9013671875 0.3427734375 0.0595703125 0.091796875
1 0.2880859375 0.3427734375 0.0205078125 0.0302734375
1 0.0732421875 0.505859375 0.1435546875 0.2666015625
1 0.7119140625 0.341796875 0.0205078125 0.044921875
1 0.1875 0.443359375 0.119140625 0.2138671875
1 0.4892578125 0.3427734375 0.021484375 0.0302734375
1 0.275390625 0.4169921875 0.0830078125 0.2109375
1 0.4384765625 0.3330078125 0.0234375 0.0390625
1 0.2314453125 0.361328125 0.025390625 0.044921875
1 0.818359375 0.330078125 0.0576171875 0.0830078125
1 0.591796875 0.328125 0.013671875 0.02734375
1 0.462890625 0.341796875 0.0263671875 0.0498046875
1 0.34375 0.3720703125 0.056640625 0.10546875
1 0.017578125 0.3818359375 0.0341796875 0.025390625
0 0.478515625 0.482421875 0.046875 0.0419921875
1 0.162109375 0.35546875 0.0390625 0.0556640625
1 0.85546875 0.3291015625 0.033203125 0.0302734375
1 0.9609375 0.6611328125 0.078125 0.35546875
0 0.884765625 0.611328125 0.1220703125 0.10546875
1 0.193359375 0.3681640625 0.0361328125 0.052734375
1 0.3447265625 0.326171875 0.017578125 0.025390625
0 0.5009765625 0.580078125 0.0390625 0.0390625
0 0.4892578125 0.4306640625 0.0283203125 0.0224609375
0 0.40625 0.4345703125 0.03125 0.0419921875
0 0.439453125 0.6083984375 0.052734375 0.0390625
0 0.384765625 0.580078125 0.0732421875 0.044921875
1 0.63671875 0.365234375 0.029296875 0.0302734375
1 0.669921875 0.330078125 0.0205078125 0.0498046875
0 0.70703125 0.4765625 0.0576171875 0.0361328125
1 0.6806640625 0.3662109375 0.033203125 0.0498046875
1 0.5947265625 0.37890625 0.0234375 0.0302734375
1 0.3671875 0.35546875 0.015625 0.033203125
1 0.5625 0.388671875 0.037109375 0.0615234375
0 0.2802734375 0.423828125 0.048828125 0.0302734375
0 0.41796875 0.46484375 0.033203125 0.01953125
0 0.2431640625 0.4208984375 0.0263671875 0.013671875
0 0.642578125 0.4248046875 0.041015625 0.0166015625
1 0.60546875 0.3291015625 0.017578125 0.0302734375
0 0.6103515625 0.39453125 0.0234375 0.0166015625
0 0.7978515625 0.37890625 0.0234375 0.01953125
0 0.4580078125 0.384765625 0.0185546875 0.01953125
0 0.619140625 0.5537109375 0.0625 0.0361328125
2 0.587890625 0.572265625 0.0390625 0.0166015625
1 0.3076171875 0.35546875 0.0185546875 0.02734375
0 0.30078125 0.49609375 0.0205078125 0.025390625
0 0.0068359375 0.505859375 0.013671875 0.0390625
1 0.603515625 0.3544921875 0.0185546875 0.025390625
0 0.2265625 0.404296875 0.0283203125 0.025390625
0 0.125 0.4501953125 0.0439453125 0.044921875
2 0.044921875 0.9384765625 0.044921875 0.0498046875
2 0.5634765625 0.5625 0.044921875 0.025390625