2 0.8349609375 0.927734375 0.1640625 0.0830078125
1 0.685546875 0.6337890625 0.3955078125 0.4501953125
1 0.3916015625 0.4765625 0.123046875 0.224609375
1 0.7314453125 0.318359375 0.0185546875 0.0302734375
1 0.173828125 0.392578125 0.0888671875 0.130859375
1 0.5068359375 0.384765625 0.060546875 0.130859375
1 0.3095703125 0.365234375 0.046875 0.0751953125
1 0.7412109375 0.3916015625 0.0888671875 0.1279296875
1 0.0712890625 0.6640625 0.142578125 0.572265625
1 0.462890625 0.3486328125 0.0498046875 0.080078125
1 0.8916015625 0.3291015625 0.064453125 0.0751953125
1 0.3056640625 0.3232421875 0.017578125 0.01953125
1 0.9482421875 0.453125 0.103515625 0.2333984375
1 0.3564453125 0.337890625 0.037109375 0.05859375
0 0.2060546875 0.9306640625 0.244140625 0.1279296875
1 0.76171875 0.3193359375 0.048828125 0.06640625
1 0.591796875 0.341796875 0.0439453125 0.078125
1 0.4189453125 0.3525390625 0.0498046875 0.072265625
1 0.6572265625 0.375 0.0830078125 0.10546875
1 0.232421875 0.3515625 0.0263671875 0.0361328125
1 0.0556640625 0.404296875 0.0830078125 0.0751953125
1 0.9248046875 0.3544921875 0.03125 0.05859375
1 0.818359375 0.33984375 0.0732421875 0.091796875
1 0.6376953125 0.31640625 0.0185546875 0.02734375
1 0.275390625 0.33984375 0.025390625 0.0361328125
1 0.1611328125 0.341796875 0.0341796875 0.033203125
0 0.443359375 0.6083984375 0.048828125 0.0390625
0 0.478515625 0.482421875 0.044921875 0.0419921875
1 0.673828125 0.3154296875 0.0205078125 0.0361328125
1 0.8330078125 0.3115234375 0.0185546875 0.033203125
0 0.384765625 0.9423828125 0.1015625 0.115234375
0 0.9248046875 0.576171875 0.119140625 0.052734375
1 0.986328125 0.341796875 0.0263671875 0.0498046875
2 0.529296875 0.5927734375 0.0419921875 0.046875
1 0.193359375 0.3623046875 0.025390625 0.0302734375
1 0.951171875 0.705078125 0.091796875 0.2724609375
1 0.6875 0.3427734375 0.0185546875 0.0361328125
0 0.609375 0.392578125 0.0283203125 0.025390625
0 0.1875 0.466796875 0.0751953125 0.0556640625
0 0.0390625 0.548828125 0.078125 0.052734375
0 0.462890625 0.392578125 0.029296875 0.025390625
0 0.7431640625 0.4541015625 0.033203125 0.025390625
0 0.41015625 0.4306640625 0.029296875 0.0224609375
0 0.849609375 0.3662109375 0.0263671875 0.0224609375
0 0.044921875 0.5927734375 0.0888671875 0.0634765625
0 0.322265625 0.4052734375 0.0205078125 0.0166015625
0 0.447265625 0.4775390625 0.0263671875 0.0166015625
0 0.4921875 0.4287109375 0.0185546875 0.013671875
1 0.9765625 0.3876953125 0.041015625 0.05859375
1 0.5693359375 0.3740234375 0.013671875 0.0302734375
0 0.92578125 0.41015625 0.0205078125 0.0302734375
1 0.705078125 0.35546875 0.013671875 0.02734375
1 0.525390625 0.35546875 0.0185546875 0.02734375
1 0.224609375 0.3681640625 0.0078125 0.01953125
1 0.9091796875 0.3486328125 0.0126953125 0.0302734375
0 0.150390625 0.4609375 0.0234375 0.0166015625
0 0.3388671875 0.37109375 0.0283203125 0.025390625
0 0.1162109375 0.4501953125 0.0361328125 0.033203125