2 0.8349609375 0.923828125 0.1640625 0.080078125
1 0.6767578125 0.6650390625 0.427734375 0.3916015625
1 0.880859375 0.486328125 0.2138671875 0.255859375
1 0.6669921875 0.318359375 0.021484375 0.0302734375
1 0.251953125 0.705078125 0.4189453125 0.5
1 0.541015625 0.4775390625 0.15625 0.177734375
1 0.59375 0.318359375 0.0185546875 0.0302734375
1 0.494140625 0.3427734375 0.025390625 0.0419921875
1 0.7109375 0.41796875 0.125 0.1640625
1 0.41796875 0.37890625 0.0517578125 0.09765625
1 0.369140625 0.47265625 0.150390625 0.205078125
1 0.28125 0.3525390625 0.025390625 0.0390625
1 0.7197265625 0.306640625 0.017578125 0.025390625
1 0.322265625 0.3544921875 0.056640625 0.1025390625
1 0.5029296875 0.3134765625 0.015625 0.02734375
1 0.0634765625 0.45703125 0.126953125 0.15234375
1 0.904296875 0.3232421875 0.0283203125 0.0419921875
1 0.185546875 0.423828125 0.1220703125 0.158203125
1 0.767578125 0.31640625 0.0439453125 0.078125
1 0.8154296875 0.3330078125 0.0595703125 0.099609375
1 0.5791015625 0.3388671875 0.0234375 0.0390625
1 0.4609375 0.330078125 0.0283203125 0.044921875
1 0.228515625 0.3544921875 0.0263671875 0.052734375
1 0.712890625 0.341796875 0.0361328125 0.0556640625
1 0.9296875 0.3427734375 0.03125 0.0693359375
1 0.9736328125 0.341796875 0.0498046875 0.0830078125
0 0.478515625 0.482421875 0.0419921875 0.0419921875
1 0.630859375 0.3427734375 0.0439453125 0.0751953125
1 0.5537109375 0.3681640625 0.0390625 0.0751953125
0 0.4384765625 0.6083984375 0.0546875 0.0390625
1 0.0498046875 0.384765625 0.0498046875 0.05859375
0 0.3798828125 0.9404296875 0.109375 0.119140625
1 0.8662109375 0.3525390625 0.0517578125 0.06640625
1 0.3486328125 0.3427734375 0.025390625 0.0419921875
0 0.517578125 0.580078125 0.0966796875 0.044921875
1 0.2783203125 0.4013671875 0.046875 0.09765625
0 0.37890625 0.576171875 0.0517578125 0.0361328125
0 0.205078125 0.455078125 0.0439453125 0.033203125
0 0.3251953125 0.404296875 0.025390625 0.013671875
0 0.88671875 0.6162109375 0.048828125 0.02734375
1 0.603515625 0.3447265625 0.0185546875 0.033203125
2 0.611328125 0.4775390625 0.021484375 0.0224609375
0 0.60546875 0.3984375 0.0263671875 0.01953125
1 0.2529296875 0.37890625 0.0283203125 0.0361328125
1 0.525390625 0.3251953125 0.03125 0.044921875
1 0.171875 0.330078125 0.037109375 0.0498046875
0 0.642578125 0.421875 0.0419921875 0.0166015625
0 0.34765625 0.3720703125 0.017578125 0.0166015625
0 0.40625 0.4306640625 0.025390625 0.0224609375
0 0.693359375 0.47265625 0.0498046875 0.0166015625
2 0.630859375 0.484375 0.0234375 0.0419921875
0 0.775390625 0.443359375 0.0419921875 0.0419921875
0 0.599609375 0.5556640625 0.0185546875 0.0166015625
0 0.130859375 0.423828125 0.0126953125 0.01953125
0 0.798828125 0.37890625 0.0185546875 0.013671875
1 0.669921875 0.3759765625 0.0263671875 0.046875
0 0.7685546875 0.4765625 0.0439453125 0.0361328125
1 0.84375 0.3662109375 0.0126953125 0.02734375
0 0.7861328125 0.3955078125 0.015625 0.013671875
2 0.568359375 0.5302734375 0.0234375 0.033203125