2 0.833984375 0.923828125 0.166015625 0.080078125
1 0.8681640625 0.5029296875 0.2607421875 0.25
1 0.73046875 0.3154296875 0.0234375 0.025390625
1 0.369140625 0.4892578125 0.162109375 0.1884765625
1 0.70703125 0.412109375 0.1142578125 0.169921875
1 0.548828125 0.48046875 0.185546875 0.1669921875
1 0.6435546875 0.318359375 0.0185546875 0.0302734375
1 0.287109375 0.3447265625 0.0263671875 0.0498046875
1 0.455078125 0.34765625 0.048828125 0.0830078125
1 0.681640625 0.701171875 0.462890625 0.34765625
1 0.587890625 0.330078125 0.0234375 0.0498046875
1 0.193359375 0.4443359375 0.119140625 0.2109375
1 0.205078125 0.7724609375 0.396484375 0.4443359375
1 0.423828125 0.3388671875 0.03125 0.0498046875
1 0.076171875 0.4677734375 0.142578125 0.302734375
1 0.623046875 0.35546875 0.068359375 0.078125
1 0.822265625 0.3154296875 0.0234375 0.046875
1 0.826171875 0.35546875 0.109375 0.1611328125
1 0.2353515625 0.3544921875 0.0234375 0.0419921875
1 0.4951171875 0.359375 0.0654296875 0.158203125
1 0.712890625 0.341796875 0.025390625 0.044921875
1 0.3232421875 0.3662109375 0.056640625 0.078125
0 0.470703125 0.4794921875 0.052734375 0.046875
1 0.525390625 0.345703125 0.0263671875 0.05859375
0 0.375 0.580078125 0.0625 0.033203125
1 0.89453125 0.3330078125 0.0390625 0.0830078125
1 0.662109375 0.330078125 0.037109375 0.0888671875
1 0.9716796875 0.3427734375 0.052734375 0.0859375
1 0.951171875 0.697265625 0.087890625 0.283203125
0 0.4384765625 0.607421875 0.0546875 0.0419921875
1 0.775390625 0.3056640625 0.0205078125 0.02734375
0 0.541015625 0.580078125 0.126953125 0.0498046875
0 0.3486328125 0.380859375 0.025390625 0.0224609375
0 0.7802734375 0.44140625 0.0419921875 0.033203125
0 0.4873046875 0.4306640625 0.03125 0.0224609375
0 0.6474609375 0.423828125 0.033203125 0.01953125
1 0.5537109375 0.3720703125 0.0361328125 0.0556640625
1 0.7607421875 0.3232421875 0.0185546875 0.0302734375
0 0.69921875 0.4794921875 0.048828125 0.0302734375
1 0.2705078125 0.3984375 0.0595703125 0.0693359375
0 0.0419921875 0.5947265625 0.083984375 0.0615234375
1 0.3232421875 0.357421875 0.0126953125 0.025390625
0 0.0078125 0.4912109375 0.015625 0.0166015625
0 0.9287109375 0.578125 0.0546875 0.02734375
0 0.611328125 0.39453125 0.033203125 0.0166015625
1 0.607421875 0.33984375 0.013671875 0.01953125
0 0.591796875 0.462890625 0.0205078125 0.0419921875
2 0.0205078125 0.9287109375 0.041015625 0.0693359375
0 0.2919921875 0.568359375 0.056640625 0.0302734375
0 0.041015625 0.55078125 0.08203125 0.046875
0 0.666015625 0.384765625 0.029296875 0.0302734375
0 0.4609375 0.3916015625 0.0283203125 0.0224609375
0 0.42578125 0.9169921875 0.0576171875 0.150390625
0 0.30078125 0.5 0.0234375 0.033203125
0 0.42578125 0.4482421875 0.029296875 0.0419921875
0 0.619140625 0.486328125 0.033203125 0.033203125
1 0.697265625 0.345703125 0.017578125 0.025390625
0 0.76953125 0.3544921875 0.013671875 0.01953125
0 0.9375 0.349609375 0.0498046875 0.0166015625
0 0.921875 0.380859375 0.0283203125 0.0390625
0 0.6796875 0.3359375 0.015625 0.0166015625