0 0.8056640625 0.8623046875 0.1513671875 0.0751953125
1 0.65625 0.642578125 0.3876953125 0.3359375
1 0.275390625 0.7177734375 0.357421875 0.4912109375
1 0.8115234375 0.283203125 0.0205078125 0.033203125
1 0.716796875 0.294921875 0.0205078125 0.033203125
1 0.373046875 0.453125 0.1298828125 0.1611328125
1 0.50390625 0.3427734375 0.0517578125 0.09765625
1 0.697265625 0.380859375 0.1142578125 0.1669921875
1 0.8818359375 0.330078125 0.0517578125 0.0947265625
1 0.2099609375 0.408203125 0.1171875 0.2001953125
1 0.4443359375 0.3759765625 0.091796875 0.1474609375
1 0.283203125 0.328125 0.025390625 0.0390625
1 0.697265625 0.318359375 0.0263671875 0.052734375
1 0.630859375 0.29296875 0.0185546875 0.025390625
1 0.244140625 0.33984375 0.0263671875 0.046875
1 0.525390625 0.318359375 0.0185546875 0.0361328125
1 0.087890625 0.46484375 0.1689453125 0.2470703125
1 0.6279296875 0.3251953125 0.0283203125 0.0498046875
1 0.7529296875 0.3037109375 0.0498046875 0.0859375
1 0.462890625 0.318359375 0.025390625 0.0634765625
1 0.9345703125 0.412109375 0.130859375 0.23046875
1 0.5 0.298828125 0.0126953125 0.0302734375
1 0.3310546875 0.341796875 0.0625 0.1162109375
1 0.986328125 0.2919921875 0.0205078125 0.033203125
1 0.599609375 0.306640625 0.0205078125 0.0419921875
0 0.9130859375 0.5322265625 0.138671875 0.05859375
0 0.443359375 0.568359375 0.0498046875 0.0361328125
1 0.5791015625 0.3037109375 0.0263671875 0.052734375
0 0.357421875 0.91796875 0.142578125 0.15234375
0 0.3857421875 0.529296875 0.0625 0.052734375
0 0.5927734375 0.466796875 0.0732421875 0.044921875
0 0.412109375 0.3916015625 0.025390625 0.0224609375
0 0.5029296875 0.5400390625 0.041015625 0.052734375
0 0.423828125 0.419921875 0.025390625 0.033203125
1 0.791015625 0.318359375 0.048828125 0.0751953125
1 0.9384765625 0.662109375 0.1201171875 0.2412109375
1 0.95703125 0.3291015625 0.0419921875 0.046875
1 0.373046875 0.341796875 0.0234375 0.0556640625
1 0.650390625 0.29296875 0.0185546875 0.0419921875
0 0.53515625 0.5205078125 0.0517578125 0.025390625
1 0.5869140625 0.3662109375 0.029296875 0.0615234375
0 0.6826171875 0.4443359375 0.03125 0.0224609375
0 0.455078125 0.4443359375 0.0673828125 0.033203125
0 0.494140625 0.40234375 0.0234375 0.0166015625
0 0.3037109375 0.3955078125 0.0234375 0.013671875
0 0.1875 0.4248046875 0.03125 0.0166015625
0 0.1533203125 0.4306640625 0.015625 0.0166015625
0 0.607421875 0.35546875 0.0205078125 0.0224609375
0 0.78125 0.3427734375 0.0185546875 0.013671875
2 0.39453125 0.9736328125 0.0361328125 0.0419921875
0 0.623046875 0.380859375 0.0341796875 0.02734375
1 0.5166015625 0.29296875 0.017578125 0.025390625
0 0.212890625 0.341796875 0.025390625 0.0166015625
0 0.88671875 0.37890625 0.0419921875 0.01953125
1 0.3447265625 0.3212890625 0.013671875 0.025390625
0 0.2880859375 0.4306640625 0.0576171875 0.0888671875