2 0.8349609375 0.9267578125 0.1640625 0.0859375
1 0.654296875 0.6240234375 0.3779296875 0.4697265625
1 0.236328125 0.7724609375 0.455078125 0.4443359375
1 0.3720703125 0.4794921875 0.140625 0.19140625
1 0.849609375 0.470703125 0.154296875 0.224609375
1 0.48828125 0.341796875 0.0205078125 0.0390625
1 0.431640625 0.3291015625 0.0205078125 0.0419921875
1 0.732421875 0.3291015625 0.0234375 0.046875
1 0.9541015625 0.453125 0.091796875 0.203125
1 0.076171875 0.5166015625 0.150390625 0.2607421875
1 0.650390625 0.3818359375 0.0888671875 0.119140625
1 0.6728515625 0.318359375 0.0205078125 0.0361328125
1 0.505859375 0.3759765625 0.068359375 0.1474609375
1 0.185546875 0.4541015625 0.130859375 0.23046875
1 0.2822265625 0.4169921875 0.091796875 0.2001953125
1 0.0654296875 0.4013671875 0.0751953125 0.0751953125
1 0.7666015625 0.3232421875 0.044921875 0.080078125
1 0.21875 0.3662109375 0.03125 0.044921875
0 0.31640625 0.9599609375 0.1669921875 0.080078125
1 0.6435546875 0.31640625 0.0185546875 0.033203125
1 0.9716796875 0.33984375 0.056640625 0.0859375
1 0.822265625 0.3330078125 0.076171875 0.0888671875
1 0.162109375 0.3544921875 0.0361328125 0.052734375
1 0.3017578125 0.3486328125 0.025390625 0.052734375
1 0.712890625 0.3515625 0.03125 0.0634765625
1 0.28125 0.3388671875 0.0185546875 0.033203125
0 0.4755859375 0.4833984375 0.0390625 0.0390625
1 0.3544921875 0.341796875 0.0439453125 0.072265625
0 0.8701171875 0.59765625 0.1435546875 0.0830078125
1 0.896484375 0.328125 0.056640625 0.072265625
1 0.560546875 0.365234375 0.0390625 0.05859375
1 0.591796875 0.3388671875 0.0341796875 0.072265625
1 0.4560546875 0.341796875 0.025390625 0.044921875
1 0.75 0.3876953125 0.056640625 0.080078125
2 0.525390625 0.5927734375 0.033203125 0.0419921875
0 0.439453125 0.607421875 0.052734375 0.0419921875
1 0.2490234375 0.3740234375 0.017578125 0.0419921875
1 0.6044921875 0.41796875 0.037109375 0.091796875
0 0.376953125 0.56640625 0.0625 0.0498046875
1 0.4130859375 0.3681640625 0.048828125 0.09765625
0 0.5234375 0.5654296875 0.0751953125 0.025390625
1 0.525390625 0.3232421875 0.017578125 0.0419921875
0 0.4658203125 0.388671875 0.025390625 0.0224609375
0 0.330078125 0.404296875 0.0205078125 0.013671875
0 0.947265625 0.55859375 0.0439453125 0.033203125
0 0.6494140625 0.41796875 0.0419921875 0.025390625
0 0.28515625 0.5634765625 0.076171875 0.02734375
0 0.97265625 0.388671875 0.0517578125 0.0224609375
1 0.60546875 0.3037109375 0.013671875 0.0302734375
0 0.037109375 0.5419921875 0.07421875 0.052734375
1 0.8134765625 0.31640625 0.017578125 0.02734375
0 0.494140625 0.4306640625 0.0234375 0.0224609375
0 0.2001953125 0.490234375 0.0498046875 0.025390625
0 0.796875 0.3740234375 0.0283203125 0.01953125
0 0.4365234375 0.4677734375 0.048828125 0.025390625
0 0.587890625 0.37890625 0.0185546875 0.01953125
0 0.853515625 0.361328125 0.0205078125 0.0166015625
0 0.9404296875 0.3515625 0.025390625 0.025390625
1 0.322265625 0.3427734375 0.015625 0.025390625
0 0.30078125 0.505859375 0.0234375 0.044921875
1 0.607421875 0.341796875 0.017578125 0.02734375
0 0.79296875 0.328125 0.0205078125 0.0166015625
0 0.283203125 0.4287109375 0.037109375 0.025390625
0 0.2060546875 0.4541015625 0.037109375 0.0302734375
0 0.2236328125 0.404296875 0.021484375 0.0302734375