2 0.8349609375 0.923828125 0.1640625 0.080078125
1 0.236328125 0.693359375 0.357421875 0.4912109375
1 0.447265625 0.404296875 0.0810546875 0.1357421875
1 0.8505859375 0.4697265625 0.216796875 0.2275390625
1 0.6865234375 0.69140625 0.4580078125 0.3330078125
1 0.431640625 0.330078125 0.0205078125 0.02734375
1 0.556640625 0.4765625 0.1435546875 0.1640625
1 0.3818359375 0.4873046875 0.1171875 0.169921875
1 0.712890625 0.4111328125 0.1201171875 0.18359375
1 0.2685546875 0.390625 0.056640625 0.080078125
1 0.306640625 0.341796875 0.033203125 0.0556640625
1 0.8125 0.341796875 0.0810546875 0.0947265625
1 0.275390625 0.3486328125 0.0234375 0.0419921875
1 0.888671875 0.330078125 0.0732421875 0.0830078125
1 0.193359375 0.3984375 0.095703125 0.119140625
1 0.505859375 0.3681640625 0.064453125 0.119140625
1 0.0732421875 0.4169921875 0.087890625 0.10546875
1 0.353515625 0.3349609375 0.015625 0.0302734375
1 0.7177734375 0.341796875 0.0263671875 0.0615234375
1 0.583984375 0.330078125 0.037109375 0.0556640625
1 0.369140625 0.380859375 0.0263671875 0.0830078125
0 0.89453125 0.591796875 0.123046875 0.06640625
1 0.681640625 0.3115234375 0.0205078125 0.033203125
1 0.767578125 0.31640625 0.0419921875 0.044921875
1 0.4541015625 0.33984375 0.0263671875 0.052734375
1 0.650390625 0.3251953125 0.033203125 0.0556640625
1 0.5224609375 0.298828125 0.029296875 0.05859375
0 0.478515625 0.482421875 0.044921875 0.0361328125
0 0.4384765625 0.607421875 0.0546875 0.0419921875
0 0.5478515625 0.5712890625 0.126953125 0.0634765625
0 0.36328125 0.9287109375 0.185546875 0.1357421875
1 0.9560546875 0.673828125 0.0810546875 0.3193359375
0 0.154296875 0.9384765625 0.267578125 0.1220703125
1 0.6240234375 0.341796875 0.0263671875 0.0498046875
1 0.142578125 0.4111328125 0.0263671875 0.044921875
0 0.2060546875 0.453125 0.03125 0.02734375
1 0.5546875 0.3916015625 0.03125 0.044921875
0 0.4189453125 0.451171875 0.0185546875 0.0361328125
0 0.17578125 0.466796875 0.0546875 0.0390625
0 0.697265625 0.48046875 0.044921875 0.02734375
1 0.013671875 0.4541015625 0.02734375 0.119140625
0 0.4921875 0.4306640625 0.025390625 0.0166015625
0 0.466796875 0.390625 0.021484375 0.01953125
0 0.3935546875 0.5830078125 0.025390625 0.033203125
1 0.53515625 0.3544921875 0.017578125 0.0361328125
0 0.037109375 0.54296875 0.07421875 0.046875
0 0.2919921875 0.4287109375 0.021484375 0.013671875
0 0.6474609375 0.419921875 0.033203125 0.0224609375
0 0.41015625 0.4287109375 0.017578125 0.01953125
0 0.76953125 0.443359375 0.029296875 0.0302734375
0 0.1484375 0.4375 0.0283203125 0.01953125
0 0.3232421875 0.4052734375 0.025390625 0.0166015625
0 0.7734375 0.3544921875 0.015625 0.013671875
0 0.6103515625 0.3857421875 0.0205078125 0.0166015625
0 0.798828125 0.37890625 0.025390625 0.025390625
0 0.041015625 0.59765625 0.0810546875 0.0556640625
0 0.3125 0.3720703125 0.0185546875 0.0166015625
0 0.44921875 0.4794921875 0.029296875 0.01953125
0 0.61328125 0.5654296875 0.0263671875 0.0302734375
0 0.2294921875 0.3916015625 0.03125 0.0224609375
0 0.5869140625 0.45703125 0.029296875 0.0361328125
1 0.84375 0.359375 0.025390625 0.0302734375
1 0.67578125 0.3662109375 0.029296875 0.0390625
0 0.556640625 0.318359375 0.0185546875 0.0361328125
0 0.244140625 0.4287109375 0.033203125 0.025390625
0 0.494140625 0.4541015625 0.025390625 0.0361328125
2 0.818359375 0.3681640625 0.0205078125 0.01953125
0 0.787109375 0.412109375 0.03125 0.0302734375
1 0.326171875 0.3642578125 0.0185546875 0.0224609375
1 0.935546875 0.3359375 0.0234375 0.02734375
1 0.6005859375 0.341796875 0.017578125 0.0224609375
2 0.611328125 0.4775390625 0.021484375 0.0224609375
2 0.2822265625 0.9462890625 0.0205078125 0.0419921875
2 0.4599609375 0.955078125 0.0234375 0.0830078125
1 0.037109375 0.4248046875 0.0263671875 0.033203125