2 0.8056640625 0.859375 0.154296875 0.080078125
1 0.537109375 0.4384765625 0.154296875 0.1669921875
1 0.30078125 0.30859375 0.013671875 0.02734375
1 0.4375 0.3681640625 0.087890625 0.1474609375
1 0.263671875 0.654296875 0.365234375 0.4248046875
1 0.2861328125 0.3232421875 0.025390625 0.0302734375
1 0.666015625 0.6513671875 0.4189453125 0.3134765625
1 0.8232421875 0.4365234375 0.2216796875 0.216796875
1 0.6953125 0.388671875 0.119140625 0.171875
1 0.2119140625 0.392578125 0.1142578125 0.158203125
1 0.091796875 0.4248046875 0.1748046875 0.1943359375
1 0.505859375 0.3427734375 0.0625 0.119140625
1 0.5869140625 0.3115234375 0.048828125 0.0947265625
1 0.81640625 0.2919921875 0.0205078125 0.0390625
1 0.86328125 0.31640625 0.064453125 0.0947265625
1 0.35546875 0.3115234375 0.0234375 0.033203125
1 0.248046875 0.33203125 0.021484375 0.046875
1 0.9560546875 0.431640625 0.0810546875 0.19140625
0 0.380859375 0.53515625 0.060546875 0.0419921875
0 0.4755859375 0.451171875 0.0361328125 0.0361328125
1 0.7490234375 0.29296875 0.0205078125 0.025390625
1 0.6494140625 0.28515625 0.017578125 0.0302734375
1 0.1806640625 0.322265625 0.0361328125 0.044921875
0 0.4130859375 0.39453125 0.0205078125 0.0224609375
1 0.986328125 0.3134765625 0.0205078125 0.0615234375
0 0.8671875 0.544921875 0.115234375 0.072265625
0 0.236328125 0.8662109375 0.1767578125 0.150390625
0 0.4228515625 0.4169921875 0.0263671875 0.033203125
1 0.298828125 0.3662109375 0.0673828125 0.1220703125
0 0.541015625 0.5361328125 0.111328125 0.044921875
1 0.6279296875 0.3134765625 0.025390625 0.0498046875
1 0.69140625 0.2919921875 0.0263671875 0.0556640625
1 0.580078125 0.279296875 0.013671875 0.0302734375
1 0.267578125 0.3681640625 0.0283203125 0.0419921875
1 0.548828125 0.341796875 0.0341796875 0.0615234375
0 0.443359375 0.568359375 0.0517578125 0.0361328125
1 0.3349609375 0.3447265625 0.0263671875 0.0498046875
1 0.373046875 0.337890625 0.0185546875 0.05859375
0 0.6806640625 0.4462890625 0.0419921875 0.025390625
0 0.48828125 0.40234375 0.0263671875 0.0224609375
0 0.576171875 0.3486328125 0.021484375 0.0087890625
1 0.78125 0.318359375 0.0498046875 0.0859375
0 0.943359375 0.529296875 0.03125 0.025390625
1 0.4990234375 0.3125 0.013671875 0.01953125
0 0.375 0.8974609375 0.150390625 0.205078125
1 0.8291015625 0.3056640625 0.013671875 0.044921875
1 0.087890625 0.357421875 0.0263671875 0.0419921875
0 0.638671875 0.392578125 0.0263671875 0.01953125
0 0.044921875 0.515625 0.08984375 0.0546875
1 0.5966796875 0.3115234375 0.015625 0.0224609375
0 0.30078125 0.3984375 0.0205078125 0.01953125
1 0.6552734375 0.337890625 0.029296875 0.0419921875
0 0.3564453125 0.349609375 0.025390625 0.0166015625
0 0.755859375 0.4052734375 0.0263671875 0.02734375
0 0.7822265625 0.345703125 0.013671875 0.013671875
0 0.443359375 0.44140625 0.0361328125 0.0166015625
0 0.0185546875 0.4609375 0.03125 0.0166015625
1 0.7138671875 0.294921875 0.015625 0.0224609375
0 0.6064453125 0.3544921875 0.0126953125 0.025390625
0 0.603515625 0.37890625 0.0263671875 0.0419921875
0 0.9365234375 0.3427734375 0.076171875 0.0419921875
1 0.5126953125 0.29296875 0.0185546875 0.0361328125