2 0.8056640625 0.8623046875 0.1513671875 0.0751953125
1 0.8251953125 0.455078125 0.212890625 0.2333984375
1 0.26171875 0.7109375 0.3828125 0.5166015625
1 0.5478515625 0.443359375 0.1796875 0.1748046875
1 0.65625 0.64453125 0.40625 0.3330078125
1 0.6318359375 0.279296875 0.017578125 0.025390625
1 0.701171875 0.388671875 0.1142578125 0.138671875
1 0.380859375 0.451171875 0.1064453125 0.1640625
1 0.462890625 0.3291015625 0.0439453125 0.080078125
1 0.2880859375 0.318359375 0.0234375 0.0419921875
1 0.498046875 0.3115234375 0.0185546875 0.044921875
1 0.2177734375 0.3857421875 0.107421875 0.1669921875
1 0.7138671875 0.2822265625 0.0185546875 0.025390625
1 0.0947265625 0.470703125 0.1767578125 0.2587890625
1 0.748046875 0.3095703125 0.0263671875 0.0419921875
1 0.8388671875 0.341796875 0.046875 0.0498046875
1 0.2490234375 0.322265625 0.0205078125 0.044921875
1 0.0625 0.3544921875 0.037109375 0.0419921875
1 0.7978515625 0.296875 0.064453125 0.0830078125
1 0.3095703125 0.3056640625 0.015625 0.02734375
1 0.65625 0.29296875 0.03125 0.052734375
1 0.6005859375 0.31640625 0.048828125 0.078125
1 0.9169921875 0.318359375 0.0439453125 0.0751953125
1 0.705078125 0.31640625 0.033203125 0.0556640625
1 0.306640625 0.3720703125 0.064453125 0.1552734375
0 0.248046875 0.8359375 0.1435546875 0.06640625
1 0.8759765625 0.298828125 0.0361328125 0.05859375
1 0.34765625 0.306640625 0.0205078125 0.0361328125
1 0.7548828125 0.2802734375 0.021484375 0.0390625
0 0.681640625 0.443359375 0.0439453125 0.01953125
0 0.5322265625 0.5400390625 0.1015625 0.0419921875
0 0.8427734375 0.54296875 0.0703125 0.0634765625
1 0.54296875 0.3427734375 0.033203125 0.0751953125
0 0.384765625 0.5302734375 0.0595703125 0.0556640625
0 0.4755859375 0.451171875 0.0390625 0.0361328125
0 0.443359375 0.568359375 0.0517578125 0.0361328125
1 0.9873046875 0.3115234375 0.0185546875 0.0556640625
1 0.57421875 0.2958984375 0.0234375 0.0419921875
0 0.4873046875 0.3984375 0.03125 0.01953125
1 0.517578125 0.3154296875 0.033203125 0.0693359375
0 0.4248046875 0.419921875 0.025390625 0.033203125
0 0.1875 0.427734375 0.03125 0.0224609375
1 0.3681640625 0.330078125 0.0419921875 0.0888671875
1 0.65625 0.341796875 0.025390625 0.0556640625
0 0.607421875 0.3544921875 0.0205078125 0.025390625
0 0.755859375 0.4052734375 0.0263671875 0.02734375
0 0.580078125 0.3525390625 0.0185546875 0.0107421875
0 0.30078125 0.39453125 0.017578125 0.0166015625
1 0.16796875 0.3857421875 0.0234375 0.033203125
0 0.416015625 0.3974609375 0.013671875 0.0166015625
1 0.5986328125 0.3125 0.015625 0.01953125
0 0.2744140625 0.3974609375 0.048828125 0.033203125
0 0.779296875 0.3447265625 0.0234375 0.0166015625
1 0.931640625 0.4072265625 0.076171875 0.1474609375
0 0.6318359375 0.40234375 0.0361328125 0.02734375
0 0.16015625 0.4287109375 0.0234375 0.01953125
0 0.466796875 0.3623046875 0.0126953125 0.01953125
0 0.5888671875 0.3681640625 0.03125 0.0302734375
0 0.4443359375 0.4404296875 0.0390625 0.01953125
0 0.9853515625 0.5654296875 0.029296875 0.0419921875
1 0.4228515625 0.3623046875 0.033203125 0.05859375
1 0.8076171875 0.3662109375 0.0498046875 0.044921875
1 0.619140625 0.322265625 0.013671875 0.0166015625
1 0.0615234375 0.4140625 0.048828125 0.072265625
1 0.318359375 0.3291015625 0.0185546875 0.025390625
0 0.2177734375 0.4443359375 0.0517578125 0.02734375