2 0.833984375 0.923828125 0.162109375 0.080078125
1 0.66796875 0.6552734375 0.435546875 0.4169921875
1 0.880859375 0.49609375 0.232421875 0.236328125
1 0.0732421875 0.6162109375 0.1435546875 0.4609375
1 0.7353515625 0.31640625 0.0205078125 0.033203125
1 0.361328125 0.4931640625 0.1611328125 0.1865234375
1 0.560546875 0.466796875 0.1640625 0.171875
1 0.466796875 0.34765625 0.048828125 0.0947265625
1 0.279296875 0.33984375 0.025390625 0.052734375
1 0.70703125 0.400390625 0.1298828125 0.14453125
1 0.232421875 0.3623046875 0.0390625 0.080078125
1 0.4931640625 0.341796875 0.0205078125 0.033203125
1 0.1884765625 0.4462890625 0.126953125 0.224609375
1 0.3173828125 0.37890625 0.072265625 0.125
1 0.50390625 0.328125 0.013671875 0.02734375
1 0.892578125 0.3779296875 0.052734375 0.0556640625
1 0.7626953125 0.318359375 0.0439453125 0.0693359375
1 0.818359375 0.33203125 0.0625 0.091796875
1 0.0478515625 0.4013671875 0.0390625 0.046875
1 0.6689453125 0.3212890625 0.0185546875 0.025390625
1 0.8916015625 0.322265625 0.0517578125 0.06640625
1 0.8515625 0.337890625 0.021484375 0.0302734375
1 0.6435546875 0.318359375 0.0185546875 0.0361328125
1 0.580078125 0.341796875 0.029296875 0.0556640625
1 0.6201171875 0.3486328125 0.0595703125 0.080078125
1 0.560546875 0.369140625 0.0361328125 0.0498046875
0 0.48046875 0.4833984375 0.048828125 0.0390625
1 0.193359375 0.37109375 0.0439453125 0.0634765625
1 0.9404296875 0.345703125 0.0341796875 0.05859375
1 0.861328125 0.3681640625 0.0205078125 0.0302734375
0 0.4072265625 0.44140625 0.0263671875 0.033203125
1 0.34765625 0.34765625 0.0263671875 0.033203125
0 0.439453125 0.607421875 0.052734375 0.0419921875
1 0.974609375 0.35546875 0.0498046875 0.0556640625
0 0.529296875 0.5791015625 0.1201171875 0.05859375
1 0.509765625 0.3037109375 0.0126953125 0.01953125
0 0.494140625 0.4287109375 0.025390625 0.01953125
0 0.3759765625 0.5791015625 0.0703125 0.0419921875
0 0.900390625 0.6044921875 0.056640625 0.046875
1 0.525390625 0.345703125 0.03125 0.0634765625
0 0.611328125 0.39453125 0.025390625 0.0166015625
2 0.7978515625 0.43359375 0.0263671875 0.033203125
0 0.201171875 0.490234375 0.052734375 0.025390625
1 0.8115234375 0.31640625 0.017578125 0.02734375
1 0.712890625 0.3427734375 0.029296875 0.046875
0 0.642578125 0.419921875 0.0439453125 0.0224609375
0 0.3251953125 0.404296875 0.025390625 0.013671875
0 0.1875 0.455078125 0.068359375 0.033203125
1 0.3193359375 0.33984375 0.0234375 0.0361328125
0 0.798828125 0.37890625 0.0205078125 0.013671875
1 0.3056640625 0.3544921875 0.0205078125 0.025390625
1 0.84375 0.318359375 0.0185546875 0.0302734375
0 0.25 0.419921875 0.03125 0.0224609375
0 0.591796875 0.384765625 0.0263671875 0.01953125
0 0.505859375 0.48046875 0.0185546875 0.0224609375
0 0.79296875 0.3984375 0.029296875 0.0302734375
1 0.2626953125 0.3681640625 0.0126953125 0.0302734375
2 0.42578125 0.466796875 0.0205078125 0.0166015625
0 0.7685546875 0.4736328125 0.0439453125 0.0419921875
0 0.330078125 0.4287109375 0.0107421875 0.025390625
1 0.830078125 0.318359375 0.013671875 0.025390625
0 0.275390625 0.466796875 0.060546875 0.0947265625
1 0.603515625 0.3525390625 0.015625 0.0224609375