2 0.8056640625 0.8623046875 0.1513671875 0.0751953125
1 0.6572265625 0.607421875 0.3955078125 0.40234375
1 0.8125 0.279296875 0.0185546875 0.025390625
1 0.283203125 0.3232421875 0.021484375 0.0419921875
1 0.369140625 0.4541015625 0.130859375 0.1640625
1 0.7177734375 0.2734375 0.013671875 0.01953125
1 0.2568359375 0.736328125 0.4111328125 0.494140625
1 0.4619140625 0.318359375 0.0390625 0.0751953125
1 0.248046875 0.3349609375 0.0234375 0.0419921875
1 0.8369140625 0.453125 0.201171875 0.2109375
1 0.568359375 0.375 0.0888671875 0.1337890625
1 0.50390625 0.3427734375 0.060546875 0.1083984375
1 0.9794921875 0.298828125 0.021484375 0.0302734375
1 0.310546875 0.3017578125 0.0185546875 0.0361328125
1 0.7041015625 0.3056640625 0.0419921875 0.072265625
1 0.287109375 0.3984375 0.0732421875 0.158203125
1 0.0869140625 0.4677734375 0.173828125 0.2587890625
1 0.603515625 0.306640625 0.017578125 0.0361328125
1 0.63671875 0.29296875 0.017578125 0.0361328125
1 0.65625 0.29296875 0.0185546875 0.0361328125
1 0.357421875 0.318359375 0.017578125 0.0361328125
1 0.75 0.322265625 0.056640625 0.10546875
1 0.84375 0.3427734375 0.0439453125 0.05859375
1 0.20703125 0.349609375 0.0546875 0.06640625
1 0.1884765625 0.3251953125 0.0205078125 0.0166015625
0 0.8447265625 0.5556640625 0.091796875 0.0498046875
1 0.6474609375 0.345703125 0.0673828125 0.091796875
0 0.375 0.53515625 0.0625 0.0419921875
1 0.7919921875 0.3037109375 0.0439453125 0.0751953125
1 0.5830078125 0.3056640625 0.0185546875 0.0390625
1 0.3740234375 0.330078125 0.0234375 0.0556640625
1 0.744140625 0.267578125 0.0205078125 0.0419921875
0 0.412109375 0.39453125 0.0185546875 0.0224609375
1 0.572265625 0.3056640625 0.0126953125 0.0224609375
0 0.443359375 0.568359375 0.0498046875 0.0361328125
0 0.42578125 0.41796875 0.033203125 0.0361328125
0 0.53125 0.5361328125 0.09375 0.044921875
1 0.9404296875 0.630859375 0.1123046875 0.2998046875
0 0.4736328125 0.4482421875 0.03125 0.0302734375
1 0.818359375 0.3115234375 0.025390625 0.033203125
0 0.357421875 0.345703125 0.0234375 0.025390625
0 0.466796875 0.359375 0.025390625 0.01953125
0 0.9609375 0.529296875 0.052734375 0.0361328125
1 0.873046875 0.3037109375 0.056640625 0.0751953125
0 0.576171875 0.427734375 0.03125 0.0390625
0 0.20703125 0.4365234375 0.0703125 0.0556640625
0 0.7177734375 0.4052734375 0.0361328125 0.0556640625
0 0.638671875 0.392578125 0.0263671875 0.01953125
0 0.6044921875 0.3525390625 0.0185546875 0.02734375
2 0.6015625 0.44140625 0.025390625 0.0224609375
0 0.326171875 0.3662109375 0.013671875 0.0166015625
0 0.3037109375 0.9287109375 0.0390625 0.1357421875
0 0.7490234375 0.404296875 0.0205078125 0.01953125
0 0.78125 0.3544921875 0.0185546875 0.025390625
2 0.6240234375 0.451171875 0.017578125 0.0361328125
0 0.494140625 0.4013671875 0.0234375 0.025390625
0 0.8994140625 0.3740234375 0.044921875 0.01953125
0 0.38671875 0.3662109375 0.013671875 0.0224609375
0 0.3134765625 0.4677734375 0.0234375 0.0361328125
1 0.330078125 0.3115234375 0.009765625 0.0224609375
1 0.1572265625 0.427734375 0.0234375 0.0224609375