2 0.8349609375 0.9267578125 0.1669921875 0.0859375
1 0.6748046875 0.630859375 0.4248046875 0.466796875
0 0.2255859375 0.93359375 0.216796875 0.1162109375
1 0.185546875 0.408203125 0.095703125 0.138671875
1 0.4384765625 0.400390625 0.091796875 0.1552734375
1 0.29296875 0.3681640625 0.0546875 0.0751953125
1 0.306640625 0.673828125 0.310546875 0.5693359375
1 0.5107421875 0.37890625 0.068359375 0.1416015625
1 0.76953125 0.322265625 0.044921875 0.0830078125
1 0.0751953125 0.505859375 0.150390625 0.27734375
1 0.513671875 0.306640625 0.021484375 0.0302734375
1 0.3544921875 0.3662109375 0.046875 0.10546875
1 0.21875 0.361328125 0.03125 0.044921875
1 0.625 0.3486328125 0.056640625 0.080078125
1 0.9541015625 0.4462890625 0.091796875 0.216796875
1 0.298828125 0.330078125 0.017578125 0.02734375
1 0.5791015625 0.33984375 0.044921875 0.0751953125
1 0.7431640625 0.392578125 0.0830078125 0.1025390625
1 0.2568359375 0.37890625 0.0361328125 0.05859375
1 0.89453125 0.341796875 0.060546875 0.0947265625
1 0.7421875 0.337890625 0.03125 0.0419921875
1 0.4892578125 0.341796875 0.0185546875 0.033203125
1 0.818359375 0.330078125 0.068359375 0.10546875
0 0.9091796875 0.595703125 0.1435546875 0.0751953125
1 0.7119140625 0.33984375 0.0263671875 0.052734375
1 0.671875 0.330078125 0.041015625 0.06640625
1 0.0419921875 0.39453125 0.03125 0.0498046875
0 0.478515625 0.48046875 0.044921875 0.0390625
1 0.732421875 0.302734375 0.0205078125 0.033203125
0 0.4384765625 0.611328125 0.0546875 0.044921875
0 0.3916015625 0.927734375 0.142578125 0.138671875
1 0.9794921875 0.357421875 0.041015625 0.046875
0 0.541015625 0.5634765625 0.0888671875 0.02734375
1 0.3251953125 0.3486328125 0.025390625 0.0419921875
1 0.4609375 0.33984375 0.025390625 0.0419921875
0 0.4931640625 0.4287109375 0.029296875 0.01953125
1 0.9423828125 0.349609375 0.025390625 0.044921875
1 0.3681640625 0.3544921875 0.017578125 0.0302734375
0 0.037109375 0.5458984375 0.0732421875 0.046875
1 0.275390625 0.3486328125 0.013671875 0.01953125
0 0.4267578125 0.4677734375 0.021484375 0.01953125
0 0.794921875 0.3740234375 0.0234375 0.01953125
0 0.494140625 0.5849609375 0.033203125 0.05859375
0 0.39453125 0.568359375 0.033203125 0.046875
1 0.671875 0.4169921875 0.09375 0.1552734375
2 0.5380859375 0.591796875 0.0576171875 0.044921875
0 0.7841796875 0.40234375 0.021484375 0.0166015625
0 0.607421875 0.392578125 0.033203125 0.013671875
0 0.4619140625 0.3916015625 0.0234375 0.02734375
0 0.642578125 0.423828125 0.0419921875 0.0302734375
0 0.8154296875 0.4052734375 0.0439453125 0.044921875
0 0.4501953125 0.4736328125 0.025390625 0.01953125
1 0.837890625 0.3115234375 0.0126953125 0.033203125
2 0.630859375 0.48046875 0.0126953125 0.02734375
0 0.478515625 0.41796875 0.015625 0.025390625
2 0.0205078125 0.9501953125 0.041015625 0.0947265625