0 0.83203125 0.9267578125 0.1669921875 0.0859375
1 0.66796875 0.6318359375 0.373046875 0.44140625
1 0.0791015625 0.654296875 0.154296875 0.591796875
1 0.4560546875 0.3291015625 0.025390625 0.0419921875
1 0.4541015625 0.4052734375 0.0859375 0.1552734375
1 0.6416015625 0.31640625 0.017578125 0.033203125
1 0.486328125 0.341796875 0.0419921875 0.078125
1 0.38671875 0.48046875 0.095703125 0.1669921875
1 0.2373046875 0.341796875 0.03125 0.02734375
1 0.431640625 0.3291015625 0.0185546875 0.0302734375
1 0.7685546875 0.3212890625 0.0439453125 0.0751953125
1 0.5029296875 0.3232421875 0.0126953125 0.0302734375
1 0.9677734375 0.4365234375 0.064453125 0.205078125
0 0.205078125 0.9306640625 0.21875 0.1279296875
1 0.181640625 0.37890625 0.0546875 0.091796875
1 0.310546875 0.3427734375 0.029296875 0.05859375
1 0.8349609375 0.3095703125 0.0205078125 0.0302734375
1 0.34375 0.3779296875 0.0498046875 0.138671875
1 0.7138671875 0.341796875 0.0341796875 0.0498046875
1 0.5849609375 0.3681640625 0.0419921875 0.1357421875
1 0.724609375 0.4052734375 0.0830078125 0.138671875
1 0.28515625 0.3447265625 0.0263671875 0.0498046875
1 0.892578125 0.3291015625 0.048828125 0.0693359375
0 0.478515625 0.4833984375 0.0439453125 0.0390625
0 0.3818359375 0.9375 0.1298828125 0.125
1 0.806640625 0.3681640625 0.076171875 0.1142578125
1 0.5302734375 0.3818359375 0.0732421875 0.15234375
1 0.654296875 0.3662109375 0.0673828125 0.1337890625
1 0.611328125 0.3232421875 0.0205078125 0.0419921875
0 0.4189453125 0.453125 0.0185546875 0.033203125
0 0.4384765625 0.609375 0.0546875 0.0419921875
1 0.9365234375 0.35546875 0.044921875 0.078125
0 0.4052734375 0.4287109375 0.0263671875 0.025390625
0 0.5439453125 0.5595703125 0.0625 0.0302734375
0 0.400390625 0.578125 0.03125 0.0390625
2 0.529296875 0.5927734375 0.0439453125 0.046875
1 0.728515625 0.3056640625 0.0185546875 0.02734375
0 0.1689453125 0.453125 0.037109375 0.033203125
1 0.072265625 0.412109375 0.033203125 0.0419921875
0 0.7763671875 0.443359375 0.037109375 0.0302734375
0 0.5537109375 0.537109375 0.0546875 0.0302734375
1 0.4189453125 0.357421875 0.03125 0.052734375
1 0.59375 0.3251953125 0.0126953125 0.0166015625
0 0.611328125 0.392578125 0.0234375 0.01953125
0 0.181640625 0.490234375 0.0205078125 0.01953125
1 0.736328125 0.3232421875 0.015625 0.01953125
2 0.4970703125 0.4599609375 0.0126953125 0.0302734375
0 0.8662109375 0.6181640625 0.0703125 0.0419921875
0 0.57421875 0.37890625 0.017578125 0.025390625
0 0.7626953125 0.37890625 0.025390625 0.046875
1 0.955078125 0.712890625 0.0830078125 0.2412109375
2 0.4599609375 0.955078125 0.0234375 0.0830078125
0 0.591796875 0.4638671875 0.021484375 0.0390625