2 0.83203125 0.923828125 0.1640625 0.080078125
1 0.6357421875 0.619140625 0.3623046875 0.4833984375
1 0.880859375 0.4912109375 0.232421875 0.25
1 0.3662109375 0.4931640625 0.154296875 0.1865234375
1 0.3134765625 0.3681640625 0.0546875 0.0859375
1 0.505859375 0.326171875 0.013671875 0.025390625
1 0.732421875 0.3193359375 0.0205078125 0.033203125
1 0.2314453125 0.35546875 0.0185546875 0.0390625
1 0.625 0.34765625 0.0625 0.0830078125
1 0.673828125 0.33984375 0.0439453125 0.0693359375
1 0.193359375 0.4541015625 0.123046875 0.2197265625
1 0.6103515625 0.328125 0.017578125 0.02734375
1 0.748046875 0.37890625 0.0751953125 0.1083984375
1 0.4931640625 0.3427734375 0.0234375 0.0302734375
1 0.505859375 0.3876953125 0.0732421875 0.158203125
1 0.8935546875 0.3359375 0.068359375 0.0947265625
1 0.0693359375 0.50390625 0.138671875 0.2412109375
1 0.2109375 0.7666015625 0.390625 0.4443359375
1 0.4189453125 0.341796875 0.0185546875 0.02734375
1 0.3505859375 0.3291015625 0.013671875 0.0302734375
0 0.478515625 0.48046875 0.044921875 0.0390625
1 0.1689453125 0.3486328125 0.037109375 0.05859375
1 0.58203125 0.330078125 0.0390625 0.06640625
1 0.8291015625 0.3359375 0.064453125 0.0947265625
1 0.431640625 0.37890625 0.09375 0.130859375
1 0.568359375 0.4140625 0.080078125 0.1220703125
0 0.3740234375 0.5791015625 0.0673828125 0.0361328125
1 0.712890625 0.3291015625 0.0205078125 0.0302734375
0 0.4384765625 0.607421875 0.0546875 0.0419921875
0 0.666015625 0.380859375 0.03125 0.0166015625
1 0.642578125 0.318359375 0.017578125 0.0302734375
1 0.98046875 0.357421875 0.0390625 0.052734375
1 0.4599609375 0.3359375 0.0263671875 0.044921875
0 0.8974609375 0.6044921875 0.1201171875 0.0693359375
1 0.8349609375 0.3056640625 0.017578125 0.02734375
0 0.78125 0.4443359375 0.0439453125 0.0390625
1 0.04296875 0.4052734375 0.0419921875 0.072265625
0 0.4990234375 0.5927734375 0.033203125 0.025390625
1 0.3642578125 0.3544921875 0.0185546875 0.0419921875
1 0.791015625 0.345703125 0.03125 0.05859375
0 0.4873046875 0.4287109375 0.0185546875 0.013671875
0 0.4248046875 0.4677734375 0.0185546875 0.01953125
1 0.888671875 0.2998046875 0.0205078125 0.033203125
0 0.609375 0.392578125 0.0283203125 0.013671875
1 0.775390625 0.3154296875 0.0185546875 0.025390625
1 0.205078125 0.384765625 0.0439453125 0.05859375
1 0.962890625 0.68359375 0.0673828125 0.2998046875
0 0.30078125 0.4990234375 0.0205078125 0.0302734375
0 0.2822265625 0.4287109375 0.0419921875 0.025390625
0 0.794921875 0.3759765625 0.0234375 0.013671875
0 0.525390625 0.572265625 0.048828125 0.044921875
0 0.5849609375 0.37890625 0.0205078125 0.013671875
1 0.900390625 0.318359375 0.0185546875 0.025390625
0 0.634765625 0.4287109375 0.033203125 0.0302734375
1 0.318359375 0.3427734375 0.013671875 0.0302734375
0 0.4296875 0.9169921875 0.0595703125 0.150390625
0 0.943359375 0.349609375 0.0439453125 0.0166015625
0 0.03515625 0.5 0.048828125 0.033203125
0 0.8173828125 0.3662109375 0.0185546875 0.0224609375
1 0.697265625 0.3740234375 0.0185546875 0.01953125
1 0.267578125 0.37890625 0.0185546875 0.0419921875
2 0.0185546875 0.9345703125 0.037109375 0.0693359375
0 0.6689453125 0.3662109375 0.0185546875 0.0166015625
1 0.591796875 0.3623046875 0.0126953125 0.025390625