2 0.8349609375 0.923828125 0.1640625 0.080078125
1 0.6689453125 0.6669921875 0.431640625 0.39453125
1 0.884765625 0.4912109375 0.21875 0.2392578125
1 0.6435546875 0.318359375 0.0185546875 0.025390625
1 0.4892578125 0.33203125 0.0185546875 0.0361328125
1 0.2294921875 0.734375 0.40625 0.51953125
1 0.3681640625 0.486328125 0.1484375 0.18359375
1 0.7060546875 0.4150390625 0.1064453125 0.158203125
1 0.1875 0.4150390625 0.119140625 0.15234375
1 0.736328125 0.31640625 0.0185546875 0.033203125
1 0.2734375 0.3447265625 0.025390625 0.044921875
1 0.31640625 0.361328125 0.0703125 0.0947265625
1 0.466796875 0.361328125 0.056640625 0.0947265625
1 0.8876953125 0.328125 0.056640625 0.072265625
1 0.2255859375 0.3447265625 0.0263671875 0.0390625
1 0.587890625 0.318359375 0.03125 0.052734375
1 0.07421875 0.505859375 0.1484375 0.25
1 0.66796875 0.33984375 0.0419921875 0.0693359375
1 0.767578125 0.318359375 0.044921875 0.0693359375
1 0.8291015625 0.35546875 0.0986328125 0.1611328125
1 0.2451171875 0.3876953125 0.0341796875 0.05859375
1 0.712890625 0.3427734375 0.0263671875 0.046875
1 0.556640625 0.369140625 0.0390625 0.078125
1 0.9306640625 0.3447265625 0.0361328125 0.0498046875
1 0.517578125 0.3427734375 0.0546875 0.0634765625
1 0.9736328125 0.3447265625 0.052734375 0.078125
0 0.439453125 0.607421875 0.052734375 0.0419921875
1 0.1875 0.3681640625 0.03125 0.046875
0 0.416015625 0.4541015625 0.0361328125 0.0419921875
0 0.40625 0.427734375 0.025390625 0.0224609375
1 0.99609375 0.330078125 0.0078125 0.0390625
1 0.9501953125 0.703125 0.09375 0.27734375
0 0.46875 0.482421875 0.0625 0.0419921875
1 0.6015625 0.35546875 0.025390625 0.0390625
1 0.8154296875 0.3095703125 0.015625 0.01953125
0 0.4912109375 0.58984375 0.0419921875 0.0419921875
1 0.609375 0.330078125 0.015625 0.0224609375
0 0.3759765625 0.580078125 0.0673828125 0.0390625
1 0.5107421875 0.3125 0.015625 0.0302734375
1 0.048828125 0.421875 0.0263671875 0.044921875
2 0.7998046875 0.43359375 0.03125 0.033203125
0 0.69140625 0.474609375 0.0390625 0.0166015625
0 0.4892578125 0.4306640625 0.021484375 0.0224609375
0 0.6044921875 0.392578125 0.021484375 0.01953125
1 0.298828125 0.3740234375 0.021484375 0.0302734375
1 0.314453125 0.35546875 0.015625 0.033203125
0 0.6474609375 0.4267578125 0.0361328125 0.025390625
1 0.3623046875 0.37890625 0.025390625 0.0419921875
2 0.5439453125 0.591796875 0.068359375 0.0390625
0 0.466796875 0.3876953125 0.0205078125 0.01953125
0 0.30078125 0.4990234375 0.0205078125 0.01953125
0 0.25 0.419921875 0.03125 0.0224609375
0 0.2822265625 0.4287109375 0.0390625 0.025390625
1 0.2978515625 0.3427734375 0.017578125 0.025390625
1 0.21875 0.3837890625 0.025390625 0.0390625
0 0.869140625 0.3642578125 0.03125 0.0224609375
0 0.5048828125 0.474609375 0.0185546875 0.0166015625