2 0.8056640625 0.859375 0.1513671875 0.080078125
1 0.66015625 0.642578125 0.408203125 0.341796875
1 0.69921875 0.3740234375 0.123046875 0.1806640625
1 0.8125 0.4482421875 0.1689453125 0.2080078125
1 0.37890625 0.4541015625 0.142578125 0.1806640625
1 0.54296875 0.365234375 0.0830078125 0.125
1 0.0625 0.361328125 0.037109375 0.044921875
1 0.4248046875 0.337890625 0.056640625 0.091796875
1 0.080078125 0.4248046875 0.154296875 0.1552734375
1 0.486328125 0.322265625 0.0205078125 0.044921875
1 0.2470703125 0.7080078125 0.400390625 0.5
1 0.97265625 0.2958984375 0.0234375 0.0361328125
1 0.9306640625 0.41796875 0.126953125 0.203125
1 0.201171875 0.3818359375 0.0986328125 0.1474609375
1 0.806640625 0.29296875 0.0263671875 0.0419921875
1 0.3623046875 0.3134765625 0.0185546875 0.02734375
1 0.6357421875 0.2919921875 0.0126953125 0.02734375
1 0.3056640625 0.306640625 0.017578125 0.0361328125
1 0.5029296875 0.296875 0.0126953125 0.033203125
1 0.26171875 0.365234375 0.0361328125 0.052734375
1 0.7109375 0.279296875 0.0185546875 0.025390625
1 0.185546875 0.328125 0.029296875 0.0390625
1 0.4384765625 0.29296875 0.0234375 0.0419921875
1 0.607421875 0.318359375 0.060546875 0.0859375
1 0.326171875 0.3427734375 0.0341796875 0.05859375
1 0.8486328125 0.3291015625 0.0595703125 0.091796875
1 0.654296875 0.294921875 0.017578125 0.033203125
1 0.8828125 0.3017578125 0.037109375 0.0751953125
1 0.2490234375 0.326171875 0.0234375 0.0361328125
1 0.7431640625 0.2822265625 0.0263671875 0.0634765625
1 0.375 0.33203125 0.0185546875 0.0419921875
0 0.912109375 0.5361328125 0.1064453125 0.044921875
0 0.443359375 0.568359375 0.0498046875 0.0361328125
1 0.4619140625 0.3193359375 0.0205078125 0.033203125
1 0.775390625 0.3251953125 0.037109375 0.06640625
1 0.462890625 0.3984375 0.048828125 0.080078125
0 0.478515625 0.451171875 0.037109375 0.0361328125
1 0.2880859375 0.3291015625 0.0361328125 0.0634765625
1 0.6611328125 0.3447265625 0.03125 0.044921875
0 0.548828125 0.529296875 0.0810546875 0.0302734375
1 0.5791015625 0.298828125 0.0107421875 0.01953125
1 0.568359375 0.3193359375 0.013671875 0.02734375
1 0.947265625 0.3193359375 0.0517578125 0.0615234375
1 0.5185546875 0.3056640625 0.025390625 0.044921875
0 0.412109375 0.39453125 0.025390625 0.0224609375
0 0.693359375 0.443359375 0.0439453125 0.0419921875
1 0.5986328125 0.296875 0.015625 0.033203125
1 0.6865234375 0.328125 0.0205078125 0.0390625
0 0.388671875 0.54296875 0.0625 0.025390625
1 0.46875 0.3525390625 0.0185546875 0.02734375
0 0.306640625 0.5302734375 0.044921875 0.0390625
0 0.5947265625 0.5263671875 0.029296875 0.0361328125
0 0.359375 0.3486328125 0.021484375 0.01953125
0 0.58203125 0.419921875 0.0205078125 0.02734375
0 0.580078125 0.3427734375 0.021484375 0.01953125
1 0.236328125 0.349609375 0.013671875 0.033203125
1 0.544921875 0.3681640625 0.0234375 0.0302734375
0 0.041015625 0.54296875 0.0810546875 0.080078125
0 0.4892578125 0.40234375 0.021484375 0.0224609375
1 0.3115234375 0.349609375 0.013671875 0.0166015625
0 0.9306640625 0.357421875 0.0234375 0.025390625
1 0.943359375 0.6318359375 0.1123046875 0.296875
0 0.3125 0.462890625 0.0185546875 0.025390625
0 0.3046875 0.39453125 0.021484375 0.0166015625
0 0.4990234375 0.5458984375 0.0263671875 0.025390625
0 0.42578125 0.4169921875 0.0234375 0.033203125
0 0.7568359375 0.4150390625 0.013671875 0.025390625
1 0.759765625 0.298828125 0.0185546875 0.0302734375
0 0.166015625 0.4287109375 0.025390625 0.01953125
0 0.0126953125 0.4990234375 0.025390625 0.0419921875
0 0.6376953125 0.39453125 0.03125 0.02734375
2 0.4013671875 0.9599609375 0.0283203125 0.0693359375
0 0.609375 0.3544921875 0.015625 0.025390625