2 0.8349609375 0.923828125 0.1669921875 0.080078125
1 0.6806640625 0.681640625 0.4580078125 0.341796875
1 0.380859375 0.490234375 0.1298828125 0.169921875
1 0.2490234375 0.736328125 0.392578125 0.4833984375
1 0.8466796875 0.4833984375 0.234375 0.216796875
1 0.548828125 0.4609375 0.162109375 0.205078125
1 0.4296875 0.326171875 0.021484375 0.025390625
1 0.2802734375 0.3427734375 0.0234375 0.0361328125
1 0.8935546875 0.3291015625 0.0751953125 0.0859375
1 0.076171875 0.50390625 0.15234375 0.26953125
1 0.416015625 0.3662109375 0.064453125 0.099609375
1 0.8125 0.33984375 0.0751953125 0.09765625
1 0.19921875 0.41015625 0.111328125 0.2080078125
1 0.685546875 0.41796875 0.111328125 0.203125
1 0.767578125 0.3115234375 0.0361328125 0.06640625
1 0.5576171875 0.3642578125 0.03125 0.0390625
0 0.4755859375 0.482421875 0.0419921875 0.0361328125
1 0.662109375 0.3232421875 0.03125 0.05859375
1 0.228515625 0.3623046875 0.0234375 0.0302734375
1 0.255859375 0.390625 0.0546875 0.0751953125
1 0.3642578125 0.357421875 0.037109375 0.0751953125
1 0.587890625 0.3291015625 0.037109375 0.05859375
1 0.705078125 0.341796875 0.03125 0.06640625
1 0.486328125 0.345703125 0.021484375 0.0361328125
1 0.607421875 0.3330078125 0.017578125 0.033203125
1 0.462890625 0.345703125 0.03125 0.0751953125
0 0.36328125 0.9306640625 0.169921875 0.1337890625
1 0.0625 0.3916015625 0.0439453125 0.0498046875
1 0.3134765625 0.361328125 0.0673828125 0.0830078125
0 0.5439453125 0.572265625 0.125 0.0556640625
0 0.88671875 0.599609375 0.1923828125 0.06640625
0 0.4384765625 0.607421875 0.0546875 0.0419921875
1 0.9697265625 0.3642578125 0.0546875 0.072265625
0 0.40625 0.4248046875 0.025390625 0.0166015625
0 0.697265625 0.4794921875 0.0439453125 0.025390625
0 0.388671875 0.580078125 0.033203125 0.033203125
0 0.41796875 0.453125 0.0205078125 0.0390625
0 0.5986328125 0.3837890625 0.015625 0.0166015625
0 0.037109375 0.544921875 0.0732421875 0.0498046875
0 0.3251953125 0.404296875 0.025390625 0.013671875
0 0.4931640625 0.4287109375 0.0205078125 0.01953125
0 0.291015625 0.4287109375 0.0185546875 0.013671875
1 0.505859375 0.3359375 0.03125 0.044921875
0 0.6103515625 0.4736328125 0.0263671875 0.01953125
0 0.447265625 0.48046875 0.029296875 0.0224609375
0 0.642578125 0.4287109375 0.0361328125 0.01953125
1 0.1416015625 0.455078125 0.033203125 0.02734375
1 0.142578125 0.4150390625 0.0234375 0.0419921875
1 0.5302734375 0.3486328125 0.0205078125 0.052734375
1 0.8994140625 0.3134765625 0.013671875 0.02734375
0 0.798828125 0.37890625 0.017578125 0.01953125
0 0.4296875 0.4677734375 0.0185546875 0.013671875
0 0.380859375 0.4052734375 0.017578125 0.0224609375
0 0.787109375 0.4052734375 0.0205078125 0.033203125
1 0.6455078125 0.330078125 0.015625 0.0224609375
1 0.6279296875 0.3662109375 0.021484375 0.02734375
1 0.8974609375 0.3837890625 0.017578125 0.033203125
0 0.7744140625 0.365234375 0.013671875 0.0302734375
1 0.98828125 0.4892578125 0.0205078125 0.1279296875
0 0.611328125 0.5625 0.0185546875 0.025390625
1 0.900390625 0.3388671875 0.0185546875 0.033203125
1 0.826171875 0.3359375 0.0205078125 0.02734375
0 0.72265625 0.4287109375 0.0263671875 0.0302734375
0 0.279296875 0.455078125 0.048828125 0.0830078125