2 0.8349609375 0.923828125 0.1640625 0.080078125
1 0.462890625 0.330078125 0.044921875 0.0947265625
1 0.2490234375 0.72265625 0.3701171875 0.505859375
1 0.380859375 0.490234375 0.1328125 0.1640625
1 0.5537109375 0.4609375 0.1484375 0.18359375
1 0.6923828125 0.6962890625 0.458984375 0.34765625
1 0.85546875 0.4794921875 0.216796875 0.2197265625
1 0.7177734375 0.33984375 0.0234375 0.0419921875
1 0.5 0.326171875 0.0126953125 0.025390625
1 0.4326171875 0.3291015625 0.0185546875 0.025390625
1 0.193359375 0.423828125 0.125 0.169921875
1 0.556640625 0.3583984375 0.037109375 0.0390625
1 0.306640625 0.3427734375 0.037109375 0.05859375
1 0.07421875 0.4150390625 0.0888671875 0.1142578125
1 0.4873046875 0.341796875 0.0185546875 0.033203125
1 0.70703125 0.4267578125 0.1142578125 0.19140625
1 0.8134765625 0.341796875 0.0732421875 0.0947265625
1 0.662109375 0.328125 0.03125 0.06640625
1 0.966796875 0.443359375 0.0654296875 0.203125
1 0.5810546875 0.3291015625 0.03125 0.05859375
1 0.267578125 0.3916015625 0.0576171875 0.0830078125
1 0.357421875 0.3427734375 0.029296875 0.046875
1 0.2744140625 0.3486328125 0.0205078125 0.0302734375
1 0.8662109375 0.3662109375 0.0517578125 0.06640625
1 0.4130859375 0.3681640625 0.064453125 0.09765625
1 0.755859375 0.3583984375 0.03125 0.0615234375
1 0.6435546875 0.318359375 0.0185546875 0.0361328125
0 0.8994140625 0.591796875 0.1357421875 0.06640625
1 0.931640625 0.34765625 0.0517578125 0.0830078125
1 0.23046875 0.3720703125 0.033203125 0.044921875
0 0.478515625 0.4833984375 0.0439453125 0.0390625
1 0.775390625 0.318359375 0.03125 0.052734375
1 0.599609375 0.330078125 0.0185546875 0.033203125
1 0.9619140625 0.66796875 0.076171875 0.3359375
0 0.548828125 0.568359375 0.1279296875 0.0634765625
0 0.4384765625 0.607421875 0.0546875 0.0419921875
0 0.380859375 0.580078125 0.0498046875 0.033203125
1 0.5224609375 0.35546875 0.033203125 0.06640625
0 0.4072265625 0.4248046875 0.0234375 0.0166015625
1 0.1376953125 0.41796875 0.0126953125 0.0302734375
0 0.4189453125 0.4482421875 0.0185546875 0.0302734375
1 0.67578125 0.3740234375 0.029296875 0.0419921875
1 0.0244140625 0.4541015625 0.048828125 0.1142578125
0 0.7041015625 0.4775390625 0.0546875 0.033203125
1 0.8291015625 0.31640625 0.017578125 0.02734375
0 0.48828125 0.4287109375 0.029296875 0.01953125
0 0.466796875 0.388671875 0.025390625 0.0224609375
0 0.291015625 0.4287109375 0.0234375 0.013671875
0 0.3125 0.3681640625 0.0185546875 0.01953125
0 0.974609375 0.568359375 0.0419921875 0.025390625
1 0.900390625 0.3740234375 0.029296875 0.0419921875
0 0.01171875 0.50390625 0.0234375 0.0302734375
0 0.4375 0.4677734375 0.037109375 0.025390625
0 0.6123046875 0.384765625 0.025390625 0.01953125
0 0.5927734375 0.4541015625 0.017578125 0.025390625
1 0.826171875 0.3447265625 0.0205078125 0.02734375
1 0.8857421875 0.330078125 0.025390625 0.044921875
0 0.611328125 0.474609375 0.0234375 0.0166015625
0 0.0478515625 0.568359375 0.095703125 0.1142578125
0 0.798828125 0.37890625 0.0185546875 0.01953125
0 0.615234375 0.5654296875 0.025390625 0.0302734375
1 0.6298828125 0.3427734375 0.0283203125 0.052734375
0 0.3232421875 0.4052734375 0.025390625 0.0166015625
0 0.7685546875 0.443359375 0.025390625 0.0302734375
1 0.517578125 0.3134765625 0.0185546875 0.02734375
0 0.775390625 0.35546875 0.0126953125 0.0224609375
0 0.2314453125 0.4052734375 0.025390625 0.02734375
0 0.650390625 0.80859375 0.060546875 0.0498046875
2 0.78515625 0.4140625 0.0234375 0.02734375
0 0.6357421875 0.443359375 0.03125 0.052734375
0 0.6298828125 0.50390625 0.0185546875 0.0693359375