2 0.833984375 0.9267578125 0.166015625 0.0859375
1 0.67578125 0.6767578125 0.4326171875 0.3857421875
1 0.8818359375 0.5029296875 0.2265625 0.2333984375
1 0.3720703125 0.47265625 0.150390625 0.205078125
1 0.541015625 0.48046875 0.1826171875 0.1943359375
1 0.4501953125 0.318359375 0.0185546875 0.0302734375
1 0.71875 0.4169921875 0.130859375 0.171875
1 0.232421875 0.3623046875 0.044921875 0.0693359375
1 0.50390625 0.3232421875 0.013671875 0.01953125
1 0.236328125 0.755859375 0.3623046875 0.361328125
1 0.638671875 0.318359375 0.0205078125 0.025390625
1 0.314453125 0.359375 0.056640625 0.080078125
1 0.1943359375 0.466796875 0.1298828125 0.244140625
1 0.76171875 0.330078125 0.0517578125 0.0947265625
1 0.0703125 0.513671875 0.140625 0.2666015625
1 0.353515625 0.341796875 0.021484375 0.044921875
1 0.275390625 0.3486328125 0.025390625 0.0302734375
1 0.4912109375 0.341796875 0.0205078125 0.02734375
1 0.8193359375 0.33203125 0.064453125 0.091796875
1 0.892578125 0.33984375 0.060546875 0.0859375
1 0.7060546875 0.330078125 0.0185546875 0.033203125
1 0.419921875 0.369140625 0.0263671875 0.078125
1 0.611328125 0.3837890625 0.0576171875 0.150390625
1 0.58203125 0.3251953125 0.0390625 0.0556640625
1 0.9365234375 0.33984375 0.0361328125 0.052734375
0 0.4755859375 0.48046875 0.0419921875 0.0390625
0 0.494140625 0.4306640625 0.03125 0.0224609375
1 0.673828125 0.322265625 0.0185546875 0.033203125
0 0.375 0.580078125 0.056640625 0.0390625
0 0.41796875 0.4482421875 0.0205078125 0.0419921875
0 0.439453125 0.6083984375 0.052734375 0.0390625
1 0.974609375 0.35546875 0.0498046875 0.0498046875
1 0.7255859375 0.3037109375 0.0205078125 0.0302734375
1 0.482421875 0.380859375 0.044921875 0.0888671875
0 0.5537109375 0.568359375 0.1015625 0.046875
0 0.296875 0.568359375 0.046875 0.0419921875
0 0.388671875 0.927734375 0.158203125 0.14453125
0 0.30078125 0.494140625 0.0234375 0.02734375
0 0.611328125 0.392578125 0.03125 0.01953125
0 0.697265625 0.4775390625 0.0498046875 0.0224609375
1 0.6787109375 0.3720703125 0.029296875 0.0556640625
0 0.78125 0.443359375 0.0439453125 0.0361328125
0 0.6484375 0.419921875 0.0341796875 0.0224609375
1 0.189453125 0.3720703125 0.03125 0.0556640625
1 0.98828125 0.4677734375 0.0205078125 0.080078125
1 0.5625 0.392578125 0.0498046875 0.091796875
0 0.84765625 0.3740234375 0.033203125 0.0087890625
0 0.494140625 0.591796875 0.0263671875 0.0224609375
1 0.623046875 0.3681640625 0.015625 0.0302734375
0 0.25 0.419921875 0.03125 0.0224609375
0 0.3232421875 0.404296875 0.025390625 0.013671875
0 0.287109375 0.4306640625 0.033203125 0.0224609375
0 0.9296875 0.58203125 0.041015625 0.025390625
1 0.044921875 0.3984375 0.0419921875 0.05859375
1 0.9541015625 0.7294921875 0.091796875 0.2138671875
0 0.3681640625 0.5498046875 0.0673828125 0.033203125
1 0.0986328125 0.6982421875 0.0498046875 0.1083984375
0 0.80078125 0.4169921875 0.0390625 0.0390625
2 0.818359375 0.3662109375 0.025390625 0.0224609375
0 0.591796875 0.462890625 0.0234375 0.0419921875
0 0.923828125 0.3876953125 0.013671875 0.0302734375
0 0.3916015625 0.6240234375 0.158203125 0.1416015625
1 0.607421875 0.337890625 0.017578125 0.0302734375
0 0.3447265625 0.380859375 0.033203125 0.02734375