2 0.8349609375 0.9267578125 0.1640625 0.0859375
1 0.65625 0.630859375 0.412109375 0.4609375
1 0.826171875 0.455078125 0.1455078125 0.2392578125
1 0.6728515625 0.3125 0.0205078125 0.0302734375
1 0.4375 0.3974609375 0.1064453125 0.1552734375
1 0.71875 0.3662109375 0.0498046875 0.0888671875
0 0.2373046875 0.9375 0.181640625 0.119140625
1 0.3544921875 0.3388671875 0.041015625 0.0615234375
1 0.306640625 0.3544921875 0.0625 0.09765625
1 0.7666015625 0.3193359375 0.048828125 0.072265625
1 0.6494140625 0.318359375 0.017578125 0.0302734375
1 0.1875 0.3515625 0.025390625 0.046875
1 0.5869140625 0.322265625 0.0390625 0.0830078125
1 0.1865234375 0.4375 0.126953125 0.2197265625
1 0.4912109375 0.3388671875 0.029296875 0.0615234375
1 0.6630859375 0.3681640625 0.080078125 0.119140625
1 0.9453125 0.44140625 0.109375 0.22265625
1 0.0732421875 0.505859375 0.140625 0.2666015625
1 0.23046875 0.3642578125 0.0234375 0.0498046875
1 0.8115234375 0.3349609375 0.0673828125 0.080078125
1 0.28125 0.3427734375 0.025390625 0.0361328125
0 0.4189453125 0.451171875 0.025390625 0.0361328125
1 0.9541015625 0.681640625 0.091796875 0.3134765625
0 0.380859375 0.9404296875 0.099609375 0.119140625
1 0.8974609375 0.3447265625 0.060546875 0.111328125
0 0.41015625 0.4287109375 0.0205078125 0.025390625
0 0.380859375 0.572265625 0.068359375 0.0556640625
1 0.5869140625 0.4677734375 0.064453125 0.119140625
0 0.5185546875 0.5791015625 0.099609375 0.0634765625
0 0.4814453125 0.482421875 0.0498046875 0.0361328125
1 0.322265625 0.3427734375 0.017578125 0.025390625
1 0.736328125 0.326171875 0.013671875 0.025390625
0 0.439453125 0.611328125 0.052734375 0.044921875
1 0.4609375 0.3427734375 0.021484375 0.0302734375
0 0.3486328125 0.37890625 0.0283203125 0.0361328125
0 0.466796875 0.392578125 0.03125 0.025390625
0 0.607421875 0.3955078125 0.0361328125 0.025390625
0 0.794921875 0.37890625 0.0263671875 0.01953125
1 0.537109375 0.3916015625 0.0625 0.111328125
0 0.4912109375 0.4306640625 0.0263671875 0.0224609375
0 0.97265625 0.546875 0.0546875 0.044921875
0 0.0166015625 0.49609375 0.033203125 0.0361328125
1 0.611328125 0.318359375 0.0205078125 0.0302734375
0 0.8916015625 0.455078125 0.0234375 0.0166015625
2 0.650390625 0.8134765625 0.068359375 0.0498046875
1 0.9814453125 0.357421875 0.037109375 0.0419921875
0 0.4296875 0.4677734375 0.015625 0.013671875
1 0.580078125 0.3876953125 0.029296875 0.0419921875
0 0.904296875 0.4052734375 0.0361328125 0.0166015625
0 0.23046875 0.4052734375 0.017578125 0.02734375
1 0.8330078125 0.33984375 0.0185546875 0.025390625
0 0.32421875 0.4052734375 0.029296875 0.0166015625
1 0.8154296875 0.3427734375 0.015625 0.0302734375
0 0.923828125 0.37890625 0.025390625 0.0361328125
1 0.630859375 0.35546875 0.0185546875 0.02734375
2 0.4599609375 0.955078125 0.0234375 0.0830078125
0 0.7724609375 0.35546875 0.013671875 0.0166015625
0 0.6357421875 0.443359375 0.0341796875 0.05859375