2 0.8359375 0.923828125 0.166015625 0.080078125
1 0.662109375 0.6552734375 0.4501953125 0.4169921875
1 0.875 0.4931640625 0.244140625 0.2412109375
1 0.431640625 0.40234375 0.099609375 0.150390625
1 0.2353515625 0.767578125 0.3671875 0.453125
1 0.6748046875 0.318359375 0.0185546875 0.025390625
1 0.642578125 0.318359375 0.0185546875 0.0302734375
1 0.6181640625 0.349609375 0.0673828125 0.0947265625
1 0.513671875 0.392578125 0.064453125 0.1357421875
1 0.193359375 0.443359375 0.1328125 0.224609375
1 0.759765625 0.392578125 0.109375 0.130859375
1 0.2734375 0.33984375 0.021484375 0.01953125
1 0.9375 0.3544921875 0.037109375 0.0634765625
1 0.869140625 0.3291015625 0.060546875 0.0693359375
1 0.7744140625 0.3193359375 0.044921875 0.078125
1 0.4384765625 0.318359375 0.0234375 0.052734375
1 0.228515625 0.35546875 0.017578125 0.033203125
1 0.9736328125 0.341796875 0.0498046875 0.078125
1 0.3046875 0.33984375 0.03125 0.046875
0 0.375 0.580078125 0.0625 0.0390625
1 0.486328125 0.341796875 0.017578125 0.0224609375
1 0.5498046875 0.369140625 0.037109375 0.072265625
1 0.072265625 0.51171875 0.14453125 0.26953125
0 0.48828125 0.4306640625 0.029296875 0.0224609375
0 0.4755859375 0.482421875 0.0419921875 0.0361328125
1 0.361328125 0.357421875 0.029296875 0.0751953125
0 0.8759765625 0.5927734375 0.095703125 0.0751953125
1 0.58203125 0.35546875 0.0263671875 0.0498046875
0 0.4384765625 0.6083984375 0.0546875 0.0390625
1 0.6904296875 0.41015625 0.056640625 0.0693359375
0 0.404296875 0.4384765625 0.029296875 0.0390625
1 0.6787109375 0.3515625 0.029296875 0.05859375
0 0.28125 0.4287109375 0.037109375 0.01953125
1 0.1943359375 0.3642578125 0.029296875 0.0390625
0 0.326171875 0.4052734375 0.0263671875 0.0107421875
0 0.3876953125 0.92578125 0.150390625 0.1484375
0 0.296875 0.56640625 0.046875 0.02734375
1 0.70703125 0.3349609375 0.0205078125 0.0419921875
1 0.9052734375 0.3232421875 0.0263671875 0.0419921875
0 0.779296875 0.44140625 0.0419921875 0.033203125
1 0.609375 0.3291015625 0.015625 0.025390625
0 0.435546875 0.4697265625 0.046875 0.02734375
1 0.89453125 0.3681640625 0.0234375 0.025390625
1 0.9541015625 0.716796875 0.0888671875 0.244140625
0 0.53125 0.5751953125 0.087890625 0.0556640625
1 0.9970703125 0.330078125 0.005859375 0.0390625
0 0.7998046875 0.3955078125 0.03125 0.013671875
1 0.525390625 0.3642578125 0.017578125 0.02734375
1 0.0205078125 0.4169921875 0.041015625 0.06640625
1 0.7294921875 0.3232421875 0.015625 0.0302734375
0 0.642578125 0.427734375 0.0419921875 0.0224609375
0 0.8330078125 0.37109375 0.0283203125 0.013671875
0 0.611328125 0.384765625 0.0126953125 0.01953125
0 0.587890625 0.462890625 0.0234375 0.0419921875
1 0.8427734375 0.31640625 0.013671875 0.02734375
0 0.853515625 0.3623046875 0.0234375 0.025390625
1 0.349609375 0.3984375 0.0234375 0.0302734375
0 0.275390625 0.361328125 0.03125 0.033203125
0 0.1181640625 0.451171875 0.048828125 0.0361328125
0 0.755859375 0.4794921875 0.056640625 0.052734375
1 0.98828125 0.455078125 0.0205078125 0.0947265625