2 0.83203125 0.927734375 0.1640625 0.0830078125
1 0.685546875 0.62890625 0.4345703125 0.447265625
1 0.5009765625 0.326171875 0.013671875 0.025390625
1 0.4501953125 0.4072265625 0.099609375 0.15234375
1 0.6435546875 0.31640625 0.0185546875 0.033203125
1 0.3720703125 0.494140625 0.140625 0.1884765625
1 0.724609375 0.369140625 0.099609375 0.1337890625
1 0.2314453125 0.755859375 0.4248046875 0.400390625
1 0.4375 0.33203125 0.0185546875 0.025390625
1 0.6201171875 0.3427734375 0.056640625 0.080078125
1 0.9658203125 0.4169921875 0.068359375 0.197265625
1 0.283203125 0.3515625 0.021484375 0.0361328125
1 0.5859375 0.3154296875 0.015625 0.0302734375
1 0.53515625 0.337890625 0.017578125 0.0419921875
1 0.8154296875 0.3427734375 0.072265625 0.1142578125
1 0.4873046875 0.345703125 0.025390625 0.0361328125
1 0.3408203125 0.3779296875 0.046875 0.1337890625
1 0.87890625 0.365234375 0.0576171875 0.0634765625
1 0.4619140625 0.345703125 0.029296875 0.0634765625
1 0.212890625 0.466796875 0.125 0.2666015625
0 0.478515625 0.4833984375 0.0419921875 0.0390625
1 0.353515625 0.3359375 0.015625 0.033203125
1 0.6728515625 0.318359375 0.0205078125 0.0361328125
1 0.294921875 0.3291015625 0.0107421875 0.025390625
1 0.580078125 0.3427734375 0.0234375 0.0419921875
1 0.068359375 0.421875 0.0986328125 0.1162109375
0 0.8681640625 0.615234375 0.0576171875 0.0361328125
1 0.224609375 0.361328125 0.029296875 0.044921875
1 0.556640625 0.3681640625 0.0419921875 0.05859375
1 0.9287109375 0.3486328125 0.033203125 0.052734375
0 0.3310546875 0.9599609375 0.181640625 0.080078125
0 0.373046875 0.5859375 0.072265625 0.033203125
1 0.951171875 0.6748046875 0.091796875 0.3330078125
1 0.900390625 0.31640625 0.025390625 0.0390625
0 0.4091796875 0.427734375 0.0185546875 0.0224609375
0 0.4189453125 0.453125 0.0185546875 0.0390625
1 0.2978515625 0.4072265625 0.064453125 0.1474609375
1 0.310546875 0.3427734375 0.0283203125 0.0419921875
1 0.3662109375 0.3544921875 0.0205078125 0.052734375
0 0.5166015625 0.591796875 0.0859375 0.0390625
1 0.505859375 0.3037109375 0.0126953125 0.013671875
0 0.439453125 0.611328125 0.052734375 0.044921875
1 0.76171875 0.30859375 0.0205078125 0.02734375
0 0.2939453125 0.578125 0.0498046875 0.0498046875
1 0.6982421875 0.35546875 0.0185546875 0.0390625
0 0.779296875 0.44140625 0.0390625 0.033203125
0 0.462890625 0.388671875 0.0234375 0.0224609375
0 0.611328125 0.388671875 0.0205078125 0.0224609375
1 0.8427734375 0.31640625 0.013671875 0.033203125
0 0.3134765625 0.37890625 0.017578125 0.0419921875
0 0.537109375 0.5625 0.056640625 0.025390625
0 0.654296875 0.4208984375 0.0341796875 0.025390625
0 0.619140625 0.4775390625 0.025390625 0.0224609375
0 0.30078125 0.4970703125 0.0205078125 0.033203125
0 0.9228515625 0.3837890625 0.0205078125 0.033203125
0 0.494140625 0.419921875 0.025390625 0.033203125
1 0.3369140625 0.33203125 0.017578125 0.025390625
0 0.162109375 0.9453125 0.15625 0.109375
0 0.0478515625 0.5537109375 0.095703125 0.1357421875
0 0.9375 0.380859375 0.0185546875 0.0390625
0 0.3876953125 0.89453125 0.1435546875 0.0888671875
0 0.2373046875 0.4169921875 0.0185546875 0.0166015625
0 0.9052734375 0.568359375 0.0419921875 0.01953125
1 0.5986328125 0.3525390625 0.0185546875 0.02734375
2 0.7822265625 0.4052734375 0.0263671875 0.0224609375
0 0.5859375 0.37890625 0.021484375 0.01953125
0 0.798828125 0.380859375 0.017578125 0.0224609375
0 0.28125 0.4306640625 0.037109375 0.02734375
1 0.2548828125 0.39453125 0.025390625 0.033203125
0 0.9560546875 0.3486328125 0.025390625 0.01953125
1 0.849609375 0.3642578125 0.013671875 0.0224609375
0 0.455078125 0.27734375 0.013671875 0.0107421875