2 0.8056640625 0.8623046875 0.154296875 0.0751953125
1 0.642578125 0.6181640625 0.376953125 0.380859375
1 0.716796875 0.2822265625 0.015625 0.025390625
1 0.8251953125 0.455078125 0.212890625 0.216796875
1 0.3349609375 0.6416015625 0.2548828125 0.4111328125
1 0.0947265625 0.59765625 0.185546875 0.494140625
1 0.38671875 0.453125 0.111328125 0.1611328125
1 0.4560546875 0.3779296875 0.1064453125 0.1279296875
1 0.2861328125 0.3232421875 0.021484375 0.0302734375
1 0.654296875 0.294921875 0.0185546875 0.02734375
1 0.498046875 0.29296875 0.013671875 0.025390625
1 0.255859375 0.3447265625 0.0439453125 0.0830078125
1 0.587890625 0.369140625 0.068359375 0.138671875
1 0.322265625 0.337890625 0.0546875 0.091796875
1 0.205078125 0.375 0.0966796875 0.1337890625
1 0.4599609375 0.322265625 0.0263671875 0.0556640625
1 0.6982421875 0.30859375 0.046875 0.06640625
1 0.431640625 0.3037109375 0.025390625 0.0361328125
1 0.625 0.318359375 0.0439453125 0.0634765625
1 0.376953125 0.330078125 0.015625 0.044921875
1 0.9560546875 0.33203125 0.068359375 0.09765625
1 0.7451171875 0.3291015625 0.041015625 0.091796875
1 0.978515625 0.302734375 0.0185546875 0.033203125
1 0.8740234375 0.35546875 0.0576171875 0.078125
1 0.2236328125 0.3427734375 0.025390625 0.0361328125
1 0.5947265625 0.3154296875 0.0205078125 0.0419921875
1 0.794921875 0.3056640625 0.064453125 0.078125
1 0.8779296875 0.298828125 0.041015625 0.05859375
0 0.443359375 0.568359375 0.0546875 0.0361328125
0 0.8603515625 0.5654296875 0.0732421875 0.0419921875
0 0.4228515625 0.4169921875 0.0234375 0.033203125
0 0.412109375 0.39453125 0.0185546875 0.0224609375
1 0.548828125 0.341796875 0.033203125 0.0498046875
0 0.4755859375 0.447265625 0.0361328125 0.033203125
1 0.6728515625 0.37890625 0.0546875 0.0693359375
0 0.150390625 0.87890625 0.1982421875 0.169921875
0 0.5 0.54296875 0.03125 0.025390625
0 0.3935546875 0.54296875 0.03125 0.0302734375
0 0.4677734375 0.3583984375 0.0205078125 0.0166015625
1 0.2001953125 0.3349609375 0.0185546875 0.0302734375
1 0.748046875 0.267578125 0.0205078125 0.0361328125
0 0.3037109375 0.3955078125 0.0234375 0.013671875
0 0.048828125 0.515625 0.09765625 0.0625
2 0.537109375 0.552734375 0.0625 0.0390625
0 0.361328125 0.3427734375 0.025390625 0.025390625
0 0.369140625 0.8916015625 0.138671875 0.205078125
0 0.6357421875 0.392578125 0.0283203125 0.01953125
0 0.5029296875 0.3974609375 0.021484375 0.0166015625
0 0.4072265625 0.3759765625 0.0234375 0.025390625
0 0.7802734375 0.3427734375 0.0205078125 0.013671875
0 0.69921875 0.44140625 0.0234375 0.0224609375
0 0.1552734375 0.4306640625 0.0205078125 0.0166015625
2 0.537109375 0.5224609375 0.0673828125 0.033203125
0 0.580078125 0.3515625 0.0185546875 0.013671875
0 0.7548828125 0.404296875 0.025390625 0.025390625
0 0.609375 0.3525390625 0.0185546875 0.0224609375
0 0.33203125 0.3779296875 0.0234375 0.0166015625
0 0.6005859375 0.44140625 0.0234375 0.0224609375
0 0.935546875 0.3232421875 0.0234375 0.01953125
0 0.9130859375 0.3525390625 0.017578125 0.0498046875
0 0.2998046875 0.9345703125 0.037109375 0.130859375