2 0.8349609375 0.927734375 0.1640625 0.0830078125
1 0.666015625 0.642578125 0.4189453125 0.4365234375
1 0.869140625 0.4912109375 0.2060546875 0.2333984375
1 0.3662109375 0.4931640625 0.158203125 0.1865234375
1 0.244140625 0.7802734375 0.4169921875 0.43359375
1 0.505859375 0.326171875 0.0126953125 0.025390625
1 0.546875 0.4482421875 0.146484375 0.2197265625
1 0.7373046875 0.37890625 0.087890625 0.1640625
1 0.263671875 0.3974609375 0.068359375 0.10546875
1 0.2939453125 0.330078125 0.0126953125 0.02734375
1 0.0751953125 0.486328125 0.150390625 0.2666015625
1 0.2802734375 0.3544921875 0.0205078125 0.0361328125
1 0.642578125 0.31640625 0.0185546875 0.0224609375
1 0.4873046875 0.3427734375 0.037109375 0.0693359375
1 0.193359375 0.455078125 0.126953125 0.2275390625
1 0.87890625 0.37890625 0.0576171875 0.05859375
1 0.36328125 0.3544921875 0.029296875 0.0634765625
1 0.4072265625 0.3681640625 0.0419921875 0.0859375
1 0.1748046875 0.359375 0.037109375 0.05859375
1 0.6728515625 0.33984375 0.044921875 0.0693359375
1 0.712890625 0.3359375 0.0185546875 0.044921875
1 0.8125 0.3349609375 0.068359375 0.080078125
1 0.60546875 0.3525390625 0.0263671875 0.078125
1 0.224609375 0.365234375 0.037109375 0.0693359375
1 0.3125 0.3642578125 0.056640625 0.0830078125
0 0.3759765625 0.5791015625 0.064453125 0.0361328125
2 0.525390625 0.5927734375 0.0390625 0.0419921875
1 0.7490234375 0.28515625 0.0234375 0.0302734375
0 0.873046875 0.6083984375 0.080078125 0.0498046875
0 0.478515625 0.48046875 0.0439453125 0.0390625
1 0.8701171875 0.330078125 0.041015625 0.0556640625
0 0.4384765625 0.6083984375 0.0546875 0.0390625
1 0.6826171875 0.41015625 0.056640625 0.080078125
1 0.9189453125 0.349609375 0.0439453125 0.0947265625
0 0.40625 0.427734375 0.025390625 0.0224609375
0 0.4228515625 0.455078125 0.033203125 0.0390625
0 0.6494140625 0.423828125 0.033203125 0.01953125
1 0.767578125 0.33203125 0.013671875 0.0419921875
0 0.7744140625 0.4443359375 0.0361328125 0.033203125
0 0.294921875 0.572265625 0.0517578125 0.044921875
1 0.9716796875 0.357421875 0.052734375 0.0634765625
0 0.6640625 0.3759765625 0.025390625 0.013671875
0 0.48828125 0.4306640625 0.017578125 0.0166015625
1 0.306640625 0.3427734375 0.0126953125 0.025390625
1 0.509765625 0.3056640625 0.0107421875 0.0166015625
0 0.201171875 0.490234375 0.0517578125 0.025390625
0 0.7978515625 0.3759765625 0.0234375 0.013671875
0 0.009765625 0.48046875 0.01953125 0.02734375
2 0.794921875 0.4306640625 0.017578125 0.0224609375
1 0.6357421875 0.3544921875 0.041015625 0.05859375
1 0.84765625 0.3291015625 0.017578125 0.0361328125
2 0.0205078125 0.943359375 0.041015625 0.091796875
0 0.23828125 0.41796875 0.0205078125 0.013671875
0 0.2998046875 0.4990234375 0.0185546875 0.0302734375
0 0.1728515625 0.4541015625 0.048828125 0.025390625
1 0.51953125 0.3447265625 0.0361328125 0.0615234375
0 0.3427734375 0.380859375 0.0205078125 0.0224609375
0 0.78125 0.3427734375 0.0185546875 0.01953125
1 0.6103515625 0.2802734375 0.0205078125 0.0390625
0 0.20703125 0.453125 0.0361328125 0.02734375
0 0.009765625 0.5029296875 0.01953125 0.037109375
1 0.6064453125 0.24609375 0.025390625 0.0361328125
0 0.61328125 0.3857421875 0.013671875 0.0166015625
0 0.130859375 0.4638671875 0.0185546875 0.0224609375
1 0.98828125 0.4462890625 0.0205078125 0.0751953125