2 0.806640625 0.859375 0.15625 0.080078125
1 0.662109375 0.607421875 0.408203125 0.3916015625
1 0.2880859375 0.7197265625 0.361328125 0.5390625
1 0.087890625 0.578125 0.1689453125 0.4609375
1 0.2060546875 0.37890625 0.1064453125 0.1474609375
1 0.380859375 0.455078125 0.130859375 0.18359375
1 0.69140625 0.3720703125 0.107421875 0.1337890625
1 0.4873046875 0.3154296875 0.0185546875 0.0302734375
1 0.81640625 0.4345703125 0.1455078125 0.2412109375
1 0.849609375 0.318359375 0.044921875 0.0361328125
1 0.251953125 0.322265625 0.021484375 0.033203125
1 0.447265625 0.306640625 0.0185546875 0.0419921875
1 0.98046875 0.29296875 0.0205078125 0.0361328125
1 0.1044921875 0.3759765625 0.072265625 0.0859375
1 0.634765625 0.29296875 0.015625 0.0302734375
1 0.5673828125 0.3662109375 0.099609375 0.14453125
1 0.931640625 0.41796875 0.1357421875 0.203125
1 0.7998046875 0.31640625 0.068359375 0.0947265625
1 0.2861328125 0.3232421875 0.021484375 0.0302734375
1 0.59765625 0.3115234375 0.0234375 0.0556640625
1 0.4375 0.3427734375 0.087890625 0.09765625
1 0.1943359375 0.3291015625 0.0205078125 0.025390625
1 0.7080078125 0.2919921875 0.0341796875 0.044921875
1 0.3564453125 0.3115234375 0.0185546875 0.033203125
0 0.087890625 0.9384765625 0.1748046875 0.1220703125
1 0.8740234375 0.294921875 0.0361328125 0.0556640625
1 0.310546875 0.31640625 0.025390625 0.0390625
1 0.2568359375 0.357421875 0.0361328125 0.052734375
0 0.478515625 0.4482421875 0.041015625 0.0419921875
1 0.75 0.275390625 0.0185546875 0.033203125
1 0.65625 0.3037109375 0.037109375 0.05859375
0 0.5205078125 0.548828125 0.0966796875 0.0419921875
0 0.3623046875 0.9404296875 0.1376953125 0.119140625
0 0.912109375 0.5361328125 0.0810546875 0.044921875
0 0.423828125 0.4169921875 0.0205078125 0.033203125
0 0.443359375 0.568359375 0.0498046875 0.0361328125
1 0.2978515625 0.3759765625 0.0673828125 0.1357421875
1 0.9111328125 0.318359375 0.03125 0.0419921875
0 0.412109375 0.3955078125 0.0263671875 0.025390625
0 0.380859375 0.5390625 0.056640625 0.0390625
1 0.5751953125 0.2958984375 0.025390625 0.052734375
0 0.4921875 0.40234375 0.0283203125 0.0166015625
1 0.3720703125 0.3359375 0.025390625 0.044921875
1 0.98046875 0.341796875 0.033203125 0.0498046875
1 0.744140625 0.3134765625 0.0234375 0.0498046875
0 0.861328125 0.5595703125 0.052734375 0.0302734375
0 0.5869140625 0.41796875 0.013671875 0.01953125
1 0.521484375 0.3134765625 0.025390625 0.0498046875
1 0.3310546875 0.349609375 0.025390625 0.044921875
1 0.943359375 0.330078125 0.0439453125 0.0390625
0 0.046875 0.50390625 0.09375 0.0693359375
0 0.3359375 0.3759765625 0.021484375 0.013671875
0 0.9326171875 0.357421875 0.0283203125 0.025390625
1 0.5029296875 0.3544921875 0.025390625 0.05859375
0 0.7431640625 0.4072265625 0.0263671875 0.0419921875
0 0.76171875 0.3984375 0.017578125 0.0302734375
0 0.46875 0.3623046875 0.0185546875 0.01953125
0 0.255859375 0.85546875 0.119140625 0.0888671875
1 0.650390625 0.345703125 0.0234375 0.0361328125
0 0.6005859375 0.3681640625 0.0263671875 0.01953125
1 0.8046875 0.306640625 0.0185546875 0.0302734375
0 0.89453125 0.369140625 0.013671875 0.0224609375
1 0.34375 0.40234375 0.0126953125 0.02734375
2 0.361328125 0.517578125 0.0283203125 0.01953125
0 0.62890625 0.41796875 0.0263671875 0.05859375