2 0.833984375 0.923828125 0.166015625 0.080078125
1 0.634765625 0.6181640625 0.3720703125 0.486328125
1 0.361328125 0.4931640625 0.1669921875 0.1748046875
1 0.080078125 0.63671875 0.16015625 0.5078125
1 0.173828125 0.4052734375 0.111328125 0.1337890625
1 0.509765625 0.380859375 0.064453125 0.138671875
1 0.5625 0.3525390625 0.03125 0.02734375
1 0.724609375 0.3857421875 0.099609375 0.1669921875
1 0.31640625 0.3623046875 0.0517578125 0.080078125
1 0.29296875 0.337890625 0.013671875 0.0302734375
1 0.267578125 0.4208984375 0.091796875 0.158203125
1 0.173828125 0.3544921875 0.0263671875 0.0361328125
1 0.81640625 0.3388671875 0.0703125 0.0888671875
1 0.681640625 0.357421875 0.03125 0.046875
1 0.736328125 0.3095703125 0.013671875 0.01953125
0 0.478515625 0.482421875 0.0439453125 0.0419921875
1 0.4619140625 0.34765625 0.048828125 0.0830078125
1 0.275390625 0.3486328125 0.0185546875 0.0302734375
1 0.8701171875 0.35546875 0.046875 0.02734375
2 0.517578125 0.580078125 0.0205078125 0.0224609375
1 0.029296875 0.4140625 0.041015625 0.0615234375
1 0.9541015625 0.453125 0.091796875 0.22265625
1 0.603515625 0.33984375 0.048828125 0.0751953125
0 0.4873046875 0.4306640625 0.03125 0.0224609375
1 0.2265625 0.34765625 0.0283203125 0.044921875
1 0.6376953125 0.318359375 0.025390625 0.0361328125
0 0.4384765625 0.607421875 0.0546875 0.0419921875
1 0.5009765625 0.330078125 0.017578125 0.044921875
1 0.3671875 0.3544921875 0.015625 0.0302734375
1 0.904296875 0.390625 0.029296875 0.0419921875
1 0.9482421875 0.3486328125 0.025390625 0.0419921875
0 0.8642578125 0.6181640625 0.0625 0.0302734375
0 0.314453125 0.91015625 0.28125 0.169921875
0 0.380859375 0.5859375 0.0498046875 0.033203125
0 0.41796875 0.453125 0.0205078125 0.0390625
1 0.7666015625 0.306640625 0.033203125 0.052734375
0 0.7080078125 0.4775390625 0.0283203125 0.02734375
0 0.400390625 0.4287109375 0.03125 0.01953125
0 0.919921875 0.578125 0.138671875 0.0556640625
1 0.6689453125 0.3232421875 0.0185546875 0.0302734375
1 0.8466796875 0.330078125 0.0185546875 0.033203125
0 0.0390625 0.544921875 0.078125 0.0498046875
0 0.0439453125 0.5947265625 0.087890625 0.0615234375
0 0.2265625 0.375 0.0185546875 0.033203125
1 0.9111328125 0.330078125 0.0283203125 0.044921875
1 0.306640625 0.3486328125 0.013671875 0.01953125
1 0.650390625 0.3740234375 0.0439453125 0.0419921875
0 0.4638671875 0.392578125 0.0283203125 0.025390625
0 0.30078125 0.49609375 0.0205078125 0.025390625
1 0.2919921875 0.3662109375 0.021484375 0.02734375
1 0.353515625 0.392578125 0.029296875 0.0419921875
0 0.380859375 0.404296875 0.0126953125 0.0302734375
1 0.7763671875 0.359375 0.015625 0.0302734375
0 0.275390625 0.423828125 0.0361328125 0.0302734375
0 0.61328125 0.3857421875 0.0234375 0.0166015625
1 0.34375 0.3447265625 0.025390625 0.044921875
0 0.443359375 0.4736328125 0.03125 0.01953125
0 0.1435546875 0.673828125 0.037109375 0.0693359375
1 0.9541015625 0.7529296875 0.0888671875 0.177734375
0 0.0615234375 0.9541015625 0.1171875 0.080078125