2 0.8349609375 0.927734375 0.1640625 0.0830078125
1 0.6591796875 0.65234375 0.412109375 0.4169921875
0 0.2255859375 0.9287109375 0.1953125 0.130859375
1 0.357421875 0.4912109375 0.1484375 0.171875
1 0.642578125 0.31640625 0.017578125 0.02734375
1 0.431640625 0.40234375 0.1064453125 0.14453125
1 0.662109375 0.3212890625 0.0205078125 0.025390625
1 0.431640625 0.3291015625 0.025390625 0.0302734375
1 0.2919921875 0.3349609375 0.015625 0.0302734375
1 0.654296875 0.392578125 0.0703125 0.15234375
1 0.3505859375 0.3359375 0.033203125 0.0556640625
1 0.888671875 0.341796875 0.078125 0.111328125
1 0.0751953125 0.5166015625 0.150390625 0.2724609375
1 0.556640625 0.365234375 0.0390625 0.0419921875
1 0.2373046875 0.3662109375 0.056640625 0.0888671875
1 0.1923828125 0.466796875 0.130859375 0.205078125
1 0.9658203125 0.41015625 0.068359375 0.18359375
1 0.486328125 0.341796875 0.0205078125 0.044921875
1 0.7685546875 0.3291015625 0.0439453125 0.0859375
1 0.310546875 0.3388671875 0.0283203125 0.0498046875
1 0.04296875 0.3916015625 0.0517578125 0.0556640625
2 0.525390625 0.591796875 0.0361328125 0.044921875
1 0.5859375 0.3349609375 0.0341796875 0.080078125
0 0.380859375 0.9423828125 0.09765625 0.115234375
1 0.7197265625 0.31640625 0.0361328125 0.0498046875
0 0.474609375 0.482421875 0.037109375 0.0419921875
1 0.9501953125 0.6572265625 0.09375 0.3642578125
1 0.607421875 0.3212890625 0.0205078125 0.0361328125
0 0.888671875 0.6025390625 0.0751953125 0.0556640625
1 0.330078125 0.349609375 0.0185546875 0.033203125
2 0.7978515625 0.431640625 0.0234375 0.025390625
0 0.439453125 0.611328125 0.052734375 0.044921875
1 0.525390625 0.3544921875 0.0126953125 0.025390625
1 0.455078125 0.33203125 0.0263671875 0.046875
0 0.4189453125 0.453125 0.0185546875 0.033203125
0 0.490234375 0.427734375 0.025390625 0.0166015625
1 0.798828125 0.3359375 0.0263671875 0.044921875
0 0.4609375 0.390625 0.0341796875 0.025390625
0 0.611328125 0.3974609375 0.0263671875 0.0166015625
0 0.2939453125 0.568359375 0.0498046875 0.0361328125
0 0.39453125 0.4287109375 0.044921875 0.025390625
0 0.556640625 0.5556640625 0.0498046875 0.033203125
0 0.326171875 0.404296875 0.021484375 0.013671875
0 0.5888671875 0.37890625 0.0185546875 0.013671875
1 0.5107421875 0.31640625 0.025390625 0.0390625
0 0.7568359375 0.404296875 0.033203125 0.0419921875
1 0.349609375 0.404296875 0.03125 0.05859375
1 0.3740234375 0.3779296875 0.0107421875 0.0224609375
0 0.2998046875 0.5009765625 0.0185546875 0.025390625
0 0.935546875 0.3916015625 0.021484375 0.044921875
0 0.2822265625 0.4287109375 0.0419921875 0.025390625
1 0.7998046875 0.3916015625 0.0498046875 0.06640625
0 0.03125 0.5166015625 0.0625 0.0556640625
1 0.89453125 0.3232421875 0.0205078125 0.0302734375