2 0.833984375 0.927734375 0.166015625 0.0830078125
1 0.662109375 0.6357421875 0.423828125 0.4443359375
1 0.6416015625 0.31640625 0.0205078125 0.0224609375
1 0.373046875 0.474609375 0.142578125 0.205078125
1 0.5029296875 0.330078125 0.0126953125 0.033203125
1 0.650390625 0.388671875 0.0751953125 0.150390625
1 0.8759765625 0.4912109375 0.236328125 0.2333984375
1 0.4873046875 0.33984375 0.0185546875 0.0361328125
1 0.4658203125 0.330078125 0.046875 0.099609375
1 0.6787109375 0.3154296875 0.0205078125 0.0302734375
1 0.34375 0.349609375 0.0439453125 0.06640625
1 0.234375 0.3681640625 0.0439453125 0.0693359375
1 0.767578125 0.326171875 0.0419921875 0.0859375
1 0.283203125 0.361328125 0.046875 0.078125
1 0.5927734375 0.3486328125 0.044921875 0.080078125
1 0.431640625 0.3291015625 0.0263671875 0.0302734375
1 0.177734375 0.400390625 0.1064453125 0.1552734375
1 0.509765625 0.380859375 0.056640625 0.1279296875
2 0.5234375 0.58984375 0.0283203125 0.0361328125
1 0.0810546875 0.6318359375 0.15625 0.513671875
1 0.693359375 0.3388671875 0.03125 0.072265625
1 0.830078125 0.3232421875 0.025390625 0.0419921875
1 0.412109375 0.3720703125 0.056640625 0.0947265625
1 0.1767578125 0.3427734375 0.025390625 0.0361328125
1 0.8779296875 0.3232421875 0.056640625 0.091796875
0 0.478515625 0.4833984375 0.0419921875 0.0390625
1 0.9296875 0.3447265625 0.0625 0.0888671875
1 0.037109375 0.3916015625 0.0361328125 0.033203125
0 0.375 0.5751953125 0.068359375 0.044921875
0 0.3818359375 0.94140625 0.111328125 0.1162109375
0 0.439453125 0.611328125 0.052734375 0.044921875
0 0.40625 0.4404296875 0.03125 0.0361328125
1 0.9794921875 0.3544921875 0.041015625 0.0693359375
0 0.1689453125 0.447265625 0.03125 0.033203125
1 0.75 0.4169921875 0.0439453125 0.0830078125
0 0.2734375 0.96484375 0.0908203125 0.0693359375
0 0.888671875 0.60546875 0.064453125 0.044921875
1 0.962890625 0.716796875 0.068359375 0.25
1 0.3603515625 0.35546875 0.013671875 0.0224609375
0 0.556640625 0.546875 0.037109375 0.033203125
0 0.498046875 0.4306640625 0.021484375 0.0224609375
0 0.6103515625 0.392578125 0.0234375 0.01953125
1 0.89453125 0.3740234375 0.033203125 0.0302734375
0 0.2548828125 0.4072265625 0.021484375 0.013671875
0 0.04296875 0.595703125 0.0859375 0.0634765625
1 0.58203125 0.328125 0.013671875 0.0224609375
2 0.796875 0.4287109375 0.021484375 0.01953125
1 0.3544921875 0.3291015625 0.0126953125 0.01953125
0 0.0419921875 0.548828125 0.083984375 0.052734375
0 0.587890625 0.3779296875 0.0185546875 0.0166015625
0 0.611328125 0.47265625 0.0419921875 0.033203125
1 0.322265625 0.3486328125 0.0126953125 0.01953125
0 0.189453125 0.4931640625 0.03125 0.01953125
0 0.4296875 0.466796875 0.0126953125 0.0107421875
0 0.279296875 0.4306640625 0.0439453125 0.0224609375
2 0.060546875 0.96484375 0.0576171875 0.0634765625
0 0.759765625 0.3740234375 0.0263671875 0.0302734375
0 0.373046875 0.37109375 0.0126953125 0.013671875
2 0.291015625 0.404296875 0.0107421875 0.0302734375
2 0.0068359375 0.94140625 0.013671875 0.0556640625
2 0.4599609375 0.955078125 0.0234375 0.0830078125
0 0.59375 0.455078125 0.0185546875 0.02734375
0 0.4638671875 0.3720703125 0.0126953125 0.0166015625
0 0.46875 0.4541015625 0.037109375 0.0302734375
0 0.3125 0.361328125 0.0126953125 0.0166015625