2 0.833984375 0.923828125 0.166015625 0.080078125
1 0.666015625 0.6611328125 0.4248046875 0.4169921875
1 0.2412109375 0.7666015625 0.3486328125 0.4609375
1 0.3681640625 0.4931640625 0.158203125 0.1865234375
1 0.2353515625 0.3486328125 0.0234375 0.0302734375
1 0.65625 0.392578125 0.0751953125 0.1357421875
1 0.841796875 0.4599609375 0.1923828125 0.26953125
1 0.423828125 0.3291015625 0.056640625 0.09765625
1 0.2744140625 0.3486328125 0.0234375 0.0302734375
1 0.830078125 0.326171875 0.033203125 0.046875
1 0.763671875 0.3291015625 0.0595703125 0.1025390625
1 0.1982421875 0.4365234375 0.119140625 0.216796875
1 0.509765625 0.3818359375 0.078125 0.1416015625
1 0.900390625 0.3515625 0.0517578125 0.1025390625
1 0.357421875 0.341796875 0.029296875 0.0498046875
1 0.712890625 0.3447265625 0.037109375 0.06640625
1 0.9501953125 0.6044921875 0.099609375 0.453125
1 0.072265625 0.5263671875 0.14453125 0.275390625
1 0.4921875 0.341796875 0.0185546875 0.044921875
1 0.248046875 0.3857421875 0.0361328125 0.0556640625
1 0.638671875 0.318359375 0.0185546875 0.0302734375
1 0.57421875 0.3544921875 0.0419921875 0.0693359375
1 0.2998046875 0.341796875 0.025390625 0.044921875
1 0.1796875 0.341796875 0.037109375 0.0556640625
0 0.37890625 0.580078125 0.060546875 0.02734375
1 0.048828125 0.4052734375 0.052734375 0.0556640625
1 0.974609375 0.361328125 0.0498046875 0.0556640625
0 0.494140625 0.4306640625 0.0263671875 0.0224609375
0 0.4384765625 0.6083984375 0.0546875 0.0390625
0 0.384765625 0.92578125 0.15234375 0.1484375
0 0.541015625 0.5751953125 0.1064453125 0.0498046875
0 0.4189453125 0.455078125 0.03125 0.0390625
0 0.404296875 0.427734375 0.0283203125 0.0224609375
1 0.59375 0.3154296875 0.0185546875 0.0361328125
1 0.728515625 0.3037109375 0.0185546875 0.0302734375
1 0.541015625 0.3447265625 0.0205078125 0.0498046875
1 0.607421875 0.330078125 0.013671875 0.02734375
1 0.09375 0.4306640625 0.0439453125 0.078125
0 0.474609375 0.482421875 0.0439453125 0.0361328125
1 0.6669921875 0.31640625 0.0185546875 0.033203125
0 0.298828125 0.5654296875 0.0419921875 0.025390625
0 0.611328125 0.39453125 0.025390625 0.0166015625
0 0.650390625 0.419921875 0.03125 0.0224609375
1 0.0185546875 0.4541015625 0.037109375 0.091796875
0 0.142578125 0.4609375 0.0263671875 0.0166015625
0 0.798828125 0.3779296875 0.021484375 0.0107421875
1 0.923828125 0.35546875 0.017578125 0.0390625
0 0.900390625 0.4052734375 0.0419921875 0.0224609375
1 0.3173828125 0.3515625 0.0126953125 0.025390625
0 0.498046875 0.591796875 0.029296875 0.0224609375
1 0.2841796875 0.4345703125 0.0498046875 0.130859375
0 0.2998046875 0.4990234375 0.0185546875 0.0302734375
0 0.6240234375 0.3837890625 0.013671875 0.0166015625
0 0.462890625 0.3916015625 0.0185546875 0.0166015625
0 0.32421875 0.4052734375 0.0263671875 0.0166015625
1 0.4580078125 0.3525390625 0.021484375 0.033203125
0 0.287109375 0.4287109375 0.03125 0.01953125
0 0.248046875 0.41796875 0.03125 0.01953125
1 0.810546875 0.359375 0.013671875 0.0302734375
0 0.7177734375 0.4306640625 0.0205078125 0.0166015625
1 0.607421875 0.3525390625 0.013671875 0.0224609375