2 0.83203125 0.9248046875 0.1640625 0.0830078125
1 0.263671875 0.75390625 0.416015625 0.4697265625
1 0.654296875 0.625 0.3544921875 0.455078125
1 0.369140625 0.4931640625 0.1435546875 0.1748046875
1 0.4599609375 0.349609375 0.044921875 0.0830078125
1 0.6591796875 0.3291015625 0.021484375 0.046875
1 0.31640625 0.365234375 0.0517578125 0.091796875
1 0.3505859375 0.341796875 0.0205078125 0.0390625
1 0.1865234375 0.44140625 0.123046875 0.205078125
1 0.1748046875 0.3544921875 0.03125 0.0419921875
1 0.7197265625 0.3974609375 0.091796875 0.1337890625
1 0.4931640625 0.33203125 0.0263671875 0.0419921875
1 0.8310546875 0.3125 0.025390625 0.0302734375
1 0.642578125 0.3232421875 0.0205078125 0.0419921875
1 0.5556640625 0.3662109375 0.0361328125 0.0556640625
1 0.7626953125 0.3056640625 0.0439453125 0.0830078125
1 0.080078125 0.5107421875 0.158203125 0.2724609375
1 0.9052734375 0.357421875 0.048828125 0.1025390625
1 0.2236328125 0.3681640625 0.025390625 0.0419921875
1 0.28125 0.3447265625 0.0185546875 0.033203125
1 0.25 0.384765625 0.0439453125 0.080078125
1 0.9404296875 0.3427734375 0.0341796875 0.05859375
0 0.892578125 0.5927734375 0.1669921875 0.0693359375
0 0.5234375 0.572265625 0.083984375 0.0556640625
1 0.9794921875 0.35546875 0.041015625 0.0556640625
1 0.599609375 0.341796875 0.0185546875 0.0390625
0 0.474609375 0.48046875 0.0361328125 0.0390625
1 0.80078125 0.3427734375 0.0517578125 0.0751953125
0 0.439453125 0.607421875 0.052734375 0.0419921875
0 0.3759765625 0.580078125 0.0546875 0.0390625
1 0.369140625 0.3544921875 0.0185546875 0.0419921875
1 0.943359375 0.580078125 0.107421875 0.5107421875
0 0.494140625 0.4306640625 0.03125 0.0224609375
1 0.6689453125 0.3662109375 0.03125 0.0556640625
1 0.7236328125 0.330078125 0.03125 0.0556640625
0 0.41796875 0.451171875 0.0205078125 0.0361328125
1 0.5791015625 0.3427734375 0.0234375 0.0361328125
1 0.423828125 0.328125 0.0263671875 0.044921875
0 0.587890625 0.455078125 0.025390625 0.033203125
0 0.408203125 0.427734375 0.021484375 0.0224609375
0 0.1357421875 0.462890625 0.0341796875 0.01953125
1 0.5185546875 0.341796875 0.03125 0.0556640625
1 0.0302734375 0.4052734375 0.0546875 0.06640625
1 0.4267578125 0.3916015625 0.0341796875 0.0498046875
0 0.29296875 0.4306640625 0.0234375 0.0166015625
1 0.0849609375 0.4306640625 0.044921875 0.072265625
0 0.716796875 0.48046875 0.0263671875 0.0390625
1 0.30078125 0.3486328125 0.017578125 0.01953125
0 0.32421875 0.4052734375 0.0263671875 0.0166015625
0 0.90625 0.4072265625 0.037109375 0.013671875
2 0.98046875 0.568359375 0.0390625 0.025390625
0 0.587890625 0.380859375 0.025390625 0.0166015625
0 0.794921875 0.3779296875 0.0205078125 0.0107421875
2 0.0185546875 0.9462890625 0.037109375 0.0859375
0 0.6494140625 0.4599609375 0.138671875 0.05859375
0 0.4658203125 0.388671875 0.021484375 0.0224609375
0 0.029296875 0.5166015625 0.05859375 0.064453125
0 0.30078125 0.4970703125 0.0234375 0.033203125
1 0.3134765625 0.35546875 0.0107421875 0.0224609375
0 0.025390625 0.7412109375 0.037109375 0.0556640625
1 0.7939453125 0.4013671875 0.0439453125 0.052734375