2 0.8359375 0.923828125 0.166015625 0.080078125
1 0.2490234375 0.7607421875 0.4267578125 0.4775390625
1 0.26953125 0.341796875 0.0234375 0.02734375
1 0.29296875 0.328125 0.017578125 0.0224609375
1 0.861328125 0.4736328125 0.248046875 0.2587890625
1 0.642578125 0.318359375 0.021484375 0.0361328125
1 0.5615234375 0.35546875 0.0361328125 0.0390625
1 0.7353515625 0.3193359375 0.0205078125 0.033203125
1 0.3798828125 0.48046875 0.146484375 0.1884765625
1 0.4580078125 0.34765625 0.052734375 0.0947265625
1 0.568359375 0.4072265625 0.1142578125 0.1357421875
1 0.6787109375 0.6787109375 0.4482421875 0.3359375
1 0.6796875 0.3154296875 0.015625 0.025390625
1 0.2158203125 0.3544921875 0.021484375 0.0302734375
1 0.361328125 0.3515625 0.0390625 0.0634765625
1 0.896484375 0.328125 0.056640625 0.06640625
1 0.76953125 0.31640625 0.0361328125 0.0556640625
1 0.19140625 0.4482421875 0.1357421875 0.19140625
1 0.0693359375 0.4970703125 0.1357421875 0.244140625
1 0.5947265625 0.341796875 0.048828125 0.072265625
1 0.705078125 0.404296875 0.1015625 0.158203125
1 0.8193359375 0.3359375 0.080078125 0.0947265625
1 0.287109375 0.427734375 0.0810546875 0.1669921875
1 0.171875 0.357421875 0.041015625 0.052734375
0 0.478515625 0.482421875 0.041015625 0.0419921875
1 0.7197265625 0.34765625 0.0263671875 0.0556640625
0 0.884765625 0.6044921875 0.1015625 0.05859375
0 0.3134765625 0.9580078125 0.185546875 0.0830078125
1 0.0439453125 0.3984375 0.0498046875 0.05859375
1 0.42578125 0.361328125 0.0263671875 0.044921875
0 0.439453125 0.611328125 0.052734375 0.044921875
0 0.3759765625 0.5791015625 0.060546875 0.0361328125
0 0.537109375 0.580078125 0.119140625 0.06640625
1 0.9384765625 0.3388671875 0.0361328125 0.0498046875
1 0.982421875 0.3349609375 0.033203125 0.080078125
0 0.408203125 0.443359375 0.025390625 0.0419921875
0 0.697265625 0.48046875 0.048828125 0.02734375
1 0.5244140625 0.34765625 0.013671875 0.033203125
0 0.330078125 0.404296875 0.021484375 0.013671875
1 0.25 0.384765625 0.025390625 0.05859375
1 0.5986328125 0.3056640625 0.015625 0.0224609375
1 0.5107421875 0.3037109375 0.015625 0.025390625
0 0.498046875 0.423828125 0.0283203125 0.01953125
0 0.6455078125 0.41796875 0.0341796875 0.0302734375
1 0.5048828125 0.341796875 0.0283203125 0.0498046875
0 0.6162109375 0.482421875 0.0361328125 0.0419921875
0 0.7744140625 0.443359375 0.0361328125 0.0361328125
0 0.2001953125 0.4912109375 0.0498046875 0.0224609375
0 0.4248046875 0.46484375 0.03125 0.025390625
0 0.7978515625 0.3779296875 0.0234375 0.0166015625
1 0.326171875 0.3525390625 0.017578125 0.0224609375
0 0.1845703125 0.455078125 0.0751953125 0.033203125
0 0.587890625 0.3818359375 0.0234375 0.025390625
1 0.2978515625 0.3662109375 0.0205078125 0.02734375
1 0.84375 0.31640625 0.0126953125 0.02734375
0 0.9638671875 0.39453125 0.0341796875 0.0390625
0 0.30078125 0.5068359375 0.0234375 0.046875
1 0.619140625 0.384765625 0.03125 0.0693359375
0 0.6123046875 0.5634765625 0.0185546875 0.0224609375
0 0.1259765625 0.4638671875 0.0205078125 0.0224609375
0 0.0322265625 0.5 0.0517578125 0.033203125
1 0.2705078125 0.3916015625 0.025390625 0.033203125
0 0.787109375 0.404296875 0.025390625 0.0361328125
0 0.1171875 0.4150390625 0.0283203125 0.052734375
0 0.3125 0.380859375 0.0126953125 0.044921875
0 0.326171875 0.431640625 0.0126953125 0.0361328125
0 0.275390625 0.4248046875 0.033203125 0.033203125