2 0.8349609375 0.927734375 0.1640625 0.0830078125
1 0.666015625 0.669921875 0.4345703125 0.3837890625
1 0.375 0.4833984375 0.150390625 0.18359375
1 0.259765625 0.7724609375 0.330078125 0.4443359375
1 0.306640625 0.3193359375 0.013671875 0.0224609375
1 0.07421875 0.6484375 0.1484375 0.51953125
1 0.73828125 0.3154296875 0.017578125 0.0302734375
1 0.705078125 0.408203125 0.1123046875 0.171875
1 0.53515625 0.4736328125 0.1611328125 0.1806640625
1 0.875 0.4775390625 0.2314453125 0.244140625
1 0.45703125 0.341796875 0.0546875 0.0830078125
1 0.3447265625 0.37890625 0.048828125 0.130859375
0 0.3330078125 0.9580078125 0.171875 0.0830078125
1 0.494140625 0.33984375 0.0263671875 0.046875
1 0.279296875 0.3427734375 0.021484375 0.0361328125
1 0.1875 0.4541015625 0.130859375 0.23046875
1 0.921875 0.34765625 0.072265625 0.0830078125
1 0.232421875 0.35546875 0.0419921875 0.0830078125
1 0.619140625 0.3427734375 0.0576171875 0.080078125
1 0.53515625 0.3291015625 0.017578125 0.0419921875
1 0.279296875 0.40234375 0.0703125 0.1337890625
1 0.8173828125 0.3427734375 0.068359375 0.09765625
1 0.169921875 0.3544921875 0.0390625 0.05859375
1 0.412109375 0.369140625 0.048828125 0.0888671875
1 0.7685546875 0.328125 0.0439453125 0.06640625
1 0.9501953125 0.677734375 0.09375 0.3330078125
0 0.8759765625 0.60546875 0.0830078125 0.0498046875
0 0.375 0.578125 0.0625 0.033203125
1 0.5615234375 0.3681640625 0.0361328125 0.0634765625
1 0.6630859375 0.3232421875 0.0205078125 0.0419921875
1 0.974609375 0.392578125 0.0498046875 0.1142578125
0 0.439453125 0.6083984375 0.052734375 0.0390625
1 0.873046875 0.3544921875 0.0419921875 0.0419921875
1 0.0498046875 0.4052734375 0.037109375 0.0556640625
1 0.6455078125 0.3232421875 0.0185546875 0.0302734375
1 0.685546875 0.3359375 0.013671875 0.033203125
0 0.5302734375 0.580078125 0.1298828125 0.06640625
1 0.849609375 0.3291015625 0.0126953125 0.01953125
0 0.38671875 0.892578125 0.142578125 0.091796875
0 0.6494140625 0.423828125 0.033203125 0.01953125
0 0.498046875 0.4306640625 0.0205078125 0.0166015625
1 0.673828125 0.3681640625 0.03125 0.046875
0 0.7724609375 0.44140625 0.029296875 0.033203125
0 0.0087890625 0.50390625 0.017578125 0.0302734375
0 0.412109375 0.4306640625 0.0126953125 0.0224609375
0 0.611328125 0.390625 0.021484375 0.025390625
1 0.337890625 0.3486328125 0.0205078125 0.01953125
0 0.466796875 0.3857421875 0.025390625 0.0166015625
0 0.619140625 0.48046875 0.03125 0.02734375
0 0.3017578125 0.5068359375 0.025390625 0.046875
0 0.421875 0.453125 0.025390625 0.044921875
0 0.23046875 0.39453125 0.0234375 0.0224609375
1 0.3642578125 0.35546875 0.0185546875 0.02734375
1 0.318359375 0.3525390625 0.0126953125 0.0224609375
0 0.7998046875 0.37890625 0.025390625 0.01953125
0 0.587890625 0.4609375 0.025390625 0.044921875
0 0.787109375 0.3984375 0.017578125 0.0087890625
1 0.611328125 0.3330078125 0.013671875 0.0224609375
1 0.1064453125 0.44140625 0.037109375 0.0556640625
0 0.326171875 0.4052734375 0.0185546875 0.0166015625
0 0.3125 0.37890625 0.0126953125 0.0419921875
1 0.6279296875 0.3681640625 0.0185546875 0.025390625
0 0.7509765625 0.37890625 0.013671875 0.0419921875