2 0.83203125 0.927734375 0.1640625 0.0830078125
1 0.630859375 0.6181640625 0.375 0.486328125
1 0.361328125 0.4931640625 0.1669921875 0.1640625
1 0.736328125 0.318359375 0.0185546875 0.0302734375
1 0.724609375 0.39453125 0.1044921875 0.138671875
2 0.5185546875 0.58984375 0.025390625 0.0361328125
1 0.486328125 0.3427734375 0.021484375 0.046875
1 0.431640625 0.39453125 0.099609375 0.150390625
1 0.2607421875 0.7666015625 0.337890625 0.4443359375
1 0.1787109375 0.3955078125 0.1015625 0.1640625
1 0.26953125 0.4169921875 0.0859375 0.14453125
1 0.322265625 0.3779296875 0.056640625 0.0947265625
1 0.0810546875 0.580078125 0.15625 0.400390625
1 0.955078125 0.453125 0.0888671875 0.2275390625
1 0.275390625 0.349609375 0.0185546875 0.033203125
1 0.2939453125 0.33984375 0.0185546875 0.0361328125
1 0.51171875 0.37890625 0.0732421875 0.1474609375
1 0.888671875 0.3330078125 0.0673828125 0.06640625
1 0.63671875 0.341796875 0.048828125 0.072265625
1 0.443359375 0.33984375 0.0185546875 0.0361328125
1 0.8173828125 0.3359375 0.068359375 0.0830078125
1 0.5927734375 0.3544921875 0.0517578125 0.09765625
1 0.50390625 0.330078125 0.017578125 0.044921875
1 0.2197265625 0.361328125 0.029296875 0.06640625
1 0.763671875 0.3212890625 0.048828125 0.0751953125
1 0.029296875 0.404296875 0.037109375 0.052734375
1 0.7197265625 0.341796875 0.033203125 0.044921875
0 0.4873046875 0.4287109375 0.03125 0.01953125
1 0.94921875 0.3486328125 0.0234375 0.0419921875
1 0.3544921875 0.330078125 0.015625 0.02734375
0 0.4755859375 0.482421875 0.0390625 0.0419921875
0 0.4384765625 0.607421875 0.0546875 0.0419921875
1 0.462890625 0.3486328125 0.025390625 0.0419921875
0 0.8642578125 0.6181640625 0.0625 0.0302734375
0 0.400390625 0.4404296875 0.037109375 0.0419921875
1 0.6689453125 0.330078125 0.0185546875 0.0390625
0 0.3759765625 0.5751953125 0.0576171875 0.044921875
0 0.7109375 0.474609375 0.041015625 0.033203125
1 0.3671875 0.35546875 0.015625 0.033203125
1 0.287109375 0.37890625 0.029296875 0.0361328125
1 0.3447265625 0.3544921875 0.0205078125 0.0302734375
0 0.431640625 0.4677734375 0.0498046875 0.025390625
0 0.904296875 0.5791015625 0.1533203125 0.0634765625
1 0.904296875 0.3876953125 0.03125 0.0419921875
1 0.8466796875 0.330078125 0.0185546875 0.02734375
0 0.466796875 0.390625 0.0283203125 0.01953125
1 0.537109375 0.3525390625 0.0126953125 0.033203125
0 0.61328125 0.384765625 0.017578125 0.01953125
1 0.3984375 0.392578125 0.025390625 0.046875
1 0.6748046875 0.375 0.0185546875 0.033203125
0 0.6005859375 0.3955078125 0.013671875 0.013671875
0 0.53125 0.5634765625 0.03125 0.0224609375
0 0.28125 0.4287109375 0.037109375 0.025390625
1 0.64453125 0.328125 0.0107421875 0.0224609375
0 0.30078125 0.49609375 0.0205078125 0.025390625
0 0.380859375 0.41015625 0.0126953125 0.0302734375
1 0.9501953125 0.7412109375 0.09375 0.2001953125
0 0.0576171875 0.9541015625 0.109375 0.080078125
0 0.1240234375 0.451171875 0.0361328125 0.0361328125
0 0.8125 0.3876953125 0.056640625 0.0302734375
1 0.76171875 0.30859375 0.013671875 0.0166015625