2 0.8349609375 0.923828125 0.1640625 0.080078125
1 0.263671875 0.7373046875 0.390625 0.4306640625
1 0.8564453125 0.466796875 0.2373046875 0.27734375
1 0.373046875 0.490234375 0.1435546875 0.1748046875
1 0.724609375 0.388671875 0.080078125 0.150390625
1 0.4599609375 0.345703125 0.0361328125 0.0634765625
1 0.294921875 0.341796875 0.013671875 0.0224609375
1 0.5244140625 0.466796875 0.123046875 0.1884765625
1 0.8564453125 0.3486328125 0.0439453125 0.05859375
1 0.912109375 0.322265625 0.029296875 0.044921875
1 0.6787109375 0.3662109375 0.0361328125 0.044921875
1 0.205078125 0.4267578125 0.123046875 0.2138671875
1 0.232421875 0.359375 0.029296875 0.0419921875
1 0.5927734375 0.318359375 0.017578125 0.0361328125
1 0.41796875 0.3740234375 0.0673828125 0.091796875
1 0.3125 0.35546875 0.056640625 0.0947265625
1 0.6484375 0.3291015625 0.021484375 0.052734375
1 0.4873046875 0.3427734375 0.0185546875 0.0361328125
1 0.0673828125 0.517578125 0.134765625 0.2861328125
1 0.525390625 0.35546875 0.0185546875 0.033203125
1 0.810546875 0.3291015625 0.0625 0.091796875
0 0.478515625 0.482421875 0.046875 0.0419921875
0 0.8818359375 0.630859375 0.0986328125 0.078125
0 0.3857421875 0.58203125 0.056640625 0.0361328125
1 0.837890625 0.318359375 0.013671875 0.046875
0 0.439453125 0.607421875 0.052734375 0.0419921875
0 0.5126953125 0.5791015625 0.0625 0.046875
1 0.0244140625 0.4013671875 0.048828125 0.0634765625
1 0.763671875 0.328125 0.0419921875 0.0888671875
1 0.580078125 0.3427734375 0.0234375 0.0419921875
1 0.337890625 0.349609375 0.0185546875 0.033203125
1 0.9560546875 0.669921875 0.087890625 0.3388671875
0 0.349609375 0.3779296875 0.0234375 0.0224609375
0 0.486328125 0.4306640625 0.0263671875 0.0224609375
1 0.736328125 0.240234375 0.013671875 0.0302734375
1 0.505859375 0.3291015625 0.0263671875 0.05859375
0 0.185546875 0.455078125 0.072265625 0.02734375
0 0.4228515625 0.4501953125 0.017578125 0.044921875
0 0.7978515625 0.37890625 0.0234375 0.013671875
1 0.7744140625 0.3984375 0.0361328125 0.05859375
1 0.1552734375 0.400390625 0.0234375 0.044921875
0 0.4658203125 0.390625 0.021484375 0.01953125
1 0.669921875 0.3232421875 0.0205078125 0.0302734375
1 0.537109375 0.4052734375 0.0263671875 0.06640625
0 0.7353515625 0.4736328125 0.048828125 0.0419921875
1 0.560546875 0.3857421875 0.0361328125 0.0556640625
0 0.255859375 0.41015625 0.0234375 0.01953125
0 0.201171875 0.4892578125 0.052734375 0.02734375
0 0.7666015625 0.44140625 0.0205078125 0.02734375
1 0.0205078125 0.4638671875 0.041015625 0.0888671875
0 0.9443359375 0.3525390625 0.048828125 0.0224609375
0 0.5869140625 0.3740234375 0.013671875 0.01953125
1 0.3603515625 0.3525390625 0.0107421875 0.0224609375
1 0.724609375 0.27734375 0.033203125 0.06640625
0 0.2802734375 0.4306640625 0.044921875 0.0224609375
1 0.888671875 0.3291015625 0.017578125 0.0361328125
2 0.4580078125 0.955078125 0.025390625 0.0830078125
0 0.6103515625 0.3876953125 0.013671875 0.025390625
1 0.541015625 0.35546875 0.015625 0.02734375