2 0.8349609375 0.9248046875 0.1640625 0.0830078125
1 0.681640625 0.681640625 0.4375 0.3642578125
1 0.87890625 0.486328125 0.232421875 0.244140625
1 0.462890625 0.341796875 0.048828125 0.0888671875
1 0.357421875 0.4931640625 0.1611328125 0.1806640625
1 0.06640625 0.640625 0.1298828125 0.513671875
1 0.732421875 0.3115234375 0.013671875 0.033203125
1 0.642578125 0.404296875 0.076171875 0.130859375
1 0.54296875 0.486328125 0.2080078125 0.18359375
1 0.494140625 0.3427734375 0.0185546875 0.0302734375
1 0.1943359375 0.4541015625 0.1298828125 0.236328125
1 0.267578125 0.4111328125 0.0673828125 0.14453125
1 0.642578125 0.31640625 0.0205078125 0.02734375
1 0.505859375 0.3232421875 0.013671875 0.0302734375
1 0.2314453125 0.365234375 0.03125 0.0634765625
1 0.2802734375 0.3544921875 0.0234375 0.0361328125
1 0.669921875 0.3291015625 0.0419921875 0.0751953125
1 0.3544921875 0.3427734375 0.021484375 0.0419921875
1 0.767578125 0.31640625 0.041015625 0.078125
1 0.8193359375 0.337890625 0.0673828125 0.091796875
1 0.583984375 0.341796875 0.037109375 0.072265625
1 0.7685546875 0.392578125 0.087890625 0.125
1 0.32421875 0.3623046875 0.048828125 0.080078125
1 0.8857421875 0.3251953125 0.052734375 0.0830078125
1 0.81640625 0.3115234375 0.013671875 0.0166015625
1 0.2939453125 0.3291015625 0.0185546875 0.025390625
1 0.0859375 0.4306640625 0.0625 0.0830078125
0 0.4755859375 0.482421875 0.0419921875 0.0361328125
0 0.892578125 0.591796875 0.109375 0.06640625
0 0.4072265625 0.427734375 0.0234375 0.0224609375
1 0.92578125 0.3359375 0.029296875 0.044921875
0 0.439453125 0.607421875 0.052734375 0.0419921875
1 0.1884765625 0.369140625 0.033203125 0.0498046875
0 0.4873046875 0.4306640625 0.025390625 0.0224609375
0 0.380859375 0.580078125 0.0732421875 0.033203125
0 0.421875 0.455078125 0.03125 0.0390625
1 0.013671875 0.4501953125 0.02734375 0.099609375
1 0.037109375 0.4072265625 0.0361328125 0.052734375
0 0.5439453125 0.578125 0.125 0.0556640625
1 0.2998046875 0.37890625 0.0185546875 0.0302734375
0 0.6982421875 0.4794921875 0.0498046875 0.0302734375
1 0.955078125 0.69140625 0.0830078125 0.2998046875
1 0.8515625 0.3427734375 0.021484375 0.0361328125
1 0.9716796875 0.359375 0.052734375 0.05859375
0 0.2939453125 0.56640625 0.0498046875 0.033203125
2 0.798828125 0.4375 0.029296875 0.025390625
0 0.6123046875 0.5595703125 0.0439453125 0.0302734375
0 0.80078125 0.4052734375 0.0419921875 0.0224609375
1 0.5947265625 0.3193359375 0.0107421875 0.0224609375
0 0.60546875 0.39453125 0.0234375 0.0166015625
0 0.28515625 0.4306640625 0.0361328125 0.0224609375
0 0.8876953125 0.3642578125 0.025390625 0.0224609375
1 0.576171875 0.3916015625 0.0341796875 0.044921875
0 0.0087890625 0.505859375 0.017578125 0.02734375
0 0.6435546875 0.4248046875 0.025390625 0.0166015625
0 0.044921875 0.591796875 0.08984375 0.0625
0 0.216796875 0.392578125 0.017578125 0.01953125
0 0.0390625 0.546875 0.078125 0.0556640625
0 0.30078125 0.49609375 0.0205078125 0.025390625
0 0.25 0.419921875 0.03125 0.0224609375
0 0.3125 0.3583984375 0.0185546875 0.0107421875
2 0.7216796875 0.45703125 0.021484375 0.013671875
1 0.61328125 0.3515625 0.017578125 0.046875
1 0.2626953125 0.369140625 0.0126953125 0.033203125
2 0.818359375 0.3681640625 0.025390625 0.025390625
1 0.830078125 0.3212890625 0.017578125 0.025390625
1 0.7666015625 0.3681640625 0.0205078125 0.0419921875
0 0.451171875 0.466796875 0.0361328125 0.02734375
0 0.1904296875 0.9287109375 0.2158203125 0.1416015625
0 0.59375 0.3740234375 0.0126953125 0.01953125