2 0.8349609375 0.923828125 0.1640625 0.080078125
1 0.650390625 0.6044921875 0.3857421875 0.51953125
1 0.4375 0.40234375 0.099609375 0.1611328125
1 0.64453125 0.31640625 0.017578125 0.02734375
1 0.275390625 0.3486328125 0.0205078125 0.0302734375
1 0.076171875 0.6044921875 0.15234375 0.478515625
1 0.587890625 0.3193359375 0.0185546875 0.033203125
1 0.73046875 0.306640625 0.0205078125 0.0302734375
1 0.73046875 0.40234375 0.091796875 0.14453125
1 0.50390625 0.328125 0.0107421875 0.02734375
1 0.9541015625 0.4365234375 0.091796875 0.216796875
1 0.4873046875 0.349609375 0.0439453125 0.0830078125
1 0.1630859375 0.3974609375 0.0576171875 0.1162109375
1 0.3330078125 0.345703125 0.021484375 0.046875
1 0.67578125 0.3662109375 0.033203125 0.06640625
1 0.822265625 0.3291015625 0.060546875 0.091796875
1 0.2939453125 0.3916015625 0.0625 0.138671875
0 0.478515625 0.48046875 0.044921875 0.0390625
1 0.869140625 0.369140625 0.060546875 0.0498046875
1 0.603515625 0.3330078125 0.0234375 0.0498046875
0 0.197265625 0.921875 0.1982421875 0.10546875
1 0.76953125 0.3291015625 0.044921875 0.09765625
1 0.6689453125 0.3232421875 0.0185546875 0.0302734375
0 0.873046875 0.5986328125 0.0859375 0.05859375
0 0.40625 0.427734375 0.025390625 0.0224609375
0 0.419921875 0.455078125 0.033203125 0.0390625
0 0.48828125 0.580078125 0.048828125 0.0556640625
0 0.4384765625 0.609375 0.0546875 0.0419921875
1 0.9501953125 0.6865234375 0.09375 0.31640625
1 0.5625 0.369140625 0.03125 0.0498046875
1 0.7177734375 0.3486328125 0.0263671875 0.052734375
1 0.9873046875 0.3486328125 0.0185546875 0.0419921875
0 0.4912109375 0.4306640625 0.0234375 0.0224609375
0 0.173828125 0.4736328125 0.0498046875 0.0419921875
0 0.7685546875 0.4404296875 0.025390625 0.025390625
1 0.9384765625 0.34765625 0.0263671875 0.044921875
1 0.3681640625 0.3623046875 0.0234375 0.05859375
0 0.7041015625 0.48046875 0.033203125 0.0224609375
1 0.310546875 0.33984375 0.0263671875 0.0361328125
0 0.380859375 0.9306640625 0.119140625 0.1337890625
0 0.037109375 0.5439453125 0.07421875 0.048828125
1 0.63671875 0.255859375 0.013671875 0.0107421875
1 0.5224609375 0.33984375 0.029296875 0.052734375
0 0.0439453125 0.5947265625 0.087890625 0.0615234375
1 0.9091796875 0.3212890625 0.0283203125 0.0419921875
0 0.45703125 0.380859375 0.017578125 0.0166015625
0 0.400390625 0.5849609375 0.0107421875 0.0302734375
1 0.1435546875 0.4111328125 0.0185546875 0.033203125
0 0.544921875 0.55859375 0.0361328125 0.033203125
0 0.9375 0.3857421875 0.0185546875 0.044921875
0 0.44921875 0.4677734375 0.0419921875 0.0302734375
1 0.880859375 0.3388671875 0.025390625 0.0390625
2 0.400390625 0.556640625 0.0205078125 0.025390625
0 0.79296875 0.3779296875 0.013671875 0.0166015625
1 0.3505859375 0.341796875 0.013671875 0.0224609375
1 0.330078125 0.4365234375 0.0185546875 0.044921875
0 0.775390625 0.37890625 0.0126953125 0.0419921875
1 0.5634765625 0.423828125 0.0263671875 0.05859375
1 0.51953125 0.50390625 0.0830078125 0.1474609375
1 0.7001953125 0.3662109375 0.0185546875 0.0224609375
0 0.8154296875 0.3662109375 0.021484375 0.0166015625
0 0.986328125 0.513671875 0.0263671875 0.02734375
2 0.51171875 0.591796875 0.0078125 0.033203125