2 0.8349609375 0.9267578125 0.1640625 0.0859375
1 0.66796875 0.6650390625 0.419921875 0.3857421875
1 0.4619140625 0.341796875 0.048828125 0.0888671875
1 0.4384765625 0.3291015625 0.0234375 0.0361328125
1 0.380859375 0.490234375 0.119140625 0.1748046875
1 0.638671875 0.3115234375 0.0185546875 0.0224609375
1 0.2373046875 0.7265625 0.4501953125 0.5361328125
1 0.8310546875 0.4609375 0.15625 0.2333984375
1 0.544921875 0.466796875 0.173828125 0.18359375
1 0.220703125 0.3662109375 0.0498046875 0.0556640625
1 0.701171875 0.4052734375 0.1044921875 0.1611328125
1 0.287109375 0.4013671875 0.0703125 0.1640625
1 0.5576171875 0.369140625 0.037109375 0.0390625
1 0.494140625 0.3427734375 0.025390625 0.0419921875
1 0.4072265625 0.380859375 0.033203125 0.0830078125
1 0.0751953125 0.505859375 0.150390625 0.2607421875
1 0.763671875 0.31640625 0.044921875 0.0830078125
0 0.2119140625 0.9287109375 0.1767578125 0.125
1 0.6669921875 0.3125 0.0185546875 0.0302734375
1 0.298828125 0.330078125 0.0205078125 0.02734375
1 0.50390625 0.3232421875 0.0107421875 0.01953125
1 0.599609375 0.341796875 0.0498046875 0.0830078125
0 0.478515625 0.48046875 0.0439453125 0.0390625
1 0.9501953125 0.443359375 0.099609375 0.2080078125
0 0.884765625 0.58984375 0.0986328125 0.080078125
1 0.818359375 0.330078125 0.0625 0.0947265625
1 0.73046875 0.31640625 0.0263671875 0.0556640625
1 0.8974609375 0.3251953125 0.048828125 0.0556640625
0 0.537109375 0.578125 0.119140625 0.072265625
0 0.392578125 0.9306640625 0.1455078125 0.138671875
0 0.375 0.580078125 0.0625 0.0390625
1 0.2626953125 0.359375 0.025390625 0.0419921875
1 0.349609375 0.3525390625 0.048828125 0.078125
1 0.712890625 0.3525390625 0.029296875 0.0498046875
0 0.439453125 0.6083984375 0.052734375 0.0390625
0 0.4912109375 0.4306640625 0.0234375 0.0166015625
0 0.794921875 0.3759765625 0.0263671875 0.013671875
1 0.05078125 0.400390625 0.048828125 0.0556640625
0 0.3291015625 0.404296875 0.0234375 0.013671875
0 0.1875 0.4677734375 0.0751953125 0.052734375
0 0.693359375 0.4775390625 0.048828125 0.02734375
0 0.4248046875 0.4677734375 0.0185546875 0.01953125
1 0.974609375 0.3544921875 0.0390625 0.0419921875
0 0.4619140625 0.390625 0.0263671875 0.025390625
0 0.623046875 0.4765625 0.0263671875 0.025390625
0 0.6416015625 0.427734375 0.044921875 0.0224609375
0 0.599609375 0.3916015625 0.037109375 0.0224609375
1 0.943359375 0.3583984375 0.0263671875 0.0390625
1 0.662109375 0.357421875 0.025390625 0.046875
0 0.0390625 0.544921875 0.078125 0.0498046875
2 0.0146484375 0.9501953125 0.029296875 0.0947265625
0 0.1884765625 0.4892578125 0.029296875 0.0224609375
1 0.369140625 0.345703125 0.0107421875 0.025390625
0 0.8154296875 0.3662109375 0.0185546875 0.0166015625
1 0.8310546875 0.3095703125 0.0185546875 0.01953125
1 0.650390625 0.3251953125 0.0107421875 0.0166015625
0 0.9248046875 0.4111328125 0.0498046875 0.0166015625
0 0.791015625 0.4052734375 0.0263671875 0.033203125
1 0.7734375 0.37890625 0.0126953125 0.046875
0 0.92578125 0.5537109375 0.0263671875 0.013671875