2 0.8349609375 0.923828125 0.1640625 0.080078125
1 0.671875 0.6513671875 0.4375 0.4248046875
1 0.8818359375 0.484375 0.2265625 0.2412109375
1 0.2373046875 0.7587890625 0.369140625 0.47265625
1 0.3623046875 0.4873046875 0.162109375 0.1806640625
1 0.466796875 0.3359375 0.048828125 0.10546875
1 0.7099609375 0.4052734375 0.138671875 0.1552734375
1 0.50390625 0.326171875 0.013671875 0.025390625
1 0.275390625 0.349609375 0.0205078125 0.033203125
1 0.6689453125 0.3212890625 0.0185546875 0.025390625
1 0.318359375 0.3837890625 0.068359375 0.1220703125
1 0.2314453125 0.3544921875 0.025390625 0.0361328125
1 0.1953125 0.44140625 0.1279296875 0.205078125
1 0.7607421875 0.326171875 0.052734375 0.0859375
1 0.9189453125 0.3212890625 0.025390625 0.05859375
1 0.080078125 0.5107421875 0.154296875 0.244140625
1 0.6435546875 0.318359375 0.0185546875 0.0361328125
1 0.623046875 0.3447265625 0.052734375 0.072265625
1 0.3330078125 0.3291015625 0.015625 0.0302734375
1 0.724609375 0.3232421875 0.0361328125 0.0419921875
1 0.51953125 0.392578125 0.076171875 0.1357421875
1 0.81640625 0.341796875 0.0703125 0.099609375
1 0.8935546875 0.3720703125 0.056640625 0.0556640625
0 0.48046875 0.482421875 0.044921875 0.0361328125
0 0.412109375 0.4404296875 0.0205078125 0.0361328125
1 0.58203125 0.3291015625 0.033203125 0.0693359375
1 0.4921875 0.3427734375 0.0185546875 0.0302734375
1 0.951171875 0.693359375 0.0888671875 0.302734375
0 0.4384765625 0.607421875 0.0546875 0.0419921875
1 0.849609375 0.3359375 0.0185546875 0.02734375
1 0.6943359375 0.341796875 0.029296875 0.0615234375
0 0.376953125 0.5791015625 0.068359375 0.0361328125
1 0.0634765625 0.388671875 0.044921875 0.0615234375
0 0.3779296875 0.9404296875 0.1123046875 0.1142578125
1 0.8935546875 0.322265625 0.025390625 0.044921875
0 0.5205078125 0.580078125 0.1123046875 0.0556640625
1 0.1943359375 0.3720703125 0.0390625 0.0556640625
0 0.884765625 0.595703125 0.095703125 0.0634765625
1 0.3056640625 0.3544921875 0.0234375 0.0302734375
2 0.7978515625 0.4345703125 0.0263671875 0.0302734375
0 0.6005859375 0.3974609375 0.0263671875 0.0166015625
1 0.9736328125 0.3544921875 0.052734375 0.046875
0 0.4931640625 0.4287109375 0.0234375 0.01953125
1 0.2431640625 0.3916015625 0.0263671875 0.033203125
0 0.3251953125 0.404296875 0.025390625 0.013671875
0 0.638671875 0.4150390625 0.048828125 0.0302734375
1 0.8740234375 0.3330078125 0.0263671875 0.0390625
0 0.29296875 0.5654296875 0.048828125 0.025390625
0 0.25 0.41796875 0.03125 0.01953125
0 0.7998046875 0.3779296875 0.0185546875 0.0166015625
2 0.4296875 0.466796875 0.021484375 0.0166015625
2 0.787109375 0.412109375 0.03125 0.0302734375
0 0.2998046875 0.4990234375 0.0185546875 0.0302734375
2 0.03515625 0.9482421875 0.0390625 0.080078125
0 0.3447265625 0.3759765625 0.029296875 0.0361328125
0 0.955078125 0.390625 0.0205078125 0.025390625
0 0.330078125 0.4287109375 0.0107421875 0.025390625
1 0.2197265625 0.3837890625 0.013671875 0.033203125
0 0.2822265625 0.4306640625 0.0390625 0.0224609375
0 0.5791015625 0.5615234375 0.0390625 0.033203125
0 0.712890625 0.357421875 0.0205078125 0.025390625
1 0.3193359375 0.359375 0.013671875 0.01953125
0 0.8134765625 0.3681640625 0.013671875 0.01953125
0 0.728515625 0.341796875 0.013671875 0.0166015625
1 0.865234375 0.380859375 0.021484375 0.033203125
0 0.63671875 0.4501953125 0.033203125 0.0556640625