1 0.525390625 0.09765625 0.025390625 0.044921875
1 0.892578125 0.2529296875 0.208984375 0.2998046875
1 0.5322265625 0.1875 0.138671875 0.23046875
1 0.7177734375 0.10546875 0.0361328125 0.0615234375
1 0.791015625 0.0791015625 0.029296875 0.046875
1 0.14453125 0.078125 0.0263671875 0.02734375
1 0.3974609375 0.244140625 0.1826171875 0.2724609375
1 0.83203125 0.06640625 0.0361328125 0.0498046875
1 0.7216796875 0.6904296875 0.5341796875 0.6083984375
1 0.392578125 0.12890625 0.037109375 0.0634765625
1 0.4970703125 0.140625 0.037109375 0.0693359375
1 0.080078125 0.2412109375 0.146484375 0.2998046875
1 0.6796875 0.12890625 0.0751953125 0.119140625
1 0.955078125 0.115234375 0.052734375 0.0634765625
1 0.298828125 0.6123046875 0.224609375 0.76953125
1 0.244140625 0.125 0.0751953125 0.10546875
1 0.9599609375 0.0517578125 0.0234375 0.046875
0 0.587890625 0.5732421875 0.189453125 0.091796875
0 0.494140625 0.298828125 0.056640625 0.0302734375
1 0.0078125 0.15234375 0.015625 0.072265625
1 0.6259765625 0.21484375 0.0732421875 0.1416015625
0 0.728515625 0.2236328125 0.0498046875 0.01953125
0 0.318359375 0.578125 0.0419921875 0.072265625
0 0.794921875 0.2802734375 0.0576171875 0.033203125
1 0.9140625 0.10546875 0.021484375 0.02734375
1 0.8740234375 0.1259765625 0.0263671875 0.0361328125
0 0.474609375 0.4013671875 0.0751953125 0.0751953125
0 0.181640625 0.244140625 0.0439453125 0.0224609375
0 0.2314453125 0.1982421875 0.0439453125 0.0419921875
0 0.337890625 0.29296875 0.0517578125 0.046875
0 0.931640625 0.392578125 0.119140625 0.0751953125
1 0.9873046875 0.080078125 0.0185546875 0.0390625
0 0.123046875 0.2919921875 0.03125 0.0224609375
0 0.4599609375 0.21484375 0.044921875 0.0361328125
0 0.6787109375 0.1962890625 0.0234375 0.025390625
1 0.091796875 0.693359375 0.1796875 0.4912109375
0 0.369140625 0.3740234375 0.056640625 0.0302734375
1 0.3251953125 0.2177734375 0.0439453125 0.0859375
0 0.337890625 0.33984375 0.037109375 0.025390625
1 0.9111328125 0.1455078125 0.0498046875 0.0859375
1 0.576171875 0.080078125 0.0283203125 0.02734375
1 0.076171875 0.119140625 0.0263671875 0.02734375
1 0.6943359375 0.10546875 0.0205078125 0.02734375
0 0.408203125 0.6376953125 0.099609375 0.0751953125
1 0.7626953125 0.1748046875 0.037109375 0.0498046875
0 0.435546875 0.39453125 0.021484375 0.033203125
1 0.8701171875 0.177734375 0.037109375 0.06640625
0 0.662109375 0.5234375 0.060546875 0.0302734375
1 0.021484375 0.265625 0.0419921875 0.0419921875