2 0.8349609375 0.9248046875 0.1640625 0.0830078125
1 0.666015625 0.6259765625 0.384765625 0.453125
1 0.0712890625 0.65234375 0.142578125 0.5498046875
1 0.44921875 0.4169921875 0.1015625 0.150390625
1 0.306640625 0.3193359375 0.0185546875 0.0224609375
1 0.96875 0.443359375 0.0625 0.203125
1 0.5029296875 0.3291015625 0.0126953125 0.0302734375
1 0.638671875 0.318359375 0.015625 0.0361328125
1 0.888671875 0.330078125 0.0576171875 0.078125
1 0.791015625 0.3681640625 0.060546875 0.1357421875
0 0.2001953125 0.9287109375 0.2314453125 0.130859375
1 0.185546875 0.3388671875 0.033203125 0.0390625
1 0.611328125 0.341796875 0.0419921875 0.078125
1 0.3505859375 0.365234375 0.048828125 0.1025390625
1 0.654296875 0.380859375 0.076171875 0.1669921875
1 0.8359375 0.330078125 0.046875 0.06640625
1 0.279296875 0.3544921875 0.0341796875 0.0634765625
1 0.4306640625 0.3291015625 0.0234375 0.0361328125
1 0.736328125 0.3984375 0.068359375 0.130859375
1 0.029296875 0.3955078125 0.041015625 0.0419921875
1 0.7353515625 0.318359375 0.0205078125 0.0419921875
1 0.150390625 0.39453125 0.033203125 0.0888671875
0 0.4384765625 0.6083984375 0.0546875 0.0390625
0 0.4755859375 0.4833984375 0.0419921875 0.0390625
0 0.3857421875 0.9345703125 0.134765625 0.130859375
1 0.9306640625 0.3427734375 0.0263671875 0.046875
0 0.5439453125 0.5654296875 0.0625 0.025390625
0 0.5576171875 0.54296875 0.0439453125 0.013671875
0 0.3876953125 0.568359375 0.0498046875 0.025390625
2 0.798828125 0.4306640625 0.025390625 0.0224609375
1 0.59765625 0.2998046875 0.017578125 0.033203125
0 0.404296875 0.4384765625 0.03125 0.0390625
1 0.7626953125 0.31640625 0.03125 0.0615234375
1 0.45703125 0.3427734375 0.017578125 0.0302734375
1 0.693359375 0.3583984375 0.0263671875 0.0390625
0 0.462890625 0.390625 0.025390625 0.01953125
0 0.85546875 0.5947265625 0.0830078125 0.072265625
1 0.4033203125 0.384765625 0.03125 0.0693359375
0 0.423828125 0.466796875 0.0234375 0.0166015625
1 0.951171875 0.712890625 0.0888671875 0.2412109375
0 0.388671875 0.58984375 0.041015625 0.01953125
0 0.0205078125 0.49609375 0.041015625 0.025390625
0 0.775390625 0.4443359375 0.037109375 0.0390625
0 0.7431640625 0.4638671875 0.0263671875 0.0107421875
2 0.5341796875 0.595703125 0.052734375 0.0419921875
0 0.591796875 0.4541015625 0.0234375 0.0302734375
0 0.4921875 0.4287109375 0.0185546875 0.01953125
1 0.3564453125 0.3388671875 0.0126953125 0.0224609375
1 0.3173828125 0.34765625 0.0185546875 0.044921875
0 0.609375 0.390625 0.0185546875 0.025390625
0 0.8349609375 0.3681640625 0.0390625 0.01953125
1 0.330078125 0.4404296875 0.021484375 0.052734375
0 0.955078125 0.349609375 0.0234375 0.0166015625
0 0.951171875 0.39453125 0.017578125 0.02734375
0 0.2998046875 0.4150390625 0.025390625 0.046875
0 0.28515625 0.40234375 0.017578125 0.02734375
2 0.4599609375 0.955078125 0.0234375 0.0830078125