2 0.806640625 0.8642578125 0.15625 0.078125
1 0.8291015625 0.455078125 0.220703125 0.2333984375
1 0.2724609375 0.6806640625 0.357421875 0.455078125
1 0.5478515625 0.44140625 0.1767578125 0.1611328125
1 0.3779296875 0.453125 0.1279296875 0.1669921875
1 0.6982421875 0.3837890625 0.109375 0.150390625
1 0.6572265625 0.6513671875 0.423828125 0.3251953125
1 0.48828125 0.31640625 0.0205078125 0.033203125
1 0.2060546875 0.3818359375 0.1064453125 0.1474609375
1 0.087890625 0.4677734375 0.173828125 0.2197265625
1 0.2861328125 0.3232421875 0.021484375 0.0302734375
1 0.5 0.302734375 0.0126953125 0.033203125
1 0.306640625 0.3056640625 0.0126953125 0.02734375
1 0.4677734375 0.3291015625 0.0390625 0.0693359375
1 0.294921875 0.390625 0.0732421875 0.158203125
1 0.716796875 0.2919921875 0.0185546875 0.033203125
1 0.9560546875 0.30859375 0.0751953125 0.0888671875
1 0.6044921875 0.318359375 0.052734375 0.0859375
1 0.75 0.2724609375 0.0185546875 0.033203125
1 0.7998046875 0.3134765625 0.0625 0.099609375
1 0.2373046875 0.3349609375 0.025390625 0.0419921875
1 0.849609375 0.33203125 0.0546875 0.05859375
1 0.19921875 0.328125 0.0361328125 0.044921875
1 0.4990234375 0.279296875 0.017578125 0.01953125
1 0.654296875 0.3017578125 0.029296875 0.052734375
0 0.423828125 0.41796875 0.025390625 0.0361328125
1 0.5498046875 0.341796875 0.037109375 0.078125
0 0.529296875 0.5419921875 0.091796875 0.0390625
1 0.2666015625 0.3447265625 0.029296875 0.0498046875
0 0.478515625 0.451171875 0.0419921875 0.0361328125
0 0.443359375 0.56640625 0.0517578125 0.0390625
1 0.69140625 0.322265625 0.029296875 0.0556640625
1 0.33203125 0.3388671875 0.033203125 0.072265625
0 0.416015625 0.392578125 0.017578125 0.01953125
0 0.685546875 0.4462890625 0.041015625 0.025390625
1 0.9677734375 0.4365234375 0.064453125 0.18359375
0 0.7548828125 0.4052734375 0.025390625 0.02734375
1 0.7421875 0.306640625 0.03125 0.046875
0 0.4931640625 0.400390625 0.029296875 0.0166015625
0 0.353515625 0.3515625 0.015625 0.025390625
0 0.380859375 0.5361328125 0.0625 0.044921875
1 0.5224609375 0.3232421875 0.029296875 0.05859375
0 0.9599609375 0.5302734375 0.0361328125 0.02734375
1 0.5966796875 0.3154296875 0.015625 0.025390625
0 0.1875 0.423828125 0.03125 0.01953125
0 0.46875 0.3623046875 0.025390625 0.01953125
0 0.580078125 0.529296875 0.033203125 0.0302734375
0 0.634765625 0.3955078125 0.0390625 0.025390625
0 0.60546875 0.35546875 0.017578125 0.0224609375
1 0.591796875 0.279296875 0.015625 0.025390625
0 0.255859375 0.3916015625 0.0185546875 0.0166015625
0 0.5732421875 0.349609375 0.015625 0.0166015625
0 0.982421875 0.3486328125 0.0263671875 0.0302734375
0 0.5927734375 0.404296875 0.013671875 0.0361328125
1 0.9375 0.640625 0.119140625 0.2919921875
0 0.2236328125 0.41796875 0.037109375 0.025390625
1 0.3642578125 0.3876953125 0.015625 0.0419921875
0 0.1435546875 0.380859375 0.025390625 0.044921875
1 0.30078125 0.3232421875 0.013671875 0.01953125
1 0.517578125 0.2919921875 0.021484375 0.033203125
0 0.587890625 0.3720703125 0.029296875 0.044921875
0 0.224609375 0.4443359375 0.037109375 0.02734375