2 0.833984375 0.923828125 0.162109375 0.080078125
1 0.66015625 0.642578125 0.4326171875 0.44140625
1 0.8779296875 0.4912109375 0.234375 0.2392578125
1 0.2314453125 0.7724609375 0.380859375 0.4443359375
1 0.36328125 0.4912109375 0.158203125 0.18359375
1 0.4658203125 0.341796875 0.046875 0.0947265625
1 0.7177734375 0.392578125 0.111328125 0.1142578125
1 0.2314453125 0.3662109375 0.037109375 0.072265625
1 0.322265625 0.37890625 0.0625 0.125
1 0.19921875 0.451171875 0.126953125 0.224609375
1 0.0751953125 0.5029296875 0.150390625 0.255859375
1 0.6669921875 0.322265625 0.0185546875 0.033203125
1 0.494140625 0.3427734375 0.0185546875 0.0302734375
1 0.58203125 0.3330078125 0.033203125 0.06640625
1 0.892578125 0.375 0.0517578125 0.0556640625
1 0.50390625 0.3232421875 0.013671875 0.0302734375
1 0.880859375 0.2919921875 0.025390625 0.033203125
1 0.7236328125 0.326171875 0.0439453125 0.052734375
1 0.6435546875 0.31640625 0.0185546875 0.033203125
1 0.5107421875 0.3837890625 0.072265625 0.150390625
1 0.337890625 0.3388671875 0.0185546875 0.033203125
1 0.8115234375 0.337890625 0.064453125 0.091796875
1 0.3017578125 0.3291015625 0.0185546875 0.0361328125
0 0.4794921875 0.4833984375 0.0439453125 0.0390625
1 0.279296875 0.341796875 0.0283203125 0.0615234375
0 0.41015625 0.4384765625 0.0234375 0.0390625
0 0.439453125 0.607421875 0.052734375 0.0419921875
1 0.619140625 0.3525390625 0.0498046875 0.078125
1 0.1943359375 0.3720703125 0.0390625 0.0556640625
0 0.5244140625 0.5791015625 0.1171875 0.05859375
1 0.9541015625 0.697265625 0.091796875 0.294921875
0 0.37890625 0.94140625 0.111328125 0.1162109375
1 0.861328125 0.330078125 0.0205078125 0.044921875
0 0.3759765625 0.58203125 0.0673828125 0.0361328125
1 0.767578125 0.3037109375 0.0234375 0.0419921875
0 0.900390625 0.60546875 0.060546875 0.0498046875
1 0.69140625 0.3291015625 0.0205078125 0.025390625
1 0.3505859375 0.3515625 0.013671875 0.025390625
0 0.4931640625 0.4287109375 0.0234375 0.01953125
1 0.9736328125 0.3544921875 0.052734375 0.046875
1 0.0625 0.390625 0.0439453125 0.0634765625
0 0.3251953125 0.404296875 0.025390625 0.013671875
0 0.78125 0.443359375 0.0439453125 0.0361328125
0 0.283203125 0.4306640625 0.037109375 0.0224609375
1 0.650390625 0.361328125 0.029296875 0.0556640625
0 0.64453125 0.419921875 0.033203125 0.0166015625
0 0.80078125 0.3720703125 0.017578125 0.0166015625
1 0.900390625 0.330078125 0.0185546875 0.033203125
0 0.59765625 0.4013671875 0.0205078125 0.013671875
0 0.29296875 0.5615234375 0.048828125 0.0166015625
1 0.3095703125 0.3525390625 0.021484375 0.02734375
1 0.8134765625 0.3115234375 0.013671875 0.0224609375
0 0.25 0.419921875 0.03125 0.0224609375
0 0.955078125 0.388671875 0.021484375 0.0224609375
2 0.78515625 0.412109375 0.033203125 0.0302734375
0 0.30078125 0.49609375 0.0205078125 0.025390625
0 0.7119140625 0.359375 0.0234375 0.01953125
1 0.6142578125 0.3486328125 0.0126953125 0.01953125
0 0.4619140625 0.384765625 0.0234375 0.01953125
0 0.931640625 0.3779296875 0.0390625 0.0498046875
0 0.5859375 0.3876953125 0.0185546875 0.025390625
0 0.7705078125 0.4794921875 0.0439453125 0.046875
0 0.8427734375 0.6806640625 0.1171875 0.1669921875