2 0.8056640625 0.859375 0.1513671875 0.080078125
1 0.6630859375 0.6083984375 0.423828125 0.400390625
1 0.384765625 0.4541015625 0.130859375 0.1806640625
1 0.2802734375 0.716796875 0.3642578125 0.544921875
1 0.716796875 0.28515625 0.0185546875 0.01953125
1 0.5068359375 0.349609375 0.060546875 0.1162109375
1 0.697265625 0.3720703125 0.091796875 0.1162109375
1 0.212890625 0.392578125 0.111328125 0.1748046875
1 0.98046875 0.29296875 0.0205078125 0.0302734375
1 0.248046875 0.33203125 0.0263671875 0.046875
1 0.369140625 0.3330078125 0.037109375 0.0830078125
1 0.0908203125 0.474609375 0.171875 0.25
1 0.443359375 0.2998046875 0.0185546875 0.044921875
1 0.875 0.2861328125 0.0439453125 0.0830078125
1 0.4873046875 0.318359375 0.0185546875 0.0302734375
1 0.287109375 0.31640625 0.0234375 0.044921875
1 0.619140625 0.31640625 0.064453125 0.078125
1 0.935546875 0.4140625 0.1279296875 0.216796875
0 0.478515625 0.451171875 0.0390625 0.0361328125
1 0.794921875 0.3056640625 0.0517578125 0.072265625
1 0.2998046875 0.37890625 0.0751953125 0.1357421875
1 0.5 0.3017578125 0.0126953125 0.0361328125
1 0.41796875 0.3388671875 0.048828125 0.099609375
1 0.54296875 0.341796875 0.033203125 0.072265625
1 0.0869140625 0.3681640625 0.0419921875 0.052734375
0 0.384765625 0.54296875 0.056640625 0.0302734375
1 0.5859375 0.275390625 0.0126953125 0.0166015625
0 0.443359375 0.568359375 0.0517578125 0.0361328125
1 0.9111328125 0.3251953125 0.025390625 0.044921875
1 0.9765625 0.3330078125 0.041015625 0.06640625
1 0.744140625 0.298828125 0.0419921875 0.0693359375
0 0.5341796875 0.533203125 0.099609375 0.0390625
0 0.82421875 0.568359375 0.076171875 0.052734375
1 0.580078125 0.3056640625 0.0234375 0.044921875
0 0.923828125 0.533203125 0.087890625 0.0390625
1 0.634765625 0.2890625 0.0107421875 0.0224609375
1 0.9384765625 0.6611328125 0.1201171875 0.244140625
0 0.41015625 0.3955078125 0.0263671875 0.025390625
0 0.4248046875 0.41796875 0.0185546875 0.0302734375
1 0.6591796875 0.3583984375 0.025390625 0.0390625
2 0.3955078125 0.9736328125 0.037109375 0.0419921875
0 0.3369140625 0.3759765625 0.0234375 0.013671875
1 0.318359375 0.3193359375 0.013671875 0.02734375
1 0.267578125 0.3662109375 0.025390625 0.033203125
0 0.611328125 0.35546875 0.025390625 0.0224609375
0 0.931640625 0.357421875 0.0263671875 0.025390625
1 0.4609375 0.31640625 0.0185546875 0.033203125
0 0.4892578125 0.400390625 0.021484375 0.0166015625
1 0.943359375 0.326171875 0.0439453125 0.046875
0 0.2880859375 0.3955078125 0.0390625 0.025390625
1 0.654296875 0.298828125 0.013671875 0.01953125
0 0.73828125 0.4052734375 0.0361328125 0.044921875
0 0.63671875 0.3525390625 0.0205078125 0.0166015625
1 0.5849609375 0.3662109375 0.0361328125 0.0556640625
0 0.861328125 0.341796875 0.025390625 0.0166015625
0 0.6318359375 0.4111328125 0.0361328125 0.044921875
0 0.310546875 0.4638671875 0.0185546875 0.0224609375
1 0.685546875 0.330078125 0.021484375 0.0498046875
0 0.3876953125 0.369140625 0.0126953125 0.02734375
0 0.2548828125 0.3857421875 0.0185546875 0.0166015625
0 0.462890625 0.359375 0.0185546875 0.01953125
0 0.728515625 0.4462890625 0.0390625 0.0419921875