2 0.8359375 0.923828125 0.166015625 0.080078125
1 0.263671875 0.7431640625 0.4111328125 0.447265625
1 0.818359375 0.4736328125 0.193359375 0.2080078125
1 0.681640625 0.6787109375 0.4423828125 0.34765625
1 0.537109375 0.48046875 0.15625 0.1611328125
1 0.3662109375 0.4931640625 0.1669921875 0.1865234375
1 0.2744140625 0.3486328125 0.0234375 0.0302734375
1 0.267578125 0.419921875 0.0859375 0.177734375
1 0.3642578125 0.3544921875 0.03125 0.0693359375
1 0.4736328125 0.3642578125 0.052734375 0.099609375
1 0.068359375 0.4931640625 0.13671875 0.259765625
1 0.736328125 0.31640625 0.0205078125 0.033203125
1 0.701171875 0.408203125 0.1044921875 0.1611328125
1 0.8623046875 0.3623046875 0.0498046875 0.0419921875
1 0.9501953125 0.427734375 0.099609375 0.21484375
1 0.6689453125 0.3232421875 0.0185546875 0.0302734375
1 0.89453125 0.3232421875 0.0517578125 0.080078125
0 0.4755859375 0.4833984375 0.0390625 0.0390625
1 0.55078125 0.3857421875 0.0419921875 0.0830078125
1 0.587890625 0.3515625 0.048828125 0.09765625
1 0.2177734375 0.3544921875 0.0263671875 0.05859375
1 0.7685546875 0.3427734375 0.056640625 0.091796875
1 0.830078125 0.3291015625 0.056640625 0.0751953125
1 0.7734375 0.3056640625 0.021484375 0.02734375
1 0.447265625 0.3486328125 0.013671875 0.0302734375
1 0.314453125 0.361328125 0.052734375 0.0830078125
1 0.9560546875 0.662109375 0.0810546875 0.341796875
1 0.9443359375 0.33203125 0.0390625 0.0419921875
0 0.3798828125 0.5888671875 0.0595703125 0.02734375
0 0.869140625 0.5986328125 0.091796875 0.05859375
1 0.0341796875 0.39453125 0.056640625 0.06640625
1 0.181640625 0.37109375 0.033203125 0.0634765625
0 0.4892578125 0.4345703125 0.03125 0.01953125
1 0.5830078125 0.2919921875 0.0126953125 0.0224609375
1 0.64453125 0.3232421875 0.017578125 0.0302734375
0 0.4384765625 0.609375 0.0546875 0.0419921875
1 0.8193359375 0.3056640625 0.017578125 0.0224609375
1 0.5009765625 0.328125 0.0078125 0.02734375
0 0.53515625 0.5791015625 0.1142578125 0.052734375
0 0.6435546875 0.427734375 0.0439453125 0.0224609375
1 0.9853515625 0.3544921875 0.0234375 0.052734375
1 0.623046875 0.31640625 0.029296875 0.0556640625
0 0.69921875 0.4794921875 0.0419921875 0.025390625
0 0.2265625 0.404296875 0.0126953125 0.025390625
0 0.28125 0.4248046875 0.0498046875 0.033203125
1 0.7177734375 0.3486328125 0.0263671875 0.0419921875
0 0.7978515625 0.3759765625 0.0205078125 0.013671875
0 0.431640625 0.466796875 0.03125 0.0224609375
1 0.90625 0.37890625 0.03125 0.046875
0 0.767578125 0.4404296875 0.0205078125 0.025390625
1 0.2978515625 0.3359375 0.0107421875 0.0166015625
0 0.412109375 0.4287109375 0.0126953125 0.01953125
0 0.19921875 0.490234375 0.048828125 0.025390625
2 0.6103515625 0.4775390625 0.0205078125 0.0224609375
0 0.3447265625 0.380859375 0.0234375 0.0166015625
0 0.6103515625 0.390625 0.013671875 0.025390625
0 0.1875 0.4541015625 0.0751953125 0.0302734375
1 0.529296875 0.3447265625 0.0126953125 0.033203125
0 0.30078125 0.49609375 0.0205078125 0.025390625
1 0.3427734375 0.4306640625 0.0419921875 0.0947265625
0 0.462890625 0.3876953125 0.025390625 0.01953125
1 0.5830078125 0.3193359375 0.015625 0.0224609375
0 0.791015625 0.400390625 0.03125 0.0498046875
1 0.818359375 0.3662109375 0.025390625 0.0224609375
1 0.7431640625 0.4404296875 0.0361328125 0.0419921875