2 0.8056640625 0.8623046875 0.1513671875 0.0751953125
1 0.267578125 0.66015625 0.341796875 0.48046875
1 0.38671875 0.44140625 0.107421875 0.171875
1 0.8251953125 0.4443359375 0.224609375 0.2275390625
1 0.54296875 0.4501953125 0.1611328125 0.1552734375
1 0.466796875 0.3291015625 0.044921875 0.0859375
1 0.654296875 0.6513671875 0.3984375 0.3134765625
1 0.09375 0.466796875 0.1748046875 0.2333984375
1 0.419921875 0.31640625 0.0263671875 0.0390625
1 0.755859375 0.2734375 0.025390625 0.0302734375
1 0.1943359375 0.3740234375 0.091796875 0.119140625
1 0.6923828125 0.392578125 0.115234375 0.15234375
1 0.2939453125 0.3037109375 0.0185546875 0.0302734375
1 0.2490234375 0.33203125 0.0205078125 0.0361328125
1 0.8134765625 0.2919921875 0.013671875 0.033203125
1 0.310546875 0.3681640625 0.072265625 0.125
1 0.662109375 0.2998046875 0.0439453125 0.0556640625
1 0.6044921875 0.3154296875 0.0439453125 0.0751953125
1 0.716796875 0.2802734375 0.017578125 0.02734375
1 0.974609375 0.3037109375 0.0185546875 0.0419921875
1 0.767578125 0.33203125 0.0595703125 0.09765625
1 0.873046875 0.35546875 0.048828125 0.072265625
0 0.1337890625 0.8974609375 0.267578125 0.1943359375
1 0.6357421875 0.2919921875 0.015625 0.033203125
1 0.8935546875 0.3056640625 0.037109375 0.06640625
1 0.3798828125 0.341796875 0.0185546875 0.0556640625
0 0.4755859375 0.451171875 0.0361328125 0.0361328125
0 0.548828125 0.5302734375 0.1298828125 0.044921875
1 0.494140625 0.3037109375 0.0185546875 0.0361328125
0 0.8623046875 0.5654296875 0.0751953125 0.0419921875
0 0.4169921875 0.4072265625 0.0283203125 0.0419921875
1 0.306640625 0.3291015625 0.0205078125 0.0302734375
1 0.197265625 0.31640625 0.033203125 0.0556640625
1 0.853515625 0.3037109375 0.0419921875 0.0634765625
0 0.443359375 0.56640625 0.0517578125 0.0390625
0 0.4697265625 0.3583984375 0.0205078125 0.0166015625
0 0.69140625 0.44140625 0.0390625 0.0390625
1 0.5234375 0.326171875 0.025390625 0.046875
0 0.494140625 0.400390625 0.025390625 0.0166015625
0 0.6298828125 0.3916015625 0.0341796875 0.0224609375
1 0.654296875 0.3447265625 0.0283203125 0.0498046875
0 0.60546875 0.35546875 0.0263671875 0.02734375
1 0.28125 0.3232421875 0.0185546875 0.0302734375
1 0.318359375 0.3115234375 0.0126953125 0.0166015625
0 0.755859375 0.404296875 0.0263671875 0.025390625
0 0.5791015625 0.3525390625 0.0205078125 0.0166015625
0 0.3564453125 0.3486328125 0.03125 0.0302734375
0 0.431640625 0.4365234375 0.0419921875 0.0166015625
0 0.0126953125 0.474609375 0.025390625 0.033203125
0 0.3740234375 0.8916015625 0.1357421875 0.216796875
0 0.779296875 0.3447265625 0.0234375 0.0166015625
0 0.39453125 0.5419921875 0.017578125 0.02734375
0 0.1552734375 0.4306640625 0.0205078125 0.0224609375
1 0.8310546875 0.33984375 0.03125 0.046875
0 0.66015625 0.4677734375 0.017578125 0.046875
0 0.5849609375 0.427734375 0.017578125 0.0390625
0 0.2919921875 0.3974609375 0.03125 0.0166015625
1 0.341796875 0.4150390625 0.0185546875 0.05859375
0 0.2998046875 0.9345703125 0.037109375 0.119140625
1 0.6923828125 0.341796875 0.015625 0.02734375
1 0.361328125 0.31640625 0.013671875 0.0224609375
0 0.7978515625 0.337890625 0.013671875 0.01953125
0 0.3310546875 0.3759765625 0.025390625 0.013671875