2 0.833984375 0.9267578125 0.166015625 0.0859375
1 0.4384765625 0.4072265625 0.1044921875 0.1416015625
1 0.548828125 0.466796875 0.1357421875 0.1669921875
1 0.693359375 0.693359375 0.4609375 0.3359375
1 0.228515625 0.765625 0.4453125 0.4638671875
1 0.869140625 0.5009765625 0.25 0.236328125
1 0.486328125 0.341796875 0.0205078125 0.02734375
1 0.0625 0.4677734375 0.125 0.2138671875
1 0.5810546875 0.3291015625 0.037109375 0.0693359375
1 0.4345703125 0.322265625 0.021484375 0.033203125
1 0.6455078125 0.318359375 0.0185546875 0.0361328125
1 0.275390625 0.3447265625 0.029296875 0.0390625
1 0.693359375 0.4140625 0.09375 0.1611328125
1 0.818359375 0.330078125 0.0625 0.0888671875
1 0.2880859375 0.4013671875 0.080078125 0.1357421875
1 0.7666015625 0.3193359375 0.0419921875 0.072265625
1 0.298828125 0.3291015625 0.015625 0.0302734375
1 0.71875 0.34765625 0.03125 0.0556640625
1 0.9716796875 0.4013671875 0.056640625 0.203125
1 0.1787109375 0.4443359375 0.1298828125 0.2001953125
1 0.900390625 0.3291015625 0.0361328125 0.0693359375
1 0.2255859375 0.357421875 0.0205078125 0.0361328125
1 0.6181640625 0.3681640625 0.0732421875 0.125
1 0.1748046875 0.34765625 0.037109375 0.0556640625
0 0.529296875 0.572265625 0.087890625 0.0556640625
1 0.51953125 0.3525390625 0.033203125 0.072265625
0 0.384765625 0.5791015625 0.078125 0.0419921875
1 0.9619140625 0.6875 0.0732421875 0.30859375
1 0.35546875 0.3349609375 0.013671875 0.0302734375
0 0.455078125 0.482421875 0.076171875 0.0419921875
0 0.439453125 0.607421875 0.052734375 0.0419921875
0 0.4912109375 0.4306640625 0.0263671875 0.0166015625
1 0.99609375 0.3232421875 0.0078125 0.0419921875
1 0.3681640625 0.37890625 0.029296875 0.091796875
1 0.611328125 0.3232421875 0.013671875 0.0302734375
1 0.04296875 0.39453125 0.0390625 0.0615234375
1 0.6689453125 0.3134765625 0.0185546875 0.02734375
0 0.697265625 0.48046875 0.046875 0.02734375
0 0.611328125 0.392578125 0.0341796875 0.01953125
0 0.6005859375 0.5537109375 0.0703125 0.05859375
0 0.4619140625 0.3837890625 0.033203125 0.0166015625
1 0.310546875 0.3486328125 0.0234375 0.0302734375
1 0.4609375 0.322265625 0.025390625 0.044921875
0 0.7802734375 0.44140625 0.048828125 0.0390625
0 0.4248046875 0.466796875 0.025390625 0.0224609375
0 0.287109375 0.4306640625 0.0185546875 0.0107421875
0 0.3505859375 0.380859375 0.0205078125 0.0224609375
0 0.5791015625 0.3837890625 0.0205078125 0.033203125
0 0.5869140625 0.45703125 0.029296875 0.0361328125
0 0.873046875 0.5927734375 0.0751953125 0.0693359375
0 0.9248046875 0.3720703125 0.0185546875 0.0166015625
0 0.943359375 0.3486328125 0.0439453125 0.01953125
1 0.244140625 0.39453125 0.025390625 0.033203125
1 0.591796875 0.31640625 0.0107421875 0.0166015625
0 0.6474609375 0.4208984375 0.0361328125 0.025390625
0 0.013671875 0.4716796875 0.02734375 0.033203125
2 0.611328125 0.4775390625 0.021484375 0.0224609375
2 0.4482421875 0.4638671875 0.021484375 0.0224609375
1 0.630859375 0.359375 0.025390625 0.0302734375
0 0.791015625 0.392578125 0.0205078125 0.013671875
1 0.337890625 0.33984375 0.029296875 0.0634765625