2 0.8349609375 0.923828125 0.1640625 0.080078125
1 0.669921875 0.6748046875 0.4326171875 0.3837890625
1 0.8818359375 0.4931640625 0.2265625 0.2412109375
1 0.48828125 0.3388671875 0.0205078125 0.0390625
1 0.3662109375 0.4873046875 0.1484375 0.1806640625
1 0.5361328125 0.466796875 0.15625 0.205078125
1 0.2265625 0.740234375 0.4033203125 0.513671875
1 0.7119140625 0.4052734375 0.1201171875 0.1552734375
1 0.6435546875 0.318359375 0.0185546875 0.025390625
1 0.193359375 0.4267578125 0.119140625 0.1748046875
1 0.6630859375 0.330078125 0.0419921875 0.072265625
1 0.7353515625 0.31640625 0.0205078125 0.033203125
1 0.068359375 0.4951171875 0.13671875 0.275390625
1 0.5869140625 0.330078125 0.0361328125 0.072265625
1 0.2734375 0.349609375 0.025390625 0.044921875
1 0.7626953125 0.318359375 0.0498046875 0.0693359375
1 0.248046875 0.3857421875 0.0390625 0.0556640625
1 0.806640625 0.3388671875 0.0498046875 0.099609375
1 0.2255859375 0.34765625 0.0263671875 0.044921875
1 0.3046875 0.3544921875 0.052734375 0.080078125
1 0.5673828125 0.3837890625 0.0439453125 0.0888671875
1 0.880859375 0.2822265625 0.130859375 0.2861328125
0 0.8984375 0.578125 0.0966796875 0.0498046875
1 0.97265625 0.34765625 0.0546875 0.0830078125
1 0.923828125 0.34765625 0.048828125 0.06640625
0 0.4072265625 0.4404296875 0.029296875 0.0419921875
1 0.45703125 0.3291015625 0.029296875 0.046875
0 0.53125 0.580078125 0.125 0.0556640625
1 0.9501953125 0.6875 0.099609375 0.30859375
0 0.439453125 0.607421875 0.052734375 0.0419921875
1 0.044921875 0.3857421875 0.0419921875 0.06640625
0 0.376953125 0.5791015625 0.068359375 0.0361328125
0 0.4697265625 0.482421875 0.0546875 0.0419921875
1 0.1884765625 0.369140625 0.029296875 0.0498046875
1 0.8310546875 0.3037109375 0.0185546875 0.0361328125
0 0.697265625 0.474609375 0.0498046875 0.0166015625
1 0.8154296875 0.3154296875 0.015625 0.025390625
1 0.7177734375 0.3427734375 0.029296875 0.046875
1 0.9970703125 0.330078125 0.005859375 0.0390625
0 0.78125 0.44140625 0.0498046875 0.0390625
1 0.6103515625 0.330078125 0.013671875 0.0224609375
0 0.283203125 0.4306640625 0.037109375 0.0224609375
1 0.5166015625 0.3427734375 0.029296875 0.052734375
0 0.462890625 0.3876953125 0.025390625 0.01953125
0 0.037109375 0.541015625 0.07421875 0.05078125
0 0.6015625 0.39453125 0.021484375 0.0166015625
0 0.4921875 0.4287109375 0.025390625 0.01953125
0 0.310546875 0.5654296875 0.0263671875 0.025390625
0 0.2998046875 0.4990234375 0.0185546875 0.01953125
0 0.63671875 0.419921875 0.0419921875 0.02734375
0 0.306640625 0.3916015625 0.017578125 0.0224609375
0 0.25 0.41796875 0.03125 0.01953125
0 0.796875 0.3984375 0.041015625 0.01953125
1 0.767578125 0.3291015625 0.015625 0.01953125
0 0.599609375 0.5595703125 0.013671875 0.01953125
1 0.607421875 0.365234375 0.0205078125 0.0302734375
0 0.212890625 0.388671875 0.0126953125 0.0224609375
2 0.673828125 0.4912109375 0.013671875 0.033203125
1 0.341796875 0.375 0.0419921875 0.044921875
0 0.1259765625 0.453125 0.048828125 0.0390625
1 0.6484375 0.50390625 0.041015625 0.046875