2 0.8349609375 0.927734375 0.1640625 0.0830078125
1 0.234375 0.7646484375 0.4375 0.470703125
1 0.650390625 0.611328125 0.3955078125 0.505859375
1 0.375 0.4697265625 0.1376953125 0.2001953125
1 0.64453125 0.3154296875 0.017578125 0.0302734375
1 0.681640625 0.3544921875 0.033203125 0.046875
1 0.888671875 0.3349609375 0.068359375 0.080078125
1 0.6728515625 0.31640625 0.0205078125 0.033203125
1 0.4287109375 0.3681640625 0.0703125 0.1083984375
1 0.556640625 0.3642578125 0.033203125 0.0390625
1 0.1953125 0.443359375 0.1220703125 0.19140625
1 0.3115234375 0.361328125 0.0576171875 0.0830078125
1 0.080078125 0.494140625 0.1591796875 0.2724609375
1 0.849609375 0.4794921875 0.1435546875 0.2080078125
1 0.7685546875 0.318359375 0.037109375 0.0693359375
1 0.359375 0.33984375 0.021484375 0.046875
1 0.509765625 0.3720703125 0.064453125 0.1552734375
1 0.5849609375 0.3291015625 0.033203125 0.052734375
1 0.9560546875 0.4482421875 0.087890625 0.23046875
1 0.4912109375 0.345703125 0.0205078125 0.0361328125
0 0.478515625 0.482421875 0.0419921875 0.0419921875
1 0.216796875 0.35546875 0.037109375 0.0498046875
1 0.724609375 0.3154296875 0.0361328125 0.0634765625
1 0.8115234375 0.3544921875 0.0732421875 0.1142578125
1 0.173828125 0.365234375 0.03125 0.046875
2 0.525390625 0.5927734375 0.033203125 0.046875
0 0.9296875 0.5751953125 0.109375 0.0556640625
1 0.26171875 0.3876953125 0.060546875 0.080078125
1 0.8359375 0.30859375 0.0185546875 0.0390625
0 0.412109375 0.4365234375 0.0234375 0.033203125
1 0.61328125 0.3515625 0.0390625 0.0751953125
0 0.439453125 0.6083984375 0.052734375 0.0390625
1 0.8037109375 0.3251953125 0.0205078125 0.044921875
1 0.8466796875 0.330078125 0.025390625 0.033203125
0 0.376953125 0.568359375 0.056640625 0.052734375
0 0.384765625 0.9326171875 0.12890625 0.134765625
0 0.326171875 0.4052734375 0.0263671875 0.0166015625
0 0.5966796875 0.400390625 0.0185546875 0.0166015625
1 0.2861328125 0.349609375 0.0185546875 0.033203125
0 0.794921875 0.3759765625 0.0263671875 0.013671875
1 0.3359375 0.3427734375 0.0185546875 0.025390625
0 0.349609375 0.3779296875 0.037109375 0.0224609375
0 0.494140625 0.4287109375 0.0263671875 0.01953125
0 0.9560546875 0.388671875 0.025390625 0.0224609375
0 0.466796875 0.388671875 0.0263671875 0.0224609375
0 0.201171875 0.490234375 0.0546875 0.025390625
0 0.0380859375 0.544921875 0.076171875 0.0498046875
1 0.537109375 0.34765625 0.0126953125 0.033203125
0 0.4267578125 0.4677734375 0.0185546875 0.013671875
0 0.400390625 0.419921875 0.0126953125 0.0224609375
0 0.611328125 0.4677734375 0.025390625 0.01953125
0 0.787109375 0.40234375 0.0185546875 0.0166015625
0 0.1845703125 0.455078125 0.072265625 0.033203125
0 0.59375 0.37890625 0.025390625 0.025390625
0 0.8505859375 0.3642578125 0.017578125 0.0224609375
0 0.634765625 0.4248046875 0.0283203125 0.0166015625
0 0.30078125 0.505859375 0.0234375 0.044921875
0 0.287109375 0.4306640625 0.0419921875 0.02734375
0 0.59375 0.4541015625 0.0126953125 0.025390625
0 0.611328125 0.384765625 0.015625 0.01953125