2 0.833984375 0.927734375 0.166015625 0.0830078125
1 0.650390625 0.60546875 0.3935546875 0.5
1 0.443359375 0.4111328125 0.0986328125 0.1337890625
1 0.4990234375 0.330078125 0.017578125 0.0390625
1 0.642578125 0.31640625 0.013671875 0.02734375
1 0.673828125 0.31640625 0.0205078125 0.02734375
0 0.216796875 0.9404296875 0.2001953125 0.1142578125
1 0.369140625 0.4931640625 0.125 0.169921875
2 0.5185546875 0.5927734375 0.025390625 0.0419921875
1 0.185546875 0.3916015625 0.0888671875 0.1220703125
1 0.341796875 0.3544921875 0.0419921875 0.080078125
1 0.763671875 0.326171875 0.046875 0.0859375
1 0.0751953125 0.5927734375 0.1435546875 0.513671875
1 0.513671875 0.37890625 0.072265625 0.1357421875
1 0.6748046875 0.35546875 0.037109375 0.0498046875
1 0.28515625 0.404296875 0.0888671875 0.1865234375
1 0.8857421875 0.4912109375 0.2158203125 0.2392578125
1 0.625 0.341796875 0.0498046875 0.078125
1 0.736328125 0.322265625 0.0205078125 0.044921875
1 0.5615234375 0.3623046875 0.0390625 0.0419921875
1 0.587890625 0.3193359375 0.0439453125 0.078125
0 0.380859375 0.9423828125 0.1015625 0.115234375
1 0.3037109375 0.3486328125 0.029296875 0.052734375
1 0.935546875 0.3427734375 0.060546875 0.09765625
1 0.822265625 0.318359375 0.0263671875 0.0361328125
1 0.2236328125 0.3486328125 0.0283203125 0.0419921875
0 0.4755859375 0.4833984375 0.0419921875 0.0390625
0 0.37890625 0.580078125 0.107421875 0.044921875
0 0.4404296875 0.6083984375 0.0498046875 0.0390625
1 0.705078125 0.328125 0.033203125 0.06640625
0 0.40625 0.44140625 0.025390625 0.02734375
1 0.9814453125 0.365234375 0.037109375 0.0625
1 0.8349609375 0.3662109375 0.0986328125 0.1220703125
1 0.59765625 0.298828125 0.013671875 0.01953125
0 0.630859375 0.427734375 0.0439453125 0.0224609375
0 0.4609375 0.388671875 0.03125 0.0224609375
1 0.888671875 0.341796875 0.0361328125 0.078125
0 0.48828125 0.4306640625 0.0234375 0.0166015625
0 0.88671875 0.60546875 0.0546875 0.0390625
0 0.541015625 0.556640625 0.0263671875 0.025390625
0 0.1875 0.4677734375 0.0810546875 0.05859375
0 0.7919921875 0.447265625 0.0283203125 0.044921875
1 0.955078125 0.716796875 0.0888671875 0.25
0 0.04296875 0.5947265625 0.0859375 0.0615234375
0 0.2998046875 0.5 0.0185546875 0.0166015625
0 0.6064453125 0.392578125 0.0185546875 0.01953125
0 0.4248046875 0.466796875 0.03125 0.0224609375
1 0.4658203125 0.31640625 0.025390625 0.033203125
0 0.04296875 0.548828125 0.0859375 0.052734375
0 0.232421875 0.40234375 0.017578125 0.033203125
0 0.7861328125 0.380859375 0.015625 0.0166015625
1 0.60546875 0.3427734375 0.017578125 0.025390625
0 0.3955078125 0.421875 0.025390625 0.0166015625
1 0.755859375 0.369140625 0.017578125 0.0390625
1 0.541015625 0.35546875 0.0126953125 0.02734375
0 0.32421875 0.4052734375 0.0234375 0.0390625
1 0.8427734375 0.298828125 0.0107421875 0.01953125