2 0.833984375 0.923828125 0.166015625 0.080078125
1 0.66796875 0.625 0.4267578125 0.494140625
1 0.0791015625 0.62109375 0.154296875 0.525390625
1 0.716796875 0.4013671875 0.0888671875 0.125
1 0.955078125 0.4169921875 0.0888671875 0.2001953125
1 0.392578125 0.490234375 0.1142578125 0.169921875
1 0.91796875 0.3193359375 0.017578125 0.0390625
1 0.4873046875 0.3427734375 0.0185546875 0.0419921875
1 0.1923828125 0.3916015625 0.109375 0.1220703125
1 0.5947265625 0.345703125 0.0419921875 0.0859375
1 0.2939453125 0.341796875 0.0126953125 0.0224609375
1 0.5185546875 0.390625 0.0625 0.125
1 0.462890625 0.3544921875 0.0419921875 0.0751953125
1 0.818359375 0.3359375 0.0732421875 0.0947265625
1 0.634765625 0.3427734375 0.0546875 0.080078125
1 0.3447265625 0.384765625 0.0517578125 0.130859375
1 0.8779296875 0.3212890625 0.0341796875 0.05859375
1 0.744140625 0.330078125 0.03125 0.0615234375
0 0.880859375 0.6240234375 0.1044921875 0.080078125
1 0.021484375 0.39453125 0.0419921875 0.06640625
2 0.529296875 0.5888671875 0.0419921875 0.0390625
0 0.193359375 0.9169921875 0.3125 0.1552734375
0 0.478515625 0.48046875 0.0439453125 0.0390625
0 0.4384765625 0.6083984375 0.0546875 0.0390625
0 0.37890625 0.91796875 0.1357421875 0.15234375
1 0.5244140625 0.34765625 0.013671875 0.033203125
1 0.560546875 0.4912109375 0.0361328125 0.1279296875
1 0.9541015625 0.6728515625 0.091796875 0.330078125
1 0.232421875 0.3662109375 0.0234375 0.033203125
0 0.39453125 0.580078125 0.0361328125 0.0390625
1 0.763671875 0.3056640625 0.021484375 0.044921875
1 0.28125 0.3662109375 0.025390625 0.044921875
1 0.716796875 0.3427734375 0.033203125 0.052734375
1 0.1787109375 0.341796875 0.0361328125 0.0556640625
1 0.763671875 0.365234375 0.0263671875 0.0693359375
1 0.6728515625 0.3232421875 0.0205078125 0.0302734375
1 0.3994140625 0.390625 0.029296875 0.0419921875
1 0.349609375 0.330078125 0.0185546875 0.0224609375
0 0.4228515625 0.4541015625 0.017578125 0.0419921875
1 0.5625 0.392578125 0.03125 0.05859375
0 0.7060546875 0.4775390625 0.037109375 0.02734375
1 0.306640625 0.33203125 0.0263671875 0.0419921875
1 0.83203125 0.3154296875 0.013671875 0.0361328125
1 0.525390625 0.2958984375 0.03125 0.1083984375
0 0.1865234375 0.4638671875 0.076171875 0.0498046875
1 0.029296875 0.466796875 0.056640625 0.0947265625
0 0.4873046875 0.4306640625 0.025390625 0.0224609375
0 0.0439453125 0.5947265625 0.087890625 0.06640625
1 0.525390625 0.25390625 0.0126953125 0.01953125
2 0.291015625 0.400390625 0.0126953125 0.033203125
0 0.2548828125 0.41015625 0.021484375 0.01953125
0 0.767578125 0.443359375 0.021484375 0.0302734375
0 0.611328125 0.388671875 0.0205078125 0.0224609375
0 0.837890625 0.3779296875 0.025390625 0.0166015625
1 0.5927734375 0.3291015625 0.0107421875 0.01953125
0 0.1484375 0.4404296875 0.021484375 0.025390625
0 0.7939453125 0.3876953125 0.025390625 0.025390625
0 0.462890625 0.390625 0.0263671875 0.01953125
0 0.2802734375 0.4287109375 0.044921875 0.01953125
0 0.267578125 0.392578125 0.017578125 0.0361328125