2 0.8046875 0.8642578125 0.1533203125 0.078125
1 0.673828125 0.595703125 0.404296875 0.408203125
1 0.3740234375 0.455078125 0.1328125 0.1884765625
1 0.2783203125 0.697265625 0.400390625 0.505859375
1 0.62890625 0.2890625 0.017578125 0.0224609375
1 0.71875 0.28515625 0.0185546875 0.01953125
1 0.244140625 0.326171875 0.025390625 0.0361328125
1 0.806640625 0.2802734375 0.017578125 0.0224609375
1 0.955078125 0.318359375 0.0703125 0.080078125
1 0.3125 0.302734375 0.0185546875 0.0224609375
1 0.19921875 0.3916015625 0.1171875 0.1611328125
1 0.935546875 0.421875 0.125 0.2001953125
1 0.4609375 0.318359375 0.041015625 0.0751953125
1 0.5078125 0.3486328125 0.068359375 0.119140625
1 0.322265625 0.33984375 0.046875 0.0693359375
1 0.6923828125 0.349609375 0.0908203125 0.1162109375
1 0.087890625 0.431640625 0.1611328125 0.2470703125
1 0.2705078125 0.3486328125 0.0595703125 0.080078125
0 0.88671875 0.5419921875 0.123046875 0.0615234375
1 0.875 0.298828125 0.03125 0.05859375
1 0.5830078125 0.3125 0.03125 0.0693359375
0 0.4794921875 0.451171875 0.041015625 0.0361328125
1 0.29296875 0.31640625 0.0205078125 0.0390625
1 0.755859375 0.2802734375 0.0205078125 0.033203125
1 0.7890625 0.33984375 0.068359375 0.119140625
1 0.841796875 0.330078125 0.0517578125 0.0888671875
1 0.697265625 0.318359375 0.0205078125 0.0419921875
1 0.5 0.3017578125 0.0126953125 0.025390625
1 0.2109375 0.3349609375 0.0283203125 0.0302734375
1 0.357421875 0.3291015625 0.0390625 0.0693359375
1 0.619140625 0.318359375 0.0361328125 0.0634765625
1 0.904296875 0.3095703125 0.0361328125 0.080078125
1 0.7490234375 0.3212890625 0.029296875 0.0634765625
0 0.443359375 0.568359375 0.0498046875 0.0361328125
1 0.6552734375 0.2919921875 0.0234375 0.0556640625
0 0.423828125 0.4169921875 0.021484375 0.033203125
2 0.537109375 0.5498046875 0.0576171875 0.044921875
0 0.4033203125 0.5419921875 0.068359375 0.02734375
1 0.599609375 0.3037109375 0.0126953125 0.025390625
0 0.4072265625 0.392578125 0.029296875 0.01953125
0 0.4931640625 0.3984375 0.029296875 0.01953125
1 0.3623046875 0.3056640625 0.0126953125 0.0224609375
0 0.4384765625 0.4404296875 0.044921875 0.025390625
1 0.6494140625 0.3486328125 0.029296875 0.0419921875
2 0.3984375 0.95703125 0.037109375 0.0751953125
0 0.46875 0.359375 0.0185546875 0.01953125
1 0.236328125 0.349609375 0.0185546875 0.033203125
0 0.9482421875 0.529296875 0.0283203125 0.01953125
0 0.3935546875 0.3779296875 0.0126953125 0.0224609375
1 0.7421875 0.4052734375 0.0341796875 0.044921875
0 0.935546875 0.35546875 0.03125 0.02734375
0 0.6318359375 0.4150390625 0.033203125 0.052734375
0 0.3046875 0.3955078125 0.021484375 0.013671875
1 0.3076171875 0.3232421875 0.0126953125 0.01953125
1 0.369140625 0.328125 0.0107421875 0.0224609375
0 0.607421875 0.35546875 0.013671875 0.0224609375
0 0.603515625 0.37890625 0.0263671875 0.0419921875
1 0.5810546875 0.3037109375 0.0126953125 0.01953125