2 0.833984375 0.9267578125 0.166015625 0.0859375
1 0.6611328125 0.6416015625 0.396484375 0.43359375
1 0.369140625 0.4873046875 0.138671875 0.1748046875
1 0.23828125 0.7763671875 0.4580078125 0.4365234375
1 0.408203125 0.3857421875 0.046875 0.10546875
1 0.8447265625 0.466796875 0.158203125 0.244140625
1 0.724609375 0.3056640625 0.0185546875 0.033203125
1 0.216796875 0.3662109375 0.0283203125 0.044921875
1 0.3544921875 0.380859375 0.046875 0.1220703125
1 0.556640625 0.369140625 0.037109375 0.0498046875
1 0.89453125 0.330078125 0.060546875 0.072265625
1 0.2802734375 0.34765625 0.0234375 0.044921875
1 0.7177734375 0.384765625 0.095703125 0.130859375
1 0.076171875 0.505859375 0.150390625 0.2724609375
1 0.6689453125 0.330078125 0.0439453125 0.0615234375
1 0.162109375 0.359375 0.03125 0.05859375
1 0.7626953125 0.3193359375 0.0439453125 0.072265625
0 0.318359375 0.9599609375 0.1611328125 0.080078125
1 0.486328125 0.3544921875 0.029296875 0.0693359375
1 0.9501953125 0.416015625 0.099609375 0.2734375
1 0.591796875 0.3984375 0.068359375 0.1416015625
1 0.2880859375 0.4111328125 0.0732421875 0.1552734375
1 0.8193359375 0.337890625 0.0703125 0.080078125
1 0.462890625 0.33984375 0.0205078125 0.052734375
1 0.3232421875 0.3427734375 0.0185546875 0.0419921875
1 0.07421875 0.404296875 0.0517578125 0.0693359375
0 0.4755859375 0.48046875 0.0419921875 0.0390625
1 0.6435546875 0.318359375 0.0185546875 0.0361328125
1 0.25 0.37890625 0.037109375 0.0634765625
2 0.529296875 0.591796875 0.0439453125 0.044921875
0 0.935546875 0.580078125 0.080078125 0.0390625
0 0.861328125 0.609375 0.1044921875 0.05859375
1 0.5810546875 0.341796875 0.025390625 0.044921875
1 0.6181640625 0.31640625 0.017578125 0.033203125
0 0.439453125 0.6083984375 0.052734375 0.0390625
1 0.712890625 0.337890625 0.025390625 0.0419921875
0 0.3798828125 0.5751953125 0.0654296875 0.044921875
1 0.34375 0.330078125 0.0185546875 0.02734375
1 0.59765625 0.318359375 0.017578125 0.0302734375
1 0.201171875 0.4443359375 0.103515625 0.2109375
1 0.30078125 0.3427734375 0.0205078125 0.0361328125
1 0.5341796875 0.341796875 0.015625 0.044921875
0 0.4267578125 0.466796875 0.0283203125 0.0224609375
0 0.5 0.4287109375 0.0185546875 0.01953125
0 0.611328125 0.3974609375 0.0283203125 0.0166015625
0 0.798828125 0.37109375 0.0283203125 0.013671875
0 0.330078125 0.404296875 0.021484375 0.013671875
0 0.7880859375 0.4013671875 0.0234375 0.013671875
0 0.2919921875 0.56640625 0.0595703125 0.02734375
1 0.837890625 0.31640625 0.013671875 0.0224609375
0 0.412109375 0.4306640625 0.0126953125 0.0224609375
0 0.0380859375 0.5458984375 0.076171875 0.046875
0 0.3740234375 0.375 0.013671875 0.0166015625
0 0.46875 0.384765625 0.0126953125 0.01953125
0 0.59375 0.4541015625 0.0126953125 0.0302734375
0 0.609375 0.4775390625 0.0185546875 0.02734375
0 0.30078125 0.5029296875 0.0234375 0.033203125
0 0.849609375 0.3662109375 0.0185546875 0.0166015625
0 0.587890625 0.380859375 0.025390625 0.0224609375
1 0.044921875 0.455078125 0.0361328125 0.0615234375
0 0.2412109375 0.4169921875 0.0234375 0.0166015625
0 0.0322265625 0.505859375 0.0517578125 0.0390625
0 0.2822265625 0.4306640625 0.0390625 0.02734375
0 0.7939453125 0.328125 0.0185546875 0.0166015625