2 0.833984375 0.9248046875 0.166015625 0.0830078125
1 0.7001953125 0.693359375 0.462890625 0.3359375
1 0.2509765625 0.7666015625 0.4326171875 0.4384765625
1 0.369140625 0.4873046875 0.150390625 0.1806640625
1 0.869140625 0.4697265625 0.25 0.2607421875
1 0.451171875 0.4140625 0.09375 0.138671875
1 0.841796875 0.3134765625 0.017578125 0.02734375
1 0.7099609375 0.4306640625 0.1357421875 0.1884765625
1 0.4873046875 0.3525390625 0.025390625 0.0390625
1 0.1884765625 0.443359375 0.1298828125 0.236328125
1 0.8662109375 0.3544921875 0.044921875 0.0634765625
1 0.279296875 0.3427734375 0.0283203125 0.046875
1 0.07421875 0.4794921875 0.138671875 0.2080078125
1 0.4365234375 0.330078125 0.013671875 0.0224609375
1 0.943359375 0.34765625 0.0439453125 0.0556640625
1 0.3486328125 0.3359375 0.0185546875 0.033203125
1 0.73828125 0.318359375 0.0205078125 0.0361328125
1 0.22265625 0.365234375 0.029296875 0.046875
0 0.326171875 0.9599609375 0.185546875 0.0693359375
1 0.3056640625 0.341796875 0.029296875 0.044921875
1 0.673828125 0.33203125 0.0341796875 0.05859375
1 0.76953125 0.3056640625 0.0234375 0.033203125
1 0.6435546875 0.322265625 0.0185546875 0.033203125
1 0.8994140625 0.3154296875 0.044921875 0.0693359375
1 0.4990234375 0.3232421875 0.013671875 0.0302734375
1 0.712890625 0.33984375 0.0498046875 0.080078125
1 0.5810546875 0.3359375 0.0185546875 0.033203125
1 0.5693359375 0.3837890625 0.1044921875 0.1611328125
1 0.8125 0.369140625 0.068359375 0.1162109375
1 0.591796875 0.3115234375 0.0185546875 0.044921875
0 0.541015625 0.5830078125 0.1357421875 0.0498046875
0 0.4755859375 0.482421875 0.0419921875 0.0361328125
1 0.3642578125 0.3662109375 0.0283203125 0.0615234375
0 0.87890625 0.591796875 0.0830078125 0.06640625
1 0.4560546875 0.3330078125 0.025390625 0.0390625
1 0.326171875 0.380859375 0.025390625 0.0498046875
0 0.4189453125 0.453125 0.0185546875 0.033203125
0 0.439453125 0.611328125 0.052734375 0.044921875
1 0.525390625 0.341796875 0.0205078125 0.044921875
1 0.962890625 0.69140625 0.0703125 0.27734375
1 0.982421875 0.35546875 0.033203125 0.0556640625
0 0.697265625 0.4794921875 0.0498046875 0.0302734375
0 0.404296875 0.4287109375 0.0283203125 0.025390625
1 0.767578125 0.3544921875 0.0234375 0.0361328125
0 0.376953125 0.572265625 0.0625 0.044921875
0 0.7724609375 0.443359375 0.0419921875 0.0361328125
0 0.625 0.568359375 0.0439453125 0.0361328125
0 0.642578125 0.4248046875 0.037109375 0.0166015625
0 0.50390625 0.4443359375 0.017578125 0.033203125
0 0.466796875 0.3876953125 0.0263671875 0.025390625
0 0.294921875 0.568359375 0.048828125 0.0361328125
2 0.80078125 0.431640625 0.029296875 0.025390625
0 0.044921875 0.595703125 0.0888671875 0.0634765625
0 0.5849609375 0.380859375 0.0205078125 0.0224609375
0 0.30078125 0.5009765625 0.0234375 0.0361328125
1 0.2255859375 0.40234375 0.013671875 0.0390625
0 0.611328125 0.4697265625 0.013671875 0.0166015625
1 0.603515625 0.341796875 0.015625 0.0224609375
0 0.068359375 0.9677734375 0.0830078125 0.05859375
1 0.1796875 0.365234375 0.0126953125 0.0302734375
0 0.4130859375 0.29296875 0.0205078125 0.025390625
0 0.4375 0.470703125 0.037109375 0.025390625