2 0.83203125 0.923828125 0.1669921875 0.080078125
1 0.6474609375 0.6318359375 0.3544921875 0.44140625
1 0.271484375 0.7490234375 0.412109375 0.419921875
1 0.3623046875 0.4912109375 0.1435546875 0.171875
1 0.345703125 0.3427734375 0.021484375 0.0361328125
1 0.310546875 0.3740234375 0.0654296875 0.1083984375
1 0.48828125 0.3447265625 0.0263671875 0.0390625
1 0.1943359375 0.447265625 0.1357421875 0.205078125
1 0.5 0.326171875 0.0126953125 0.025390625
1 0.45703125 0.3583984375 0.0419921875 0.0888671875
1 0.943359375 0.466796875 0.1123046875 0.2333984375
1 0.2314453125 0.3623046875 0.025390625 0.0302734375
1 0.275390625 0.33984375 0.025390625 0.0419921875
1 0.76953125 0.330078125 0.048828125 0.0947265625
1 0.6416015625 0.3251953125 0.0263671875 0.0556640625
1 0.5537109375 0.408203125 0.0703125 0.1162109375
1 0.080078125 0.5166015625 0.154296875 0.2724609375
1 0.587890625 0.3447265625 0.037109375 0.072265625
1 0.7314453125 0.400390625 0.0810546875 0.1337890625
1 0.8232421875 0.33984375 0.052734375 0.0859375
1 0.65625 0.37890625 0.087890625 0.1142578125
1 0.86328125 0.337890625 0.048828125 0.0693359375
1 0.173828125 0.3662109375 0.025390625 0.044921875
1 0.904296875 0.349609375 0.048828125 0.10546875
1 0.3681640625 0.359375 0.0234375 0.0419921875
0 0.4384765625 0.607421875 0.0546875 0.0419921875
0 0.4072265625 0.427734375 0.0234375 0.0224609375
2 0.5302734375 0.591796875 0.044921875 0.044921875
1 0.7109375 0.3291015625 0.015625 0.025390625
1 0.2470703125 0.39453125 0.0283203125 0.0390625
1 0.978515625 0.3525390625 0.0419921875 0.078125
0 0.47265625 0.482421875 0.0361328125 0.0419921875
0 0.4873046875 0.4306640625 0.025390625 0.0224609375
1 0.0302734375 0.3984375 0.0361328125 0.05859375
0 0.34765625 0.375 0.0263671875 0.033203125
0 0.3779296875 0.5732421875 0.0654296875 0.0419921875
1 0.0859375 0.423828125 0.0498046875 0.080078125
0 0.9091796875 0.4052734375 0.03125 0.0166015625
0 0.4189453125 0.466796875 0.03125 0.0224609375
1 0.212890625 0.392578125 0.037109375 0.046875
0 0.70703125 0.48046875 0.033203125 0.033203125
0 0.3623046875 0.92578125 0.150390625 0.1484375
0 0.609375 0.3916015625 0.0283203125 0.0166015625
0 0.875 0.5888671875 0.0751953125 0.0615234375
0 0.30078125 0.5009765625 0.0234375 0.0361328125
0 0.2822265625 0.4306640625 0.044921875 0.02734375
1 0.517578125 0.3427734375 0.03125 0.0634765625
0 0.0390625 0.548828125 0.078125 0.052734375
1 0.6611328125 0.3193359375 0.0185546875 0.02734375
1 0.0244140625 0.4609375 0.048828125 0.06640625
1 0.724609375 0.34765625 0.0205078125 0.033203125
2 0.0205078125 0.9482421875 0.041015625 0.091796875
0 0.7978515625 0.3779296875 0.0205078125 0.0107421875
0 0.380859375 0.40234375 0.013671875 0.0224609375
0 0.32421875 0.4052734375 0.0234375 0.0166015625
0 0.58203125 0.45703125 0.033203125 0.0361328125
0 0.580078125 0.37890625 0.0107421875 0.013671875