2 0.8349609375 0.923828125 0.1669921875 0.080078125
1 0.673828125 0.6806640625 0.4482421875 0.35546875
1 0.3662109375 0.4931640625 0.1640625 0.1806640625
1 0.248046875 0.755859375 0.4140625 0.421875
1 0.5361328125 0.4677734375 0.15625 0.1748046875
1 0.8173828125 0.4677734375 0.193359375 0.2080078125
1 0.416015625 0.35546875 0.044921875 0.099609375
1 0.4853515625 0.3662109375 0.0517578125 0.10546875
1 0.2744140625 0.3662109375 0.0859375 0.1279296875
1 0.64453125 0.31640625 0.013671875 0.02734375
1 0.193359375 0.4482421875 0.1376953125 0.23046875
1 0.0751953125 0.4775390625 0.150390625 0.255859375
1 0.2822265625 0.3359375 0.0234375 0.033203125
1 0.5009765625 0.3291015625 0.013671875 0.0419921875
1 0.22265625 0.3681640625 0.029296875 0.046875
0 0.478515625 0.482421875 0.0439453125 0.0419921875
1 0.8671875 0.3662109375 0.052734375 0.033203125
1 0.6669921875 0.328125 0.021484375 0.02734375
1 0.892578125 0.3251953125 0.0546875 0.0830078125
1 0.822265625 0.341796875 0.0576171875 0.0888671875
1 0.947265625 0.423828125 0.1015625 0.2412109375
1 0.767578125 0.3486328125 0.052734375 0.1083984375
1 0.556640625 0.3681640625 0.0390625 0.05859375
1 0.34375 0.359375 0.0498046875 0.091796875
1 0.623046875 0.3427734375 0.0595703125 0.0859375
1 0.3544921875 0.33203125 0.015625 0.025390625
1 0.712890625 0.337890625 0.0439453125 0.0751953125
1 0.580078125 0.328125 0.03125 0.0556640625
0 0.375 0.5791015625 0.056640625 0.0361328125
1 0.3037109375 0.330078125 0.013671875 0.02734375
1 0.955078125 0.6875 0.0830078125 0.30859375
0 0.53125 0.5791015625 0.1123046875 0.052734375
0 0.8671875 0.5986328125 0.0966796875 0.05859375
1 0.51171875 0.3037109375 0.013671875 0.01953125
0 0.404296875 0.427734375 0.0283203125 0.0224609375
0 0.439453125 0.611328125 0.052734375 0.044921875
1 0.9404296875 0.3291015625 0.0341796875 0.046875
0 0.4189453125 0.451171875 0.0185546875 0.0361328125
0 0.4931640625 0.4287109375 0.0263671875 0.01953125
0 0.2978515625 0.56640625 0.044921875 0.033203125
1 0.525390625 0.3349609375 0.03125 0.05859375
0 0.7001953125 0.4794921875 0.0439453125 0.025390625
0 0.642578125 0.427734375 0.0419921875 0.0224609375
1 0.7294921875 0.3037109375 0.015625 0.0302734375
1 0.373046875 0.3662109375 0.0205078125 0.0615234375
0 0.76953125 0.4404296875 0.0234375 0.025390625
1 0.6689453125 0.3759765625 0.03125 0.052734375
0 0.30078125 0.49609375 0.0205078125 0.025390625
0 0.7978515625 0.3779296875 0.0205078125 0.0166015625
0 0.0439453125 0.595703125 0.087890625 0.0634765625
2 0.6103515625 0.4794921875 0.0205078125 0.01953125
0 0.982421875 0.5498046875 0.033203125 0.044921875
1 0.5927734375 0.3916015625 0.0263671875 0.044921875
0 0.4638671875 0.384765625 0.0185546875 0.01953125
1 0.779296875 0.4052734375 0.021484375 0.0390625
0 0.03125 0.5166015625 0.0625 0.0615234375
1 0.599609375 0.349609375 0.0185546875 0.033203125
1 0.8115234375 0.287109375 0.0234375 0.0302734375
0 0.2802734375 0.4287109375 0.0361328125 0.01953125
2 0.818359375 0.3681640625 0.025390625 0.013671875
2 0.6181640625 0.3837890625 0.0078125 0.0166015625
0 0.2314453125 0.40234375 0.0185546875 0.02734375
0 0.59375 0.4609375 0.0126953125 0.033203125
0 0.2548828125 0.390625 0.025390625 0.0361328125
0 0.3125 0.37890625 0.0126953125 0.046875
1 0.7373046875 0.4150390625 0.025390625 0.0419921875