2 0.833984375 0.927734375 0.166015625 0.0830078125
1 0.6787109375 0.6484375 0.4296875 0.419921875
1 0.2666015625 0.7294921875 0.4013671875 0.453125
1 0.3740234375 0.482421875 0.1357421875 0.1748046875
1 0.6748046875 0.31640625 0.0185546875 0.0224609375
1 0.296875 0.3232421875 0.0185546875 0.01953125
1 0.5498046875 0.4697265625 0.1435546875 0.18359375
1 0.4658203125 0.3447265625 0.037109375 0.078125
1 0.837890625 0.3095703125 0.0185546875 0.0302734375
1 0.1943359375 0.4248046875 0.1171875 0.1943359375
1 0.529296875 0.33984375 0.0185546875 0.0419921875
1 0.837890625 0.4599609375 0.158203125 0.2197265625
1 0.4892578125 0.3388671875 0.0185546875 0.033203125
1 0.2744140625 0.35546875 0.0234375 0.044921875
1 0.3564453125 0.3427734375 0.0126953125 0.025390625
1 0.3125 0.380859375 0.056640625 0.111328125
1 0.7119140625 0.412109375 0.1044921875 0.169921875
1 0.7294921875 0.326171875 0.0185546875 0.046875
1 0.07421875 0.5068359375 0.1484375 0.275390625
1 0.4052734375 0.369140625 0.0419921875 0.0888671875
1 0.951171875 0.4306640625 0.091796875 0.2001953125
1 0.6005859375 0.3486328125 0.0390625 0.080078125
1 0.212890625 0.361328125 0.029296875 0.044921875
0 0.21875 0.955078125 0.193359375 0.0830078125
1 0.892578125 0.3291015625 0.064453125 0.0751953125
1 0.83203125 0.3544921875 0.048828125 0.05859375
1 0.0478515625 0.388671875 0.044921875 0.0498046875
1 0.2490234375 0.3837890625 0.044921875 0.06640625
1 0.7685546875 0.328125 0.0439453125 0.0830078125
1 0.3427734375 0.3330078125 0.013671875 0.0224609375
1 0.5634765625 0.3623046875 0.0390625 0.05859375
1 0.3232421875 0.3427734375 0.0185546875 0.0361328125
1 0.806640625 0.3154296875 0.013671875 0.0361328125
0 0.478515625 0.482421875 0.044921875 0.0361328125
1 0.931640625 0.33984375 0.0361328125 0.0751953125
0 0.3935546875 0.9287109375 0.1435546875 0.1416015625
0 0.869140625 0.5927734375 0.099609375 0.0693359375
0 0.439453125 0.6083984375 0.052734375 0.0390625
1 0.6435546875 0.322265625 0.0185546875 0.044921875
0 0.4921875 0.4306640625 0.03125 0.0166015625
0 0.544921875 0.5625 0.095703125 0.0302734375
0 0.380859375 0.568359375 0.068359375 0.052734375
0 0.462890625 0.390625 0.025390625 0.025390625
1 0.986328125 0.3544921875 0.0263671875 0.046875
2 0.541015625 0.591796875 0.064453125 0.044921875
0 0.294921875 0.5654296875 0.048828125 0.025390625
0 0.798828125 0.37109375 0.025390625 0.013671875
0 0.326171875 0.404296875 0.0263671875 0.013671875
0 0.6181640625 0.4794921875 0.033203125 0.0361328125
0 0.2177734375 0.384765625 0.017578125 0.01953125
0 0.494140625 0.58203125 0.033203125 0.052734375
0 0.607421875 0.39453125 0.029296875 0.0166015625
0 0.64453125 0.4169921875 0.0419921875 0.0390625
1 0.369140625 0.380859375 0.0185546875 0.072265625
0 0.8623046875 0.3642578125 0.0185546875 0.0224609375
1 0.7109375 0.3427734375 0.025390625 0.0419921875
0 0.4306640625 0.4677734375 0.0263671875 0.01953125
0 0.28515625 0.4306640625 0.0419921875 0.02734375
0 0.1884765625 0.4912109375 0.029296875 0.0224609375
0 0.59375 0.4541015625 0.0126953125 0.025390625
1 0.794921875 0.392578125 0.0361328125 0.0419921875
2 0.8818359375 0.619140625 0.0234375 0.0166015625
0 0.30078125 0.4990234375 0.0205078125 0.0302734375