2 0.8349609375 0.923828125 0.1669921875 0.080078125
1 0.693359375 0.6787109375 0.470703125 0.3583984375
1 0.736328125 0.318359375 0.0205078125 0.0302734375
1 0.8515625 0.4736328125 0.224609375 0.2197265625
1 0.259765625 0.693359375 0.396484375 0.59765625
1 0.431640625 0.4072265625 0.09375 0.1474609375
1 0.5634765625 0.48046875 0.201171875 0.177734375
1 0.6484375 0.31640625 0.015625 0.02734375
1 0.48828125 0.345703125 0.0234375 0.0361328125
1 0.076171875 0.5 0.1484375 0.2666015625
1 0.505859375 0.3291015625 0.013671875 0.0361328125
1 0.435546875 0.3525390625 0.0234375 0.0390625
1 0.892578125 0.3291015625 0.068359375 0.0751953125
1 0.2373046875 0.3681640625 0.0498046875 0.0634765625
1 0.712890625 0.3427734375 0.025390625 0.052734375
1 0.767578125 0.326171875 0.046875 0.0859375
1 0.681640625 0.4140625 0.076171875 0.150390625
1 0.283203125 0.341796875 0.021484375 0.044921875
1 0.349609375 0.35546875 0.048828125 0.099609375
1 0.8173828125 0.330078125 0.0625 0.0888671875
1 0.6142578125 0.3427734375 0.0625 0.0751953125
1 0.173828125 0.3984375 0.083984375 0.119140625
1 0.95703125 0.658203125 0.0830078125 0.361328125
1 0.669921875 0.3359375 0.0234375 0.0556640625
1 0.0126953125 0.3779296875 0.025390625 0.0166015625
1 0.3017578125 0.337890625 0.0185546875 0.0302734375
1 0.935546875 0.361328125 0.041015625 0.078125
0 0.8740234375 0.611328125 0.1201171875 0.0947265625
1 0.5791015625 0.3388671875 0.029296875 0.0498046875
1 0.8505859375 0.3427734375 0.0234375 0.0361328125
1 0.2939453125 0.380859375 0.03125 0.0390625
0 0.419921875 0.58203125 0.076171875 0.052734375
0 0.5537109375 0.572265625 0.142578125 0.0556640625
0 0.478515625 0.482421875 0.048828125 0.0419921875
1 0.9873046875 0.34765625 0.0185546875 0.033203125
0 0.412109375 0.4404296875 0.025390625 0.0419921875
0 0.48828125 0.4306640625 0.0361328125 0.0224609375
1 0.787109375 0.39453125 0.033203125 0.06640625
1 0.5234375 0.330078125 0.0341796875 0.072265625
0 0.1728515625 0.4677734375 0.044921875 0.046875
0 0.451171875 0.384765625 0.0234375 0.01953125
1 0.462890625 0.3486328125 0.0234375 0.0302734375
0 0.6982421875 0.48046875 0.046875 0.02734375
0 0.642578125 0.4248046875 0.044921875 0.0166015625
0 0.609375 0.3984375 0.025390625 0.01953125
0 0.419921875 0.4677734375 0.029296875 0.01953125
0 0.76953125 0.443359375 0.029296875 0.0302734375
1 0.568359375 0.3916015625 0.033203125 0.044921875
0 0.380859375 0.3984375 0.0205078125 0.01953125
0 0.5927734375 0.37890625 0.017578125 0.013671875
0 0.439453125 0.6181640625 0.052734375 0.025390625
2 0.466796875 0.390625 0.017578125 0.01953125
0 0.150390625 0.4404296875 0.0185546875 0.01953125
1 0.26171875 0.357421875 0.013671875 0.0361328125
0 0.826171875 0.3876953125 0.048828125 0.025390625
1 0.541015625 0.4072265625 0.029296875 0.05859375
0 0.3125 0.380859375 0.0126953125 0.044921875
2 0.8193359375 0.3662109375 0.0263671875 0.0224609375
1 0.9892578125 0.44140625 0.0185546875 0.0830078125
0 0.9638671875 0.3544921875 0.0283203125 0.025390625