2 0.8349609375 0.9267578125 0.1640625 0.0859375
1 0.681640625 0.6552734375 0.392578125 0.4052734375
1 0.3935546875 0.4580078125 0.125 0.216796875
1 0.1689453125 0.3955078125 0.068359375 0.1357421875
1 0.826171875 0.2958984375 0.0205078125 0.025390625
1 0.3115234375 0.4052734375 0.0576171875 0.138671875
1 0.072265625 0.6611328125 0.14453125 0.576171875
1 0.3037109375 0.3232421875 0.017578125 0.01953125
1 0.7294921875 0.31640625 0.0185546875 0.02734375
1 0.556640625 0.4580078125 0.15625 0.18359375
0 0.2060546875 0.9306640625 0.244140625 0.1279296875
1 0.275390625 0.33984375 0.025390625 0.0361328125
1 0.81640625 0.3359375 0.076171875 0.0947265625
1 0.7431640625 0.3916015625 0.080078125 0.1279296875
1 0.65625 0.380859375 0.0810546875 0.10546875
1 0.462890625 0.3525390625 0.0498046875 0.0830078125
1 0.2568359375 0.37109375 0.0390625 0.05859375
1 0.76171875 0.31640625 0.048828125 0.06640625
1 0.94921875 0.4541015625 0.1015625 0.236328125
1 0.349609375 0.33984375 0.025390625 0.052734375
1 0.224609375 0.3515625 0.025390625 0.0361328125
1 0.892578125 0.3349609375 0.0625 0.080078125
1 0.5810546875 0.33984375 0.03125 0.0693359375
1 0.330078125 0.3515625 0.0205078125 0.0361328125
0 0.4794921875 0.482421875 0.046875 0.0419921875
1 0.4248046875 0.3525390625 0.03125 0.06640625
1 0.068359375 0.404296875 0.068359375 0.0693359375
1 0.9248046875 0.3544921875 0.025390625 0.052734375
0 0.9248046875 0.576171875 0.119140625 0.052734375
0 0.3798828125 0.9423828125 0.099609375 0.115234375
1 0.986328125 0.3427734375 0.0263671875 0.052734375
1 0.5263671875 0.35546875 0.037109375 0.078125
0 0.4375 0.6083984375 0.056640625 0.0390625
0 0.5068359375 0.58203125 0.0673828125 0.0634765625
1 0.673828125 0.3154296875 0.0205078125 0.0361328125
1 0.638671875 0.3134765625 0.0205078125 0.02734375
1 0.3056640625 0.3681640625 0.0234375 0.0302734375
1 0.19140625 0.3681640625 0.0263671875 0.0361328125
1 0.0263671875 0.455078125 0.052734375 0.1162109375
1 0.6044921875 0.361328125 0.0283203125 0.044921875
1 0.951171875 0.705078125 0.0908203125 0.2724609375
0 0.611328125 0.39453125 0.025390625 0.0224609375
0 0.8427734375 0.3759765625 0.0263671875 0.013671875
0 0.375 0.525390625 0.056640625 0.044921875
0 0.0380859375 0.548828125 0.076171875 0.052734375
0 0.482421875 0.4287109375 0.033203125 0.025390625
1 0.603515625 0.3349609375 0.017578125 0.0302734375
0 0.16796875 0.470703125 0.0361328125 0.0419921875
1 0.849609375 0.330078125 0.0185546875 0.0390625
0 0.326171875 0.404296875 0.0283203125 0.013671875
0 0.7685546875 0.4384765625 0.025390625 0.0224609375
1 0.5 0.318359375 0.025390625 0.046875
0 0.7421875 0.4541015625 0.03125 0.025390625
0 0.498046875 0.412109375 0.0185546875 0.0302734375
1 0.5576171875 0.369140625 0.0341796875 0.0498046875
1 0.7119140625 0.359375 0.017578125 0.0302734375
1 0.630859375 0.3662109375 0.0205078125 0.033203125
0 0.3427734375 0.3984375 0.0263671875 0.05859375
2 0.8193359375 0.3662109375 0.0234375 0.0224609375
1 0.826171875 0.3427734375 0.0205078125 0.025390625
0 0.451171875 0.4775390625 0.013671875 0.0166015625
0 0.6416015625 0.427734375 0.0390625 0.02734375
0 0.1123046875 0.4541015625 0.037109375 0.0361328125
0 0.8115234375 0.392578125 0.0673828125 0.046875
0 0.9384765625 0.3837890625 0.017578125 0.0498046875