2 0.8349609375 0.923828125 0.1669921875 0.080078125
1 0.3642578125 0.4931640625 0.166015625 0.1806640625
1 0.25 0.75390625 0.40625 0.4248046875
1 0.6796875 0.68359375 0.447265625 0.349609375
1 0.4365234375 0.318359375 0.0205078125 0.0302734375
1 0.537109375 0.4765625 0.158203125 0.1748046875
1 0.81640625 0.4697265625 0.1953125 0.2001953125
1 0.5009765625 0.3291015625 0.013671875 0.0361328125
1 0.1884765625 0.4482421875 0.1328125 0.23046875
1 0.486328125 0.3662109375 0.0517578125 0.10546875
1 0.28125 0.33203125 0.0185546875 0.0361328125
1 0.07421875 0.4931640625 0.1484375 0.23046875
1 0.9501953125 0.431640625 0.099609375 0.2138671875
1 0.4130859375 0.3544921875 0.0419921875 0.09765625
1 0.892578125 0.3291015625 0.056640625 0.0859375
1 0.8056640625 0.3115234375 0.044921875 0.0830078125
1 0.66796875 0.3251953125 0.0205078125 0.033203125
1 0.6435546875 0.3193359375 0.0185546875 0.02734375
1 0.345703125 0.3642578125 0.046875 0.099609375
1 0.22265625 0.3681640625 0.029296875 0.046875
1 0.7216796875 0.3212890625 0.0439453125 0.0751953125
1 0.3544921875 0.33203125 0.015625 0.025390625
1 0.025390625 0.392578125 0.0498046875 0.05859375
0 0.478515625 0.482421875 0.0439453125 0.0419921875
1 0.7666015625 0.3427734375 0.0546875 0.1142578125
1 0.556640625 0.369140625 0.0390625 0.0615234375
1 0.30078125 0.330078125 0.013671875 0.02734375
1 0.9404296875 0.3359375 0.037109375 0.044921875
1 0.5791015625 0.326171875 0.029296875 0.052734375
1 0.259765625 0.3662109375 0.0439453125 0.0830078125
0 0.375 0.5791015625 0.056640625 0.0361328125
1 0.8349609375 0.3154296875 0.0205078125 0.0302734375
1 0.650390625 0.3818359375 0.087890625 0.1025390625
0 0.4052734375 0.4375 0.0263671875 0.0302734375
0 0.5322265625 0.5791015625 0.1142578125 0.052734375
0 0.9306640625 0.5791015625 0.0830078125 0.0361328125
1 0.9560546875 0.69140625 0.0810546875 0.294921875
0 0.439453125 0.611328125 0.052734375 0.044921875
0 0.4931640625 0.4287109375 0.029296875 0.01953125
0 0.2978515625 0.568359375 0.044921875 0.0302734375
0 0.69921875 0.4794921875 0.0419921875 0.025390625
0 0.642578125 0.427734375 0.0419921875 0.0224609375
0 0.2802734375 0.4287109375 0.0390625 0.01953125
0 0.76953125 0.4404296875 0.0234375 0.025390625
1 0.517578125 0.33984375 0.029296875 0.052734375
1 0.5927734375 0.390625 0.0263671875 0.046875
0 0.798828125 0.3759765625 0.0185546875 0.013671875
0 0.4345703125 0.466796875 0.041015625 0.02734375
0 0.462890625 0.384765625 0.0205078125 0.01953125
1 0.822265625 0.3662109375 0.0419921875 0.0390625
0 0.30078125 0.49609375 0.0234375 0.025390625
2 0.6103515625 0.4794921875 0.0205078125 0.01953125
1 0.6044921875 0.3291015625 0.015625 0.025390625
0 0.2314453125 0.40234375 0.0185546875 0.0224609375
1 0.310546875 0.4111328125 0.029296875 0.0556640625
0 0.59375 0.4638671875 0.0126953125 0.0390625
1 0.375 0.3818359375 0.0126953125 0.025390625
0 0.849609375 0.35546875 0.0126953125 0.0224609375
0 0.9697265625 0.34765625 0.0234375 0.0166015625
0 0.0322265625 0.505859375 0.0546875 0.0390625
1 0.84375 0.388671875 0.0185546875 0.0224609375