2 0.8056640625 0.8623046875 0.1513671875 0.0751953125
1 0.267578125 0.662109375 0.388671875 0.408203125
1 0.353515625 0.3037109375 0.0185546875 0.0302734375
1 0.537109375 0.453125 0.15625 0.1669921875
1 0.3740234375 0.4541015625 0.1298828125 0.169921875
1 0.6640625 0.642578125 0.412109375 0.3251953125
1 0.693359375 0.392578125 0.125 0.1748046875
1 0.494140625 0.318359375 0.017578125 0.0361328125
1 0.4677734375 0.326171875 0.0263671875 0.052734375
1 0.2509765625 0.328125 0.0234375 0.0390625
1 0.2099609375 0.3955078125 0.1201171875 0.1640625
1 0.8740234375 0.3037109375 0.0830078125 0.080078125
1 0.2822265625 0.328125 0.0234375 0.033203125
1 0.59375 0.318359375 0.0498046875 0.080078125
1 0.0869140625 0.470703125 0.1640625 0.236328125
1 0.798828125 0.3134765625 0.0732421875 0.0888671875
1 0.412109375 0.349609375 0.0498046875 0.0830078125
1 0.7138671875 0.27734375 0.0185546875 0.0224609375
1 0.2919921875 0.3818359375 0.0810546875 0.1474609375
1 0.7060546875 0.31640625 0.03125 0.0615234375
0 0.4228515625 0.41796875 0.0263671875 0.0361328125
1 0.7490234375 0.294921875 0.0419921875 0.072265625
1 0.9375 0.5732421875 0.125 0.419921875
0 0.86328125 0.5419921875 0.1015625 0.06640625
1 0.962890625 0.306640625 0.068359375 0.0859375
1 0.662109375 0.287109375 0.0185546875 0.0302734375
1 0.3681640625 0.3193359375 0.017578125 0.02734375
0 0.380859375 0.5400390625 0.064453125 0.0419921875
0 0.4130859375 0.39453125 0.0205078125 0.0224609375
0 0.474609375 0.451171875 0.037109375 0.0361328125
1 0.3359375 0.341796875 0.037109375 0.06640625
1 0.0810546875 0.3662109375 0.037109375 0.0498046875
0 0.171875 0.9150390625 0.3095703125 0.1640625
1 0.505859375 0.2802734375 0.013671875 0.0166015625
1 0.6279296875 0.3115234375 0.0283203125 0.0556640625
1 0.681640625 0.3212890625 0.025390625 0.05859375
0 0.443359375 0.568359375 0.0517578125 0.0361328125
1 0.3056640625 0.3125 0.013671875 0.0302734375
1 0.2666015625 0.3681640625 0.0263671875 0.0419921875
1 0.546875 0.34765625 0.0341796875 0.06640625
0 0.6875 0.447265625 0.0439453125 0.033203125
2 0.541015625 0.548828125 0.064453125 0.0419921875
0 0.5751953125 0.345703125 0.0185546875 0.013671875
1 0.2236328125 0.341796875 0.0283203125 0.044921875
1 0.517578125 0.3134765625 0.029296875 0.0498046875
1 0.185546875 0.31640625 0.033203125 0.044921875
0 0.4921875 0.400390625 0.021484375 0.0166015625
0 0.943359375 0.529296875 0.03125 0.025390625
1 0.654296875 0.330078125 0.03125 0.0498046875
1 0.9755859375 0.4150390625 0.044921875 0.130859375
0 0.638671875 0.392578125 0.029296875 0.01953125
0 0.779296875 0.35546875 0.021484375 0.0224609375
1 0.244140625 0.3544921875 0.0185546875 0.0361328125
0 0.380859375 0.8955078125 0.1376953125 0.2080078125
0 0.361328125 0.349609375 0.0185546875 0.0166015625
0 0.755859375 0.404296875 0.0263671875 0.025390625
1 0.572265625 0.306640625 0.0185546875 0.0302734375
0 0.443359375 0.44140625 0.03125 0.0166015625
0 0.318359375 0.51953125 0.029296875 0.0166015625
0 0.6064453125 0.3544921875 0.0185546875 0.01953125
0 0.3134765625 0.4677734375 0.0234375 0.0361328125
0 0.91015625 0.330078125 0.0205078125 0.0224609375
0 0.5830078125 0.427734375 0.0185546875 0.0390625
0 0.92578125 0.318359375 0.029296875 0.01953125
0 0.46875 0.357421875 0.0126953125 0.013671875
2 0.54296875 0.517578125 0.0703125 0.025390625
0 0.603515625 0.44140625 0.0234375 0.0224609375
0 0.974609375 0.35546875 0.025390625 0.0224609375
1 0.5986328125 0.3154296875 0.015625 0.025390625
1 0.8076171875 0.298828125 0.015625 0.01953125