2 0.8359375 0.9248046875 0.162109375 0.0830078125
1 0.849609375 0.482421875 0.224609375 0.236328125
1 0.681640625 0.6884765625 0.4814453125 0.3388671875
1 0.255859375 0.70703125 0.318359375 0.3642578125
1 0.5498046875 0.4677734375 0.1435546875 0.169921875
1 0.369140625 0.4931640625 0.150390625 0.169921875
1 0.23046875 0.3681640625 0.0263671875 0.0419921875
1 0.7060546875 0.419921875 0.125 0.1611328125
1 0.4990234375 0.3212890625 0.013671875 0.025390625
1 0.716796875 0.3447265625 0.029296875 0.0498046875
1 0.8203125 0.3115234375 0.021484375 0.033203125
1 0.6240234375 0.3427734375 0.0576171875 0.080078125
1 0.19140625 0.44140625 0.1171875 0.22265625
1 0.3671875 0.3583984375 0.0341796875 0.072265625
1 0.431640625 0.3681640625 0.09375 0.1025390625
1 0.904296875 0.318359375 0.021484375 0.0419921875
1 0.080078125 0.5107421875 0.15625 0.283203125
1 0.7548828125 0.33984375 0.0341796875 0.046875
1 0.666015625 0.326171875 0.0361328125 0.0634765625
0 0.36328125 0.923828125 0.1796875 0.1416015625
1 0.576171875 0.33984375 0.0205078125 0.0361328125
1 0.7763671875 0.3251953125 0.0283203125 0.0498046875
1 0.560546875 0.3681640625 0.0361328125 0.05859375
1 0.28125 0.375 0.056640625 0.10546875
1 0.0546875 0.3916015625 0.041015625 0.0498046875
0 0.369140625 0.5791015625 0.0673828125 0.0361328125
0 0.4658203125 0.4794921875 0.0625 0.0419921875
1 0.837890625 0.3291015625 0.0205078125 0.0361328125
0 0.54296875 0.572265625 0.1201171875 0.06640625
0 0.15625 0.9287109375 0.287109375 0.1357421875
1 0.48828125 0.3662109375 0.0419921875 0.0888671875
1 0.974609375 0.3623046875 0.0439453125 0.091796875
0 0.4384765625 0.607421875 0.0546875 0.0419921875
0 0.4052734375 0.4248046875 0.0263671875 0.0166015625
0 0.349609375 0.380859375 0.0185546875 0.0224609375
1 0.2490234375 0.392578125 0.029296875 0.046875
0 0.4189453125 0.451171875 0.0185546875 0.0361328125
0 0.853515625 0.60546875 0.1298828125 0.0556640625
1 0.431640625 0.3232421875 0.0126953125 0.01953125
0 0.6943359375 0.4794921875 0.044921875 0.025390625
1 0.3310546875 0.3779296875 0.037109375 0.0556640625
1 0.681640625 0.380859375 0.03125 0.0498046875
0 0.462890625 0.3818359375 0.0205078125 0.013671875
1 0.9248046875 0.345703125 0.037109375 0.0859375
0 0.494140625 0.4306640625 0.0185546875 0.0166015625
0 0.587890625 0.4541015625 0.025390625 0.0302734375
1 0.517578125 0.3134765625 0.0205078125 0.02734375
1 0.798828125 0.3291015625 0.0234375 0.0302734375
1 0.5185546875 0.3681640625 0.025390625 0.0361328125
1 0.962890625 0.7275390625 0.068359375 0.216796875
0 0.2763671875 0.4287109375 0.0498046875 0.025390625
0 0.3232421875 0.4052734375 0.025390625 0.0166015625
0 0.30078125 0.5 0.0234375 0.033203125
0 0.611328125 0.3916015625 0.029296875 0.0224609375
1 0.591796875 0.330078125 0.0126953125 0.0224609375
0 0.7998046875 0.3779296875 0.0126953125 0.0107421875
0 0.380859375 0.4052734375 0.017578125 0.02734375
1 0.2744140625 0.349609375 0.017578125 0.033203125
0 0.14453125 0.4609375 0.0263671875 0.0166015625
1 0.775390625 0.3759765625 0.013671875 0.052734375
0 0.79296875 0.3916015625 0.0205078125 0.033203125
1 0.3603515625 0.400390625 0.017578125 0.044921875
0 0.2421875 0.41796875 0.0185546875 0.013671875
0 0.82421875 0.37109375 0.033203125 0.025390625
0 0.64453125 0.427734375 0.033203125 0.0224609375
1 0.6474609375 0.33984375 0.017578125 0.025390625
2 0.4599609375 0.955078125 0.0234375 0.0830078125