2 0.8349609375 0.923828125 0.1640625 0.080078125
1 0.67578125 0.6611328125 0.4326171875 0.4052734375
1 0.8701171875 0.4873046875 0.228515625 0.2412109375
1 0.212890625 0.7490234375 0.40625 0.4697265625
1 0.361328125 0.4912109375 0.158203125 0.1884765625
1 0.447265625 0.31640625 0.017578125 0.02734375
1 0.724609375 0.29296875 0.017578125 0.025390625
1 0.76953125 0.318359375 0.0419921875 0.080078125
1 0.361328125 0.3427734375 0.029296875 0.046875
1 0.076171875 0.47265625 0.15234375 0.20703125
1 0.669921875 0.3251953125 0.0234375 0.033203125
1 0.705078125 0.3876953125 0.115234375 0.158203125
1 0.5048828125 0.33203125 0.015625 0.0419921875
1 0.412109375 0.380859375 0.0498046875 0.0830078125
1 0.318359375 0.37109375 0.064453125 0.1142578125
1 0.4873046875 0.3330078125 0.0185546875 0.0390625
1 0.630859375 0.3388671875 0.0517578125 0.078125
1 0.576171875 0.3330078125 0.0263671875 0.06640625
1 0.244140625 0.3681640625 0.056640625 0.0859375
1 0.53125 0.3955078125 0.0810546875 0.1357421875
1 0.861328125 0.3447265625 0.046875 0.072265625
1 0.466796875 0.3544921875 0.0361328125 0.0751953125
1 0.705078125 0.322265625 0.025390625 0.0556640625
1 0.8154296875 0.369140625 0.0751953125 0.1337890625
1 0.9169921875 0.34765625 0.068359375 0.0830078125
1 0.2822265625 0.3544921875 0.0234375 0.025390625
0 0.439453125 0.607421875 0.052734375 0.0419921875
1 0.0634765625 0.3857421875 0.0419921875 0.06640625
0 0.478515625 0.48046875 0.0419921875 0.0390625
0 0.375 0.9375 0.1123046875 0.119140625
1 0.193359375 0.4462890625 0.125 0.2080078125
1 0.197265625 0.3740234375 0.0390625 0.0693359375
0 0.404296875 0.4267578125 0.0283203125 0.025390625
1 0.66796875 0.4638671875 0.0517578125 0.0390625
0 0.494140625 0.587890625 0.033203125 0.0302734375
0 0.3544921875 0.380859375 0.025390625 0.0224609375
1 0.9541015625 0.6962890625 0.0888671875 0.2861328125
1 0.9736328125 0.357421875 0.0498046875 0.05859375
0 0.376953125 0.5751953125 0.068359375 0.044921875
1 0.599609375 0.318359375 0.0185546875 0.0361328125
0 0.2939453125 0.5693359375 0.0498046875 0.0390625
0 0.4189453125 0.4541015625 0.0185546875 0.0361328125
0 0.509765625 0.4794921875 0.0263671875 0.0302734375
0 0.591796875 0.37890625 0.0263671875 0.01953125
0 0.3251953125 0.404296875 0.025390625 0.013671875
2 0.5419921875 0.591796875 0.068359375 0.0390625
0 0.1865234375 0.455078125 0.0703125 0.033203125
0 0.291015625 0.4306640625 0.0283203125 0.0166015625
1 0.5234375 0.3662109375 0.025390625 0.0390625
0 0.8935546875 0.6025390625 0.0625 0.0556640625
0 0.6416015625 0.41796875 0.048828125 0.01953125
0 0.59765625 0.3984375 0.0205078125 0.01953125
1 0.7509765625 0.4208984375 0.0263671875 0.0419921875
0 0.498046875 0.4287109375 0.0185546875 0.01953125
1 0.2998046875 0.341796875 0.0126953125 0.0224609375
0 0.7998046875 0.37890625 0.0185546875 0.013671875
0 0.2998046875 0.4990234375 0.0185546875 0.0302734375
1 0.6669921875 0.3720703125 0.0283203125 0.044921875
0 0.19921875 0.484375 0.0546875 0.0302734375
0 0.955078125 0.390625 0.0205078125 0.0302734375
1 0.3349609375 0.3486328125 0.017578125 0.0302734375
0 0.7724609375 0.4482421875 0.033203125 0.0302734375
0 0.611328125 0.384765625 0.0107421875 0.01953125
0 0.755859375 0.4775390625 0.037109375 0.0390625
0 0.9384765625 0.37890625 0.017578125 0.0419921875
1 0.607421875 0.27734375 0.017578125 0.044921875
1 0.17578125 0.3642578125 0.013671875 0.0390625