1 0.404296875 0.2392578125 0.2001953125 0.2890625
1 0.619140625 0.3818359375 0.3330078125 0.3359375
1 0.8994140625 0.2470703125 0.201171875 0.294921875
1 0.134765625 0.0791015625 0.033203125 0.0302734375
1 0.080078125 0.2138671875 0.1328125 0.2607421875
1 0.5185546875 0.10546875 0.037109375 0.072265625
1 0.7490234375 0.14453125 0.1328125 0.1669921875
1 0.4033203125 0.1044921875 0.056640625 0.09765625
1 0.19921875 0.66796875 0.3857421875 0.65234375
1 0.8369140625 0.0947265625 0.0888671875 0.099609375
1 0.0966796875 0.111328125 0.03125 0.044921875
1 0.7919921875 0.0791015625 0.03125 0.052734375
1 0.83984375 0.701171875 0.3203125 0.59765625
1 0.2470703125 0.12109375 0.0751953125 0.1083984375
1 0.494140625 0.1357421875 0.037109375 0.06640625
1 0.962890625 0.06640625 0.03125 0.072265625
0 0.9140625 0.3916015625 0.099609375 0.072265625
0 0.58203125 0.572265625 0.1826171875 0.0947265625
1 0.6669921875 0.119140625 0.0625 0.0888671875
1 0.0107421875 0.193359375 0.021484375 0.1025390625
0 0.7294921875 0.2236328125 0.0498046875 0.01953125
0 0.798828125 0.2802734375 0.0625 0.033203125
1 0.5947265625 0.1259765625 0.0419921875 0.0859375
0 0.3447265625 0.29296875 0.044921875 0.0419921875
1 0.6259765625 0.2177734375 0.0732421875 0.1416015625
1 0.9296875 0.0615234375 0.0341796875 0.0556640625
1 0.0146484375 0.3349609375 0.029296875 0.169921875
0 0.32421875 0.578125 0.029296875 0.06640625
0 0.375 0.3740234375 0.0439453125 0.0302734375
0 0.228515625 0.1943359375 0.0390625 0.0390625
0 0.123046875 0.2919921875 0.029296875 0.0224609375
0 0.181640625 0.24609375 0.0439453125 0.025390625
1 0.90625 0.142578125 0.0625 0.0693359375
0 0.4541015625 0.2138671875 0.0419921875 0.0390625
0 0.2734375 0.16015625 0.021484375 0.0302734375
0 0.5166015625 0.2890625 0.0234375 0.0224609375
0 0.6748046875 0.2041015625 0.0185546875 0.0361328125
0 0.3681640625 0.3388671875 0.029296875 0.0615234375
1 0.0888671875 0.0263671875 0.03125 0.052734375
0 0.4189453125 0.384765625 0.0498046875 0.01953125
0 0.474609375 0.4013671875 0.0673828125 0.0751953125
0 0.408203125 0.6357421875 0.099609375 0.06640625
1 0.9814453125 0.490234375 0.037109375 0.2890625
0 0.3125 0.52734375 0.03125 0.072265625
1 0.9619140625 0.1181640625 0.0361328125 0.052734375
0 0.7607421875 0.2109375 0.021484375 0.033203125