2 0.833984375 0.923828125 0.166015625 0.080078125
1 0.861328125 0.490234375 0.244140625 0.23046875
1 0.6787109375 0.6806640625 0.4482421875 0.361328125
1 0.2626953125 0.755859375 0.3564453125 0.4833984375
1 0.53515625 0.4912109375 0.158203125 0.177734375
1 0.376953125 0.4892578125 0.146484375 0.177734375
1 0.7041015625 0.4169921875 0.107421875 0.1669921875
1 0.734375 0.3232421875 0.0185546875 0.0419921875
1 0.205078125 0.4287109375 0.123046875 0.1806640625
1 0.080078125 0.509765625 0.154296875 0.26953125
1 0.4814453125 0.3427734375 0.0185546875 0.0419921875
0 0.478515625 0.482421875 0.0419921875 0.0361328125
1 0.87890625 0.369140625 0.0546875 0.0498046875
1 0.6064453125 0.3515625 0.0498046875 0.0859375
1 0.82421875 0.330078125 0.064453125 0.0888671875
1 0.3154296875 0.3642578125 0.0498046875 0.0830078125
1 0.3603515625 0.33984375 0.029296875 0.046875
1 0.5029296875 0.330078125 0.015625 0.0390625
1 0.7626953125 0.3544921875 0.0498046875 0.1083984375
1 0.1748046875 0.35546875 0.037109375 0.0556640625
1 0.025390625 0.3779296875 0.044921875 0.0556640625
1 0.447265625 0.3427734375 0.0283203125 0.052734375
1 0.9619140625 0.693359375 0.076171875 0.2919921875
1 0.283203125 0.341796875 0.03125 0.044921875
1 0.666015625 0.33984375 0.0263671875 0.05859375
1 0.712890625 0.3388671875 0.0263671875 0.0498046875
0 0.4384765625 0.607421875 0.0546875 0.0419921875
0 0.873046875 0.6259765625 0.095703125 0.0751953125
1 0.6806640625 0.3857421875 0.033203125 0.0556640625
0 0.486328125 0.4306640625 0.029296875 0.0166015625
1 0.2041015625 0.369140625 0.033203125 0.0390625
0 0.7685546875 0.44140625 0.025390625 0.02734375
1 0.8876953125 0.3291015625 0.025390625 0.0302734375
0 0.6064453125 0.39453125 0.025390625 0.0166015625
0 0.69921875 0.4794921875 0.044921875 0.025390625
0 0.3486328125 0.3779296875 0.025390625 0.02734375
1 0.2744140625 0.388671875 0.033203125 0.0498046875
2 0.541015625 0.591796875 0.0654296875 0.044921875
1 0.64453125 0.3232421875 0.0205078125 0.0419921875
1 0.23046875 0.357421875 0.0234375 0.0419921875
0 0.037109375 0.54296875 0.07421875 0.046875
0 0.7978515625 0.3681640625 0.0205078125 0.01953125
0 0.4580078125 0.3837890625 0.03125 0.0166015625
0 0.6435546875 0.4248046875 0.0439453125 0.0166015625
1 0.5576171875 0.388671875 0.0341796875 0.0498046875
0 0.443359375 0.4638671875 0.056640625 0.0390625
2 0.607421875 0.4794921875 0.0205078125 0.025390625
0 0.201171875 0.490234375 0.0546875 0.025390625
1 0.7724609375 0.408203125 0.0361328125 0.0390625
0 0.943359375 0.3525390625 0.044921875 0.0224609375
0 0.587890625 0.462890625 0.025390625 0.0419921875
1 0.591796875 0.330078125 0.0126953125 0.0224609375
0 0.384765625 0.572265625 0.056640625 0.044921875
0 0.0634765625 0.9677734375 0.0859375 0.05859375
1 0.763671875 0.298828125 0.017578125 0.0302734375
0 0.1845703125 0.4052734375 0.021484375 0.0498046875
0 0.2822265625 0.4306640625 0.0419921875 0.02734375
0 0.587890625 0.369140625 0.0126953125 0.0166015625
0 0.125 0.4541015625 0.0439453125 0.0419921875
0 0.412109375 0.4287109375 0.0126953125 0.025390625
1 0.8505859375 0.37890625 0.0107421875 0.025390625