2 0.8349609375 0.923828125 0.1640625 0.080078125
1 0.66796875 0.6669921875 0.4326171875 0.388671875
1 0.4892578125 0.3388671875 0.021484375 0.0390625
1 0.884765625 0.4892578125 0.2236328125 0.2392578125
1 0.0673828125 0.6162109375 0.130859375 0.5390625
1 0.544921875 0.4697265625 0.1767578125 0.2001953125
1 0.2548828125 0.75 0.3466796875 0.5
1 0.3642578125 0.4912109375 0.1533203125 0.18359375
1 0.6435546875 0.318359375 0.0185546875 0.025390625
1 0.7255859375 0.4111328125 0.1328125 0.1669921875
1 0.197265625 0.431640625 0.126953125 0.19140625
1 0.466796875 0.3486328125 0.052734375 0.091796875
1 0.732421875 0.3154296875 0.0205078125 0.0361328125
1 0.6630859375 0.3291015625 0.0419921875 0.0751953125
1 0.2255859375 0.3662109375 0.033203125 0.078125
1 0.763671875 0.322265625 0.048828125 0.06640625
1 0.2744140625 0.3486328125 0.0234375 0.05859375
1 0.587890625 0.328125 0.037109375 0.06640625
1 0.3115234375 0.365234375 0.0732421875 0.09765625
1 0.568359375 0.3916015625 0.0361328125 0.072265625
1 0.873046875 0.26953125 0.1357421875 0.25
1 0.97265625 0.34765625 0.0546875 0.0830078125
1 0.048828125 0.375 0.0517578125 0.0556640625
1 0.796875 0.341796875 0.041015625 0.0830078125
0 0.5322265625 0.5791015625 0.126953125 0.05859375
0 0.408203125 0.4384765625 0.025390625 0.0390625
0 0.439453125 0.607421875 0.052734375 0.0419921875
1 0.9501953125 0.693359375 0.099609375 0.296875
0 0.3759765625 0.5791015625 0.0703125 0.0419921875
0 0.470703125 0.482421875 0.046875 0.0419921875
1 0.99609375 0.328125 0.0078125 0.0390625
1 0.1875 0.3720703125 0.03125 0.0556640625
1 0.716796875 0.3447265625 0.0283203125 0.044921875
0 0.697265625 0.4775390625 0.0498046875 0.0224609375
1 0.0205078125 0.4462890625 0.041015625 0.1357421875
1 0.517578125 0.3427734375 0.033203125 0.05859375
0 0.78125 0.443359375 0.0498046875 0.0361328125
1 0.6103515625 0.330078125 0.013671875 0.0224609375
0 0.4921875 0.4306640625 0.025390625 0.0224609375
1 0.3125 0.3515625 0.0126953125 0.025390625
0 0.0361328125 0.54296875 0.072265625 0.052734375
0 0.6005859375 0.39453125 0.0205078125 0.0166015625
0 0.6357421875 0.419921875 0.041015625 0.02734375
0 0.283203125 0.4306640625 0.037109375 0.0224609375
0 0.044921875 0.5947265625 0.0888671875 0.06640625
0 0.298828125 0.56640625 0.041015625 0.02734375
0 0.3095703125 0.3916015625 0.015625 0.0224609375
0 0.25 0.41796875 0.03125 0.01953125
0 0.6005859375 0.55859375 0.0205078125 0.0166015625
1 0.326171875 0.3525390625 0.021484375 0.033203125
1 0.611328125 0.3623046875 0.025390625 0.0302734375
0 0.423828125 0.4677734375 0.0205078125 0.013671875
0 0.2998046875 0.49609375 0.0185546875 0.025390625
0 0.8115234375 0.3876953125 0.048828125 0.0302734375
1 0.3603515625 0.35546875 0.0107421875 0.0224609375
0 0.212890625 0.390625 0.0126953125 0.01953125