2 0.806640625 0.859375 0.154296875 0.080078125
1 0.6572265625 0.6220703125 0.4267578125 0.39453125
1 0.275390625 0.73046875 0.337890625 0.5224609375
1 0.287109375 0.318359375 0.0185546875 0.0361328125
1 0.69140625 0.3662109375 0.111328125 0.1279296875
1 0.380859375 0.4580078125 0.138671875 0.18359375
1 0.634765625 0.2919921875 0.015625 0.02734375
1 0.818359375 0.443359375 0.15625 0.23046875
1 0.0849609375 0.578125 0.1640625 0.466796875
1 0.4169921875 0.3447265625 0.0439453125 0.0888671875
1 0.251953125 0.3232421875 0.021484375 0.0419921875
1 0.1923828125 0.3291015625 0.021484375 0.0302734375
1 0.4990234375 0.29296875 0.013671875 0.025390625
1 0.1943359375 0.40234375 0.111328125 0.1669921875
1 0.310546875 0.31640625 0.0283203125 0.044921875
1 0.880859375 0.294921875 0.029296875 0.0556640625
1 0.5751953125 0.3740234375 0.087890625 0.130859375
1 0.7080078125 0.29296875 0.0439453125 0.0634765625
1 0.9638671875 0.3154296875 0.0654296875 0.0693359375
1 0.51171875 0.34765625 0.0576171875 0.1337890625
1 0.6513671875 0.302734375 0.037109375 0.06640625
1 0.357421875 0.3056640625 0.013671875 0.02734375
1 0.48828125 0.318359375 0.0234375 0.0361328125
1 0.9072265625 0.318359375 0.0263671875 0.052734375
1 0.283203125 0.384765625 0.09375 0.158203125
1 0.9326171875 0.4208984375 0.134765625 0.197265625
1 0.10546875 0.3759765625 0.0703125 0.0859375
1 0.5693359375 0.3134765625 0.017578125 0.02734375
1 0.798828125 0.294921875 0.046875 0.078125
1 0.53515625 0.318359375 0.0107421875 0.0302734375
1 0.748046875 0.341796875 0.025390625 0.0615234375
1 0.375 0.3388671875 0.025390625 0.0615234375
0 0.443359375 0.568359375 0.0498046875 0.0361328125
0 0.423828125 0.4169921875 0.025390625 0.033203125
0 0.4755859375 0.451171875 0.044921875 0.0361328125
1 0.4658203125 0.31640625 0.021484375 0.0390625
0 0.3564453125 0.9541015625 0.1376953125 0.091796875
0 0.861328125 0.548828125 0.0703125 0.0419921875
1 0.599609375 0.2998046875 0.013671875 0.033203125
0 0.412109375 0.392578125 0.025390625 0.01953125
1 0.330078125 0.35546875 0.025390625 0.044921875
1 0.67578125 0.328125 0.0263671875 0.0498046875
1 0.0166015625 0.4677734375 0.033203125 0.0859375
1 0.7490234375 0.2861328125 0.0205078125 0.033203125
0 0.087890625 0.9384765625 0.1748046875 0.1220703125
1 0.650390625 0.4306640625 0.0498046875 0.0556640625
0 0.0556640625 0.4541015625 0.0361328125 0.025390625
1 0.94140625 0.66796875 0.1171875 0.236328125
0 0.3759765625 0.5322265625 0.0576171875 0.0419921875
0 0.494140625 0.5537109375 0.03125 0.0302734375
1 0.267578125 0.3525390625 0.029296875 0.0498046875
0 0.9326171875 0.357421875 0.0283203125 0.025390625
1 0.84375 0.3037109375 0.0498046875 0.0751953125
0 0.962890625 0.529296875 0.0625 0.025390625
0 0.7373046875 0.4052734375 0.037109375 0.044921875
0 0.5830078125 0.41796875 0.015625 0.01953125
1 0.6494140625 0.349609375 0.029296875 0.044921875
0 0.4443359375 0.443359375 0.029296875 0.01953125
0 0.310546875 0.3486328125 0.0234375 0.01953125
0 0.7197265625 0.4375 0.0517578125 0.025390625
0 0.4931640625 0.3974609375 0.013671875 0.0166015625
2 0.5419921875 0.552734375 0.0654296875 0.0390625
0 0.30078125 0.39453125 0.0205078125 0.0166015625
1 0.2431640625 0.357421875 0.0234375 0.0361328125
1 0.619140625 0.3115234375 0.025390625 0.044921875
0 0.76171875 0.3916015625 0.013671875 0.0166015625
2 0.544921875 0.5234375 0.0546875 0.0302734375
0 0.3115234375 0.4638671875 0.013671875 0.0224609375
0 0.8994140625 0.3583984375 0.013671875 0.0390625
2 0.34375 0.40234375 0.0126953125 0.02734375
0 0.3623046875 0.375 0.0185546875 0.044921875
1 0.2001953125 0.361328125 0.025390625 0.0556640625
0 0.7724609375 0.3525390625 0.0234375 0.0390625
0 0.6005859375 0.37109375 0.029296875 0.0361328125
0 0.6162109375 0.35546875 0.013671875 0.0166015625
1 0.9931640625 0.3173828125 0.013671875 0.029296875