2 0.833984375 0.9267578125 0.166015625 0.0859375
1 0.666015625 0.6279296875 0.3857421875 0.455078125
1 0.076171875 0.6591796875 0.15234375 0.580078125
1 0.232421875 0.35546875 0.044921875 0.072265625
1 0.4541015625 0.4052734375 0.0986328125 0.14453125
1 0.1689453125 0.400390625 0.087890625 0.1162109375
1 0.4287109375 0.3291015625 0.0205078125 0.0302734375
1 0.6416015625 0.31640625 0.017578125 0.0390625
1 0.59375 0.400390625 0.068359375 0.14453125
1 0.513671875 0.3662109375 0.056640625 0.1337890625
1 0.474609375 0.3427734375 0.03125 0.0751953125
1 0.388671875 0.48046875 0.095703125 0.171875
1 0.88671875 0.3291015625 0.0517578125 0.0751953125
1 0.3115234375 0.3720703125 0.0703125 0.1162109375
1 0.7177734375 0.39453125 0.095703125 0.1279296875
1 0.9638671875 0.44140625 0.068359375 0.2001953125
1 0.7978515625 0.359375 0.0732421875 0.1416015625
1 0.28125 0.3486328125 0.025390625 0.052734375
0 0.2001953125 0.9326171875 0.216796875 0.134765625
1 0.837890625 0.3291015625 0.0419921875 0.0693359375
1 0.056640625 0.404296875 0.068359375 0.0693359375
1 0.9404296875 0.3515625 0.021484375 0.046875
0 0.478515625 0.486328125 0.0419921875 0.033203125
1 0.5576171875 0.3779296875 0.037109375 0.0615234375
1 0.7138671875 0.33203125 0.025390625 0.0419921875
1 0.361328125 0.33984375 0.0234375 0.052734375
0 0.3876953125 0.9345703125 0.1376953125 0.130859375
0 0.41796875 0.453125 0.0205078125 0.033203125
1 0.9814453125 0.3544921875 0.037109375 0.0419921875
1 0.6064453125 0.3291015625 0.0185546875 0.0302734375
2 0.7978515625 0.4287109375 0.0234375 0.025390625
1 0.4951171875 0.3232421875 0.015625 0.0302734375
0 0.4384765625 0.611328125 0.0546875 0.044921875
1 0.669921875 0.326171875 0.0234375 0.052734375
0 0.400390625 0.578125 0.03125 0.0390625
1 0.767578125 0.3056640625 0.0205078125 0.033203125
0 0.611328125 0.390625 0.025390625 0.025390625
0 0.541015625 0.5634765625 0.064453125 0.02734375
1 0.951171875 0.712890625 0.0888671875 0.2412109375
2 0.5302734375 0.595703125 0.044921875 0.0419921875
1 0.599609375 0.3056640625 0.017578125 0.02734375
0 0.46875 0.3876953125 0.0185546875 0.01953125
0 0.1787109375 0.4697265625 0.0576171875 0.0498046875
0 0.849609375 0.3662109375 0.0361328125 0.0224609375
0 0.4130859375 0.4287109375 0.013671875 0.01953125
1 0.5361328125 0.3447265625 0.015625 0.0390625
0 0.744140625 0.4609375 0.025390625 0.0166015625
0 0.5556640625 0.5390625 0.0576171875 0.0390625
1 0.693359375 0.3662109375 0.0263671875 0.0390625
0 0.0234375 0.494140625 0.046875 0.033203125
0 0.615234375 0.48046875 0.021484375 0.0224609375
0 0.767578125 0.3759765625 0.015625 0.0361328125
2 0.8232421875 0.3662109375 0.015625 0.0224609375
0 0.5048828125 0.4306640625 0.015625 0.0166015625
1 0.3447265625 0.4150390625 0.0234375 0.05859375