0 0.8056640625 0.8642578125 0.1513671875 0.078125
1 0.26953125 0.6767578125 0.357421875 0.4365234375
1 0.830078125 0.455078125 0.220703125 0.2333984375
1 0.6376953125 0.35546875 0.0810546875 0.1279296875
1 0.548828125 0.443359375 0.1767578125 0.1748046875
1 0.3759765625 0.4541015625 0.1298828125 0.158203125
1 0.810546875 0.279296875 0.0185546875 0.025390625
1 0.2099609375 0.37890625 0.1015625 0.1640625
1 0.4873046875 0.31640625 0.0185546875 0.033203125
1 0.6572265625 0.6484375 0.419921875 0.330078125
1 0.880859375 0.2998046875 0.029296875 0.0556640625
1 0.09375 0.4541015625 0.1689453125 0.224609375
1 0.466796875 0.3291015625 0.0361328125 0.0634765625
1 0.806640625 0.3115234375 0.056640625 0.0830078125
1 0.298828125 0.388671875 0.080078125 0.1611328125
1 0.28515625 0.328125 0.0205078125 0.0390625
1 0.7412109375 0.306640625 0.0576171875 0.0751953125
1 0.5009765625 0.3037109375 0.013671875 0.0361328125
1 0.9677734375 0.318359375 0.0576171875 0.0751953125
1 0.41796875 0.3349609375 0.0234375 0.05859375
0 0.474609375 0.451171875 0.037109375 0.0361328125
1 0.654296875 0.298828125 0.0205078125 0.046875
1 0.5791015625 0.3037109375 0.0205078125 0.0361328125
1 0.06640625 0.3681640625 0.0517578125 0.052734375
0 0.87890625 0.5537109375 0.126953125 0.046875
0 0.525390625 0.5400390625 0.09375 0.0361328125
1 0.2998046875 0.3193359375 0.0126953125 0.0166015625
0 0.423828125 0.4169921875 0.017578125 0.033203125
0 0.6806640625 0.4443359375 0.0419921875 0.0224609375
1 0.35546875 0.33984375 0.048828125 0.1083984375
1 0.5966796875 0.298828125 0.015625 0.0302734375
0 0.443359375 0.568359375 0.0517578125 0.0361328125
0 0.494140625 0.400390625 0.025390625 0.0166015625
1 0.6259765625 0.3125 0.0234375 0.0419921875
1 0.96875 0.4375 0.0625 0.1806640625
1 0.5224609375 0.3154296875 0.029296875 0.05859375
0 0.380859375 0.5400390625 0.060546875 0.0361328125
0 0.361328125 0.3486328125 0.021484375 0.01953125
0 0.4423828125 0.44140625 0.0498046875 0.0224609375
0 0.1884765625 0.427734375 0.033203125 0.0224609375
0 0.962890625 0.529296875 0.033203125 0.025390625
1 0.400390625 0.3623046875 0.0234375 0.0302734375
0 0.755859375 0.4052734375 0.0263671875 0.0224609375
0 0.1484375 0.3974609375 0.03125 0.0166015625
1 0.5419921875 0.3681640625 0.037109375 0.0693359375
0 0.4677734375 0.361328125 0.0234375 0.0166015625
0 0.6416015625 0.3916015625 0.029296875 0.0166015625
1 0.7314453125 0.37890625 0.037109375 0.0634765625
0 0.41796875 0.3916015625 0.0107421875 0.0166015625
0 0.58203125 0.529296875 0.029296875 0.025390625
0 0.60546875 0.35546875 0.017578125 0.0224609375
0 0.162109375 0.4287109375 0.0234375 0.01953125
0 0.30078125 0.3984375 0.0205078125 0.01953125
0 0.57421875 0.3486328125 0.013671875 0.01953125
1 0.314453125 0.3154296875 0.021484375 0.025390625
2 0.37890625 0.5029296875 0.0390625 0.033203125
0 0.98046875 0.35546875 0.0263671875 0.0224609375
0 0.1552734375 0.3837890625 0.0205078125 0.0166015625
0 0.3134765625 0.4677734375 0.0234375 0.0302734375
1 0.357421875 0.298828125 0.017578125 0.01953125
1 0.9072265625 0.328125 0.0263671875 0.033203125
0 0.2626953125 0.384765625 0.0185546875 0.01953125
0 0.591796875 0.3662109375 0.0234375 0.033203125
0 0.935546875 0.3212890625 0.025390625 0.025390625
0 0.216796875 0.4443359375 0.0498046875 0.02734375
1 0.3662109375 0.3876953125 0.017578125 0.0419921875
0 0.59375 0.404296875 0.0126953125 0.0361328125
0 0.337890625 0.392578125 0.025390625 0.052734375