2 0.833984375 0.923828125 0.166015625 0.080078125
1 0.681640625 0.6669921875 0.419921875 0.3720703125
1 0.2685546875 0.73046875 0.4189453125 0.388671875
1 0.666015625 0.326171875 0.0185546875 0.0361328125
1 0.541015625 0.466796875 0.154296875 0.2001953125
1 0.361328125 0.4912109375 0.1455078125 0.1611328125
1 0.8037109375 0.4541015625 0.1953125 0.2197265625
0 0.16796875 0.9306640625 0.2294921875 0.1279296875
1 0.818359375 0.3330078125 0.068359375 0.0888671875
1 0.275390625 0.341796875 0.025390625 0.044921875
1 0.9423828125 0.4541015625 0.115234375 0.2080078125
1 0.5576171875 0.3642578125 0.037109375 0.02734375
1 0.6796875 0.421875 0.0908203125 0.1669921875
1 0.3125 0.365234375 0.068359375 0.1025390625
0 0.474609375 0.482421875 0.037109375 0.0419921875
1 0.48828125 0.341796875 0.0205078125 0.033203125
1 0.642578125 0.322265625 0.017578125 0.033203125
1 0.248046875 0.3876953125 0.044921875 0.0751953125
1 0.875 0.3544921875 0.056640625 0.052734375
1 0.7294921875 0.3095703125 0.0185546875 0.01953125
1 0.462890625 0.3447265625 0.0439453125 0.06640625
1 0.197265625 0.455078125 0.115234375 0.2275390625
1 0.767578125 0.318359375 0.044921875 0.0693359375
1 0.080078125 0.5302734375 0.16015625 0.294921875
0 0.4169921875 0.451171875 0.025390625 0.0361328125
1 0.0693359375 0.4169921875 0.0517578125 0.0830078125
0 0.8623046875 0.5830078125 0.130859375 0.06640625
1 0.3564453125 0.341796875 0.03125 0.044921875
0 0.4384765625 0.607421875 0.0546875 0.0419921875
1 0.9013671875 0.318359375 0.03125 0.0419921875
1 0.029296875 0.4052734375 0.0498046875 0.06640625
1 0.8310546875 0.30859375 0.0185546875 0.02734375
0 0.380859375 0.576171875 0.060546875 0.0361328125
0 0.40625 0.427734375 0.025390625 0.0224609375
1 0.9814453125 0.3486328125 0.037109375 0.05859375
0 0.5498046875 0.578125 0.125 0.0615234375
1 0.603515625 0.3291015625 0.029296875 0.0634765625
1 0.4814453125 0.392578125 0.037109375 0.0634765625
1 0.576171875 0.337890625 0.021484375 0.0302734375
0 0.9189453125 0.580078125 0.03125 0.033203125
0 0.69921875 0.48046875 0.0517578125 0.02734375
1 0.517578125 0.31640625 0.0263671875 0.044921875
0 0.3603515625 0.92578125 0.150390625 0.1484375
0 0.638671875 0.43359375 0.0361328125 0.0166015625
1 0.931640625 0.3525390625 0.029296875 0.0390625
0 0.6103515625 0.380859375 0.017578125 0.0224609375
0 0.9130859375 0.4072265625 0.0263671875 0.013671875
0 0.4970703125 0.5849609375 0.0283203125 0.0302734375
0 0.30078125 0.5009765625 0.0234375 0.0361328125
0 0.48828125 0.4287109375 0.0263671875 0.01953125
0 0.2919921875 0.4287109375 0.025390625 0.01953125
0 0.34765625 0.375 0.0263671875 0.033203125
0 0.796875 0.3779296875 0.0185546875 0.0107421875
0 0.5888671875 0.4580078125 0.021484375 0.0390625
1 0.7255859375 0.3427734375 0.029296875 0.0419921875
1 0.13671875 0.41796875 0.0234375 0.0302734375
0 0.189453125 0.4287109375 0.046875 0.0419921875
0 0.380859375 0.404296875 0.0126953125 0.025390625
0 0.443359375 0.470703125 0.03125 0.025390625
0 0.611328125 0.4794921875 0.021484375 0.025390625
1 0.912109375 0.357421875 0.0234375 0.0361328125
0 0.212890625 0.39453125 0.03125 0.0498046875
0 0.32421875 0.4052734375 0.0234375 0.0166015625