2 0.83203125 0.923828125 0.1640625 0.080078125
1 0.884765625 0.4912109375 0.216796875 0.2275390625
1 0.642578125 0.3193359375 0.0185546875 0.02734375
1 0.3671875 0.4931640625 0.1591796875 0.1806640625
1 0.234375 0.3544921875 0.021484375 0.0419921875
1 0.650390625 0.580078125 0.3310546875 0.52734375
1 0.45703125 0.34765625 0.0419921875 0.06640625
1 0.4267578125 0.3359375 0.021484375 0.02734375
1 0.068359375 0.599609375 0.130859375 0.43359375
1 0.75 0.3544921875 0.037109375 0.046875
1 0.19140625 0.4443359375 0.1201171875 0.216796875
1 0.3134765625 0.365234375 0.0576171875 0.0859375
1 0.7314453125 0.3193359375 0.025390625 0.033203125
1 0.625 0.3525390625 0.068359375 0.0830078125
1 0.5302734375 0.3916015625 0.1171875 0.1611328125
1 0.826171875 0.3056640625 0.025390625 0.02734375
1 0.8818359375 0.3134765625 0.017578125 0.0390625
1 0.5048828125 0.328125 0.0126953125 0.02734375
1 0.298828125 0.330078125 0.013671875 0.02734375
1 0.4873046875 0.3447265625 0.025390625 0.0390625
1 0.712890625 0.3291015625 0.025390625 0.0302734375
0 0.376953125 0.5791015625 0.0625 0.0361328125
1 0.171875 0.3447265625 0.0341796875 0.0498046875
1 0.283203125 0.341796875 0.025390625 0.0390625
1 0.349609375 0.3330078125 0.0185546875 0.033203125
1 0.8251953125 0.359375 0.087890625 0.130859375
0 0.4384765625 0.607421875 0.0546875 0.0419921875
1 0.7744140625 0.3212890625 0.044921875 0.0634765625
0 0.4755859375 0.482421875 0.0419921875 0.0361328125
1 0.576171875 0.3349609375 0.0263671875 0.0419921875
1 0.509765625 0.3037109375 0.0126953125 0.013671875
0 0.34765625 0.3779296875 0.0234375 0.0224609375
1 0.9814453125 0.35546875 0.037109375 0.0556640625
1 0.6552734375 0.3427734375 0.0234375 0.0419921875
0 0.4853515625 0.4287109375 0.029296875 0.01953125
0 0.4619140625 0.388671875 0.0263671875 0.0224609375
1 0.892578125 0.35546875 0.0283203125 0.0615234375
1 0.0205078125 0.46484375 0.041015625 0.080078125
0 0.44140625 0.46484375 0.0546875 0.0302734375
1 0.60546875 0.443359375 0.0361328125 0.0419921875
1 0.255859375 0.3876953125 0.056640625 0.0751953125
0 0.48828125 0.580078125 0.0205078125 0.033203125
0 0.7890625 0.4482421875 0.025390625 0.0419921875
0 0.587890625 0.369140625 0.0185546875 0.0224609375
0 0.041015625 0.548828125 0.0810546875 0.052734375
0 0.04296875 0.5947265625 0.0859375 0.0615234375
1 0.1318359375 0.4580078125 0.029296875 0.0166015625
0 0.6162109375 0.388671875 0.0205078125 0.0224609375
0 0.294921875 0.56640625 0.0517578125 0.02734375
0 0.431640625 0.919921875 0.0625 0.150390625
0 0.2822265625 0.4306640625 0.0419921875 0.02734375
0 0.9404296875 0.349609375 0.052734375 0.0166015625
0 0.2998046875 0.4990234375 0.0185546875 0.0302734375
0 0.005859375 0.513671875 0.01171875 0.02734375
0 0.76953125 0.35546875 0.013671875 0.0224609375
1 0.8740234375 0.380859375 0.0263671875 0.0390625
1 0.2197265625 0.537109375 0.0390625 0.0419921875
0 0.5673828125 0.3720703125 0.0126953125 0.0166015625
1 0.2255859375 0.384765625 0.013671875 0.0302734375
1 0.48046875 0.4599609375 0.029296875 0.01953125
0 0.412109375 0.427734375 0.017578125 0.0224609375