2 0.833984375 0.923828125 0.166015625 0.080078125
1 0.255859375 0.7373046875 0.4140625 0.4306640625
1 0.4365234375 0.400390625 0.1015625 0.1337890625
1 0.6455078125 0.318359375 0.0185546875 0.025390625
1 0.8515625 0.45703125 0.224609375 0.275390625
1 0.966796875 0.423828125 0.0654296875 0.2197265625
1 0.4365234375 0.341796875 0.0205078125 0.02734375
1 0.560546875 0.4794921875 0.201171875 0.169921875
1 0.7373046875 0.3095703125 0.0185546875 0.01953125
1 0.6943359375 0.6904296875 0.4765625 0.3251953125
1 0.900390625 0.341796875 0.0625 0.0947265625
1 0.3056640625 0.3388671875 0.0234375 0.0390625
1 0.4912109375 0.3427734375 0.0205078125 0.0302734375
1 0.26953125 0.365234375 0.0732421875 0.130859375
1 0.7724609375 0.3486328125 0.048828125 0.119140625
1 0.34375 0.37109375 0.056640625 0.1083984375
1 0.7041015625 0.3984375 0.1015625 0.158203125
1 0.193359375 0.4404296875 0.125 0.2138671875
1 0.591796875 0.326171875 0.013671875 0.025390625
1 0.07421875 0.505859375 0.142578125 0.2666015625
1 0.505859375 0.3291015625 0.0126953125 0.0361328125
1 0.509765625 0.369140625 0.0751953125 0.150390625
1 0.23046875 0.365234375 0.0234375 0.052734375
1 0.818359375 0.330078125 0.056640625 0.0830078125
1 0.162109375 0.35546875 0.0390625 0.0556640625
1 0.712890625 0.3427734375 0.0205078125 0.046875
1 0.85546875 0.328125 0.033203125 0.0224609375
1 0.017578125 0.3818359375 0.0341796875 0.025390625
0 0.478515625 0.482421875 0.046875 0.0419921875
1 0.9619140625 0.66796875 0.076171875 0.3359375
0 0.48828125 0.4287109375 0.0263671875 0.01953125
0 0.884765625 0.611328125 0.1220703125 0.10546875
0 0.5009765625 0.580078125 0.0390625 0.0390625
0 0.384765625 0.580078125 0.0732421875 0.044921875
1 0.193359375 0.3681640625 0.033203125 0.052734375
0 0.439453125 0.6083984375 0.052734375 0.0390625
1 0.5791015625 0.3427734375 0.0263671875 0.0419921875
0 0.40625 0.4267578125 0.025390625 0.025390625
1 0.634765625 0.3662109375 0.0263671875 0.02734375
1 0.35546875 0.3486328125 0.0107421875 0.01953125
0 0.41796875 0.453125 0.0234375 0.0390625
1 0.6728515625 0.3212890625 0.0205078125 0.0361328125
1 0.4677734375 0.345703125 0.0205078125 0.0361328125
1 0.681640625 0.3662109375 0.03125 0.0498046875
0 0.380859375 0.9169921875 0.142578125 0.150390625
1 0.59375 0.37109375 0.025390625 0.0361328125
1 0.5625 0.3916015625 0.037109375 0.0556640625
0 0.69921875 0.48046875 0.048828125 0.02734375
1 0.3603515625 0.3291015625 0.017578125 0.025390625
0 0.642578125 0.423828125 0.0419921875 0.01953125
1 0.60546875 0.330078125 0.017578125 0.033203125
0 0.796875 0.37890625 0.021484375 0.01953125
0 0.607421875 0.39453125 0.0234375 0.0166015625
0 0.4560546875 0.384765625 0.0185546875 0.01953125
0 0.201171875 0.490234375 0.0546875 0.025390625
0 0.30078125 0.49609375 0.0205078125 0.025390625
0 0.1875 0.455078125 0.068359375 0.033203125
0 0.619140625 0.5537109375 0.064453125 0.0361328125
0 0.291015625 0.427734375 0.025390625 0.0166015625
0 0.244140625 0.427734375 0.03125 0.0224609375
0 0.228515625 0.4052734375 0.025390625 0.02734375
2 0.046875 0.94140625 0.0439453125 0.0498046875
0 0.125 0.4501953125 0.0439453125 0.044921875