2 0.833984375 0.923828125 0.166015625 0.080078125
1 0.697265625 0.6982421875 0.4560546875 0.330078125
1 0.45703125 0.4111328125 0.091796875 0.14453125
1 0.8310546875 0.484375 0.193359375 0.23046875
1 0.70703125 0.404296875 0.1171875 0.158203125
1 0.36328125 0.34765625 0.0390625 0.0830078125
1 0.724609375 0.318359375 0.0263671875 0.0302734375
1 0.677734375 0.318359375 0.021484375 0.0302734375
1 0.3125 0.3876953125 0.0625 0.130859375
1 0.216796875 0.35546875 0.0234375 0.02734375
1 0.2841796875 0.3349609375 0.0185546875 0.0302734375
1 0.236328125 0.66796875 0.388671875 0.5419921875
1 0.193359375 0.39453125 0.107421875 0.1279296875
1 0.9560546875 0.455078125 0.087890625 0.2001953125
1 0.6044921875 0.349609375 0.046875 0.0830078125
0 0.3125 0.9599609375 0.1875 0.080078125
0 0.4755859375 0.482421875 0.0419921875 0.0419921875
1 0.025390625 0.44140625 0.0498046875 0.1162109375
1 0.818359375 0.3359375 0.0810546875 0.0947265625
1 0.880859375 0.37109375 0.0517578125 0.0419921875
1 0.298828125 0.3427734375 0.0205078125 0.0361328125
1 0.537109375 0.3876953125 0.0625 0.130859375
1 0.525390625 0.3359375 0.0126953125 0.033203125
1 0.962890625 0.6865234375 0.0732421875 0.3056640625
0 0.875 0.5927734375 0.1064453125 0.0751953125
1 0.08203125 0.3984375 0.0673828125 0.0693359375
0 0.54296875 0.5791015625 0.1142578125 0.05859375
1 0.9248046875 0.345703125 0.0439453125 0.0751953125
1 0.46875 0.345703125 0.03125 0.0634765625
0 0.439453125 0.611328125 0.052734375 0.044921875
1 0.4892578125 0.3427734375 0.015625 0.0302734375
0 0.392578125 0.580078125 0.03125 0.0390625
0 0.212890625 0.451171875 0.025390625 0.025390625
1 0.6435546875 0.3193359375 0.0185546875 0.0390625
1 0.59765625 0.31640625 0.013671875 0.02734375
1 0.9736328125 0.35546875 0.0498046875 0.0556640625
1 0.6953125 0.35546875 0.021484375 0.0498046875
1 0.2685546875 0.375 0.03125 0.0556640625
0 0.7001953125 0.48046875 0.0498046875 0.02734375
0 0.154296875 0.9287109375 0.1826171875 0.130859375
0 0.7705078125 0.44140625 0.0283203125 0.02734375
1 0.763671875 0.330078125 0.041015625 0.1162109375
0 0.955078125 0.5556640625 0.0703125 0.02734375
0 0.025390625 0.5830078125 0.0498046875 0.0830078125
1 0.5107421875 0.318359375 0.0283203125 0.046875
0 0.96875 0.3857421875 0.0439453125 0.0166015625
0 0.6181640625 0.5595703125 0.0263671875 0.01953125
0 0.330078125 0.404296875 0.0205078125 0.013671875
0 0.0224609375 0.517578125 0.044921875 0.05859375
0 0.6494140625 0.4287109375 0.0361328125 0.01953125
0 0.4482421875 0.4736328125 0.03125 0.01953125
1 0.4189453125 0.31640625 0.025390625 0.0390625
0 0.619140625 0.490234375 0.025390625 0.025390625
1 0.900390625 0.3251953125 0.025390625 0.044921875
0 0.5810546875 0.3740234375 0.03125 0.01953125
1 0.232421875 0.3837890625 0.0234375 0.0390625
0 0.41796875 0.4287109375 0.0205078125 0.025390625
0 0.798828125 0.37890625 0.025390625 0.01953125
1 0.669921875 0.361328125 0.0361328125 0.0556640625
0 0.78515625 0.404296875 0.0234375 0.01953125
0 0.853515625 0.361328125 0.0185546875 0.0166015625
0 0.26171875 0.4287109375 0.0546875 0.0361328125
0 0.603515625 0.4609375 0.0205078125 0.033203125
0 0.943359375 0.4111328125 0.0263671875 0.033203125