0 0.8349609375 0.923828125 0.1669921875 0.080078125
1 0.6904296875 0.6650390625 0.4501953125 0.3916015625
1 0.7138671875 0.4052734375 0.130859375 0.1611328125
1 0.4365234375 0.3916015625 0.0986328125 0.1669921875
1 0.548828125 0.4794921875 0.1376953125 0.1806640625
1 0.263671875 0.3818359375 0.0654296875 0.0859375
1 0.263671875 0.6748046875 0.3798828125 0.4833984375
1 0.4990234375 0.3583984375 0.064453125 0.138671875
1 0.642578125 0.31640625 0.0205078125 0.033203125
1 0.2734375 0.3525390625 0.021484375 0.033203125
1 0.892578125 0.3359375 0.076171875 0.0830078125
1 0.185546875 0.392578125 0.099609375 0.119140625
1 0.318359375 0.37109375 0.068359375 0.1083984375
1 0.59765625 0.33203125 0.0263671875 0.052734375
1 0.08203125 0.5068359375 0.158203125 0.2587890625
1 0.224609375 0.3681640625 0.029296875 0.0419921875
1 0.9697265625 0.427734375 0.0576171875 0.2001953125
1 0.8173828125 0.3359375 0.0654296875 0.0830078125
1 0.0478515625 0.392578125 0.0419921875 0.0419921875
1 0.3642578125 0.3544921875 0.025390625 0.0634765625
1 0.7177734375 0.3447265625 0.0263671875 0.06640625
1 0.5703125 0.3662109375 0.037109375 0.06640625
1 0.7724609375 0.3193359375 0.0234375 0.0390625
0 0.474609375 0.4833984375 0.037109375 0.0390625
0 0.41796875 0.451171875 0.0234375 0.0361328125
1 0.6669921875 0.326171875 0.021484375 0.052734375
1 0.4814453125 0.341796875 0.025390625 0.033203125
0 0.162109375 0.9287109375 0.275390625 0.130859375
0 0.5302734375 0.576171875 0.0888671875 0.052734375
0 0.4052734375 0.4248046875 0.0263671875 0.0166015625
0 0.4384765625 0.607421875 0.0546875 0.0419921875
1 0.767578125 0.35546875 0.0205078125 0.0390625
1 0.69921875 0.3544921875 0.0205078125 0.0419921875
0 0.5966796875 0.5537109375 0.056640625 0.052734375
0 0.369140625 0.919921875 0.162109375 0.150390625
1 0.826171875 0.318359375 0.013671875 0.0302734375
0 0.185546875 0.466796875 0.072265625 0.0498046875
2 0.794921875 0.4287109375 0.0205078125 0.025390625
0 0.349609375 0.380859375 0.0185546875 0.0224609375
0 0.388671875 0.5791015625 0.033203125 0.0419921875
1 0.337890625 0.482421875 0.0361328125 0.09765625
0 0.4931640625 0.4287109375 0.0205078125 0.01953125
0 0.041015625 0.544921875 0.0810546875 0.0498046875
0 0.775390625 0.44140625 0.037109375 0.0390625
1 0.630859375 0.341796875 0.03125 0.0498046875
0 0.30078125 0.3681640625 0.0205078125 0.025390625
1 0.673828125 0.3681640625 0.0341796875 0.05859375
0 0.609375 0.4765625 0.025390625 0.025390625
0 0.796875 0.380859375 0.021484375 0.0166015625
0 0.1357421875 0.4580078125 0.021484375 0.0166015625
0 0.875 0.6015625 0.0810546875 0.0634765625
0 0.32421875 0.404296875 0.029296875 0.01953125
1 0.9619140625 0.7109375 0.0732421875 0.244140625
0 0.2939453125 0.4267578125 0.0185546875 0.013671875
0 0.611328125 0.380859375 0.015625 0.0224609375
1 0.525390625 0.3447265625 0.025390625 0.044921875
0 0.8544921875 0.3642578125 0.025390625 0.0224609375
1 0.3154296875 0.3486328125 0.0126953125 0.01953125
0 0.638671875 0.427734375 0.0390625 0.0224609375
0 0.787109375 0.3916015625 0.0185546875 0.0166015625
0 0.94921875 0.3525390625 0.033203125 0.0224609375
1 0.8818359375 0.3349609375 0.017578125 0.0302734375
1 0.927734375 0.3515625 0.021484375 0.0361328125
0 0.9404296875 0.369140625 0.021484375 0.033203125