2 0.833984375 0.923828125 0.166015625 0.080078125
1 0.669921875 0.6669921875 0.435546875 0.39453125
1 0.888671875 0.4912109375 0.2138671875 0.2392578125
1 0.244140625 0.755859375 0.361328125 0.4775390625
1 0.3623046875 0.4931640625 0.15625 0.1806640625
1 0.724609375 0.412109375 0.1435546875 0.1806640625
1 0.4619140625 0.345703125 0.0517578125 0.0859375
1 0.5068359375 0.328125 0.013671875 0.02734375
1 0.642578125 0.318359375 0.021484375 0.025390625
1 0.732421875 0.3115234375 0.0205078125 0.0224609375
1 0.224609375 0.3681640625 0.033203125 0.0751953125
1 0.2705078125 0.3525390625 0.025390625 0.0390625
1 0.494140625 0.341796875 0.0185546875 0.02734375
1 0.662109375 0.3291015625 0.0439453125 0.0751953125
1 0.3115234375 0.3427734375 0.0234375 0.0302734375
1 0.1865234375 0.4443359375 0.138671875 0.216796875
1 0.888671875 0.3291015625 0.056640625 0.080078125
0 0.478515625 0.482421875 0.044921875 0.0419921875
1 0.2939453125 0.337890625 0.0185546875 0.0302734375
1 0.060546875 0.6376953125 0.119140625 0.51953125
1 0.548828125 0.400390625 0.072265625 0.1162109375
1 0.2705078125 0.4306640625 0.0654296875 0.177734375
1 0.5859375 0.328125 0.046875 0.078125
1 0.76953125 0.318359375 0.0419921875 0.0751953125
1 0.3544921875 0.3427734375 0.0185546875 0.0302734375
1 0.818359375 0.3359375 0.0732421875 0.0947265625
0 0.4111328125 0.4404296875 0.025390625 0.0419921875
1 0.3359375 0.392578125 0.041015625 0.1025390625
1 0.716796875 0.3447265625 0.029296875 0.0615234375
0 0.4873046875 0.4287109375 0.03125 0.01953125
1 0.8125 0.3115234375 0.0126953125 0.0166015625
0 0.90625 0.580078125 0.087890625 0.0498046875
0 0.537109375 0.580078125 0.119140625 0.0556640625
1 0.951171875 0.693359375 0.095703125 0.2919921875
0 0.3798828125 0.5791015625 0.072265625 0.0361328125
0 0.4384765625 0.607421875 0.0546875 0.0419921875
1 0.0244140625 0.453125 0.048828125 0.1162109375
1 0.9736328125 0.357421875 0.052734375 0.052734375
1 0.853515625 0.3427734375 0.0234375 0.0419921875
0 0.7802734375 0.443359375 0.048828125 0.0361328125
0 0.2998046875 0.568359375 0.037109375 0.0302734375
1 0.6884765625 0.359375 0.0361328125 0.0419921875
0 0.6982421875 0.4765625 0.046875 0.025390625
1 0.189453125 0.3740234375 0.03125 0.05859375
0 0.60546875 0.5595703125 0.0263671875 0.01953125
0 0.193359375 0.96484375 0.255859375 0.0693359375
0 0.60546875 0.392578125 0.0234375 0.01953125
0 0.4609375 0.3916015625 0.0283203125 0.0166015625
0 0.587890625 0.37890625 0.0205078125 0.01953125
0 0.8330078125 0.3740234375 0.03125 0.0087890625
1 0.9130859375 0.3583984375 0.0263671875 0.0390625
0 0.287109375 0.4306640625 0.033203125 0.0224609375
0 0.80078125 0.4150390625 0.0419921875 0.0302734375
0 0.6484375 0.4248046875 0.0283203125 0.0166015625
2 0.6103515625 0.48046875 0.0205078125 0.0224609375
1 0.330078125 0.341796875 0.0107421875 0.0224609375
1 0.041015625 0.4013671875 0.029296875 0.0361328125
0 0.3125 0.380859375 0.0185546875 0.0498046875
1 0.6142578125 0.34765625 0.015625 0.044921875
1 0.841796875 0.318359375 0.0107421875 0.01953125
0 0.2490234375 0.419921875 0.033203125 0.0224609375
0 0.9384765625 0.37890625 0.017578125 0.0361328125
1 0.6416015625 0.392578125 0.0263671875 0.0419921875
1 0.662109375 0.3232421875 0.0126953125 0.01953125
0 0.4482421875 0.466796875 0.03125 0.02734375
0 0.4189453125 0.466796875 0.03125 0.0224609375
0 0.541015625 0.580078125 0.0419921875 0.0107421875