2 0.8056640625 0.8623046875 0.1513671875 0.0751953125
1 0.28125 0.693359375 0.3623046875 0.419921875
1 0.8193359375 0.4541015625 0.2138671875 0.2197265625
1 0.5439453125 0.443359375 0.162109375 0.158203125
1 0.287109375 0.3193359375 0.0185546875 0.033203125
1 0.6591796875 0.6484375 0.396484375 0.30859375
1 0.4658203125 0.330078125 0.041015625 0.0888671875
1 0.6884765625 0.3974609375 0.1201171875 0.18359375
1 0.380859375 0.44140625 0.119140625 0.177734375
1 0.09375 0.4736328125 0.181640625 0.2412109375
1 0.755859375 0.2724609375 0.0205078125 0.033203125
1 0.2490234375 0.330078125 0.0234375 0.033203125
1 0.7138671875 0.279296875 0.0185546875 0.025390625
1 0.2099609375 0.349609375 0.0673828125 0.0947265625
1 0.888671875 0.3125 0.064453125 0.080078125
1 0.4267578125 0.3134765625 0.0185546875 0.02734375
1 0.974609375 0.3037109375 0.0185546875 0.0361328125
1 0.607421875 0.3134765625 0.0546875 0.072265625
1 0.943359375 0.39453125 0.111328125 0.2109375
1 0.294921875 0.380859375 0.080078125 0.150390625
1 0.6611328125 0.3037109375 0.0498046875 0.0693359375
1 0.8076171875 0.3056640625 0.052734375 0.06640625
1 0.0703125 0.369140625 0.041015625 0.0390625
1 0.306640625 0.330078125 0.0205078125 0.0390625
1 0.763671875 0.3359375 0.060546875 0.10546875
1 0.37890625 0.3349609375 0.0205078125 0.0419921875
0 0.4755859375 0.451171875 0.0361328125 0.0361328125
0 0.8623046875 0.5625 0.0810546875 0.0419921875
1 0.7119140625 0.3154296875 0.0263671875 0.046875
1 0.4111328125 0.3447265625 0.0439453125 0.0830078125
0 0.544921875 0.529296875 0.126953125 0.046875
1 0.525390625 0.31640625 0.025390625 0.044921875
1 0.693359375 0.3037109375 0.0126953125 0.025390625
0 0.42578125 0.423828125 0.033203125 0.0419921875
0 0.443359375 0.568359375 0.0517578125 0.0361328125
1 0.498046875 0.279296875 0.0185546875 0.01953125
1 0.341796875 0.328125 0.0234375 0.033203125
0 0.693359375 0.443359375 0.0419921875 0.0419921875
0 0.4130859375 0.39453125 0.017578125 0.0224609375
0 0.6298828125 0.392578125 0.03125 0.01953125
0 0.5791015625 0.3515625 0.0205078125 0.013671875
0 0.609375 0.3544921875 0.025390625 0.025390625
1 0.318359375 0.3154296875 0.0126953125 0.025390625
1 0.486328125 0.2734375 0.013671875 0.01953125
0 0.20703125 0.4345703125 0.0703125 0.05859375
0 0.494140625 0.3984375 0.0205078125 0.01953125
0 0.33203125 0.3759765625 0.0234375 0.013671875
1 0.5830078125 0.302734375 0.0126953125 0.02734375
0 0.755859375 0.404296875 0.0263671875 0.025390625
1 0.59765625 0.3095703125 0.013671875 0.01953125
1 0.9423828125 0.3291015625 0.021484375 0.0302734375
0 0.7802734375 0.3427734375 0.0234375 0.013671875
0 0.2998046875 0.3984375 0.025390625 0.01953125
0 0.5849609375 0.427734375 0.017578125 0.0390625
1 0.8564453125 0.306640625 0.0185546875 0.0302734375
0 0.6015625 0.443359375 0.025390625 0.025390625
0 0.3134765625 0.466796875 0.0234375 0.033203125
0 0.64453125 0.37890625 0.029296875 0.025390625
0 0.984375 0.5419921875 0.03125 0.044921875
1 0.361328125 0.318359375 0.013671875 0.025390625