2 0.83203125 0.923828125 0.1669921875 0.080078125
1 0.8740234375 0.49609375 0.2451171875 0.2412109375
1 0.705078125 0.6982421875 0.4716796875 0.330078125
1 0.716796875 0.4111328125 0.109375 0.177734375
1 0.4384765625 0.3916015625 0.0888671875 0.177734375
1 0.64453125 0.3193359375 0.017578125 0.033203125
1 0.48828125 0.341796875 0.0234375 0.044921875
1 0.0751953125 0.634765625 0.1376953125 0.51953125
1 0.50390625 0.3291015625 0.013671875 0.0361328125
1 0.6669921875 0.31640625 0.0185546875 0.02734375
1 0.556640625 0.4892578125 0.2001953125 0.171875
1 0.259765625 0.388671875 0.0654296875 0.0888671875
1 0.5986328125 0.3544921875 0.052734375 0.09765625
1 0.2880859375 0.33984375 0.0234375 0.0361328125
1 0.19140625 0.369140625 0.076171875 0.0888671875
1 0.517578125 0.3818359375 0.0703125 0.1474609375
1 0.89453125 0.330078125 0.060546875 0.0830078125
1 0.7685546875 0.3134765625 0.0439453125 0.0888671875
1 0.9453125 0.345703125 0.041015625 0.05859375
1 0.73828125 0.3154296875 0.0205078125 0.025390625
1 0.818359375 0.330078125 0.0751953125 0.0947265625
0 0.3310546875 0.9541015625 0.1689453125 0.091796875
1 0.35546875 0.369140625 0.044921875 0.111328125
0 0.4794921875 0.482421875 0.0439453125 0.0361328125
1 0.3720703125 0.361328125 0.015625 0.033203125
0 0.439453125 0.6083984375 0.052734375 0.0390625
1 0.72265625 0.3388671875 0.0263671875 0.0390625
1 0.025390625 0.4541015625 0.05078125 0.138671875
0 0.541015625 0.5791015625 0.1298828125 0.046875
1 0.4013671875 0.37890625 0.0341796875 0.0634765625
1 0.9814453125 0.3544921875 0.03125 0.046875
0 0.41796875 0.451171875 0.0205078125 0.0361328125
1 0.7041015625 0.3544921875 0.0263671875 0.0419921875
1 0.9560546875 0.6904296875 0.0810546875 0.296875
0 0.3916015625 0.5791015625 0.0361328125 0.0302734375
0 0.6240234375 0.5615234375 0.0576171875 0.044921875
1 0.630859375 0.3349609375 0.025390625 0.0419921875
0 0.494140625 0.4287109375 0.025390625 0.01953125
0 0.1572265625 0.4599609375 0.033203125 0.01953125
1 0.66796875 0.365234375 0.033203125 0.05859375
0 0.697265625 0.4794921875 0.048828125 0.0302734375
0 0.7763671875 0.443359375 0.041015625 0.0361328125
0 0.2060546875 0.927734375 0.1376953125 0.138671875
0 0.466796875 0.3857421875 0.0263671875 0.0166015625
0 0.4111328125 0.427734375 0.0185546875 0.0166015625
1 0.056640625 0.3916015625 0.0439453125 0.0615234375
0 0.6435546875 0.4248046875 0.037109375 0.0166015625
1 0.8603515625 0.34765625 0.0263671875 0.044921875
1 0.84375 0.3125 0.0185546875 0.0302734375
1 0.3115234375 0.3427734375 0.0205078125 0.0302734375
1 0.9814453125 0.443359375 0.037109375 0.1640625
0 0.798828125 0.3779296875 0.021484375 0.0107421875
0 0.609375 0.3916015625 0.015625 0.0224609375
0 0.5869140625 0.3779296875 0.013671875 0.0107421875
0 0.5068359375 0.4775390625 0.0234375 0.0224609375
0 0.853515625 0.375 0.03125 0.0166015625
1 0.330078125 0.380859375 0.0205078125 0.044921875
0 0.3115234375 0.37890625 0.017578125 0.046875
1 0.0302734375 0.4052734375 0.0234375 0.033203125
1 0.623046875 0.3759765625 0.0185546875 0.025390625
0 0.138671875 0.490234375 0.0361328125 0.0361328125
2 0.787109375 0.4111328125 0.03125 0.033203125
1 0.919921875 0.3681640625 0.0205078125 0.0302734375
1 0.8232421875 0.3974609375 0.056640625 0.0556640625
0 0.4287109375 0.466796875 0.017578125 0.0166015625
2 0.880859375 0.619140625 0.0390625 0.0224609375