2 0.8056640625 0.8623046875 0.154296875 0.0751953125
1 0.267578125 0.6708984375 0.361328125 0.4248046875
1 0.537109375 0.4482421875 0.1513671875 0.158203125
1 0.6875 0.3837890625 0.1064453125 0.1884765625
1 0.380859375 0.4443359375 0.1171875 0.1611328125
1 0.66796875 0.6455078125 0.423828125 0.3134765625
1 0.212890625 0.3916015625 0.1123046875 0.1669921875
1 0.8134765625 0.279296875 0.0205078125 0.025390625
1 0.8291015625 0.4375 0.2080078125 0.2197265625
1 0.591796875 0.318359375 0.046875 0.0751953125
1 0.2490234375 0.328125 0.0234375 0.0390625
1 0.7138671875 0.2802734375 0.0185546875 0.02734375
1 0.4912109375 0.33984375 0.044921875 0.1025390625
1 0.26953125 0.359375 0.033203125 0.05859375
1 0.3173828125 0.31640625 0.021484375 0.033203125
1 0.099609375 0.37890625 0.0751953125 0.09765625
1 0.7509765625 0.3037109375 0.044921875 0.091796875
1 0.296875 0.31640625 0.025390625 0.0390625
1 0.955078125 0.427734375 0.0830078125 0.1884765625
1 0.40625 0.3525390625 0.037109375 0.072265625
1 0.662109375 0.29296875 0.0205078125 0.0361328125
1 0.8671875 0.31640625 0.0595703125 0.10546875
1 0.818359375 0.318359375 0.044921875 0.05859375
0 0.376953125 0.5361328125 0.0625 0.044921875
1 0.962890625 0.3154296875 0.068359375 0.080078125
0 0.8603515625 0.5556640625 0.0986328125 0.0498046875
1 0.216796875 0.3427734375 0.033203125 0.0419921875
0 0.4755859375 0.451171875 0.0361328125 0.0361328125
1 0.494140625 0.2958984375 0.013671875 0.025390625
0 0.2353515625 0.87109375 0.173828125 0.1357421875
0 0.443359375 0.56640625 0.0517578125 0.0390625
0 0.412109375 0.39453125 0.0185546875 0.0224609375
1 0.373046875 0.3115234375 0.017578125 0.033203125
1 0.6279296875 0.30859375 0.0283203125 0.0498046875
0 0.5380859375 0.537109375 0.111328125 0.0419921875
0 0.6865234375 0.447265625 0.0419921875 0.033203125
1 0.4619140625 0.318359375 0.0205078125 0.0361328125
0 0.4248046875 0.41796875 0.03125 0.0361328125
1 0.2431640625 0.35546875 0.0234375 0.033203125
0 0.9482421875 0.529296875 0.0341796875 0.025390625
0 0.3564453125 0.349609375 0.0185546875 0.0166015625
0 0.48828125 0.400390625 0.0234375 0.0166015625
0 0.375 0.8974609375 0.150390625 0.205078125
0 0.576171875 0.345703125 0.021484375 0.013671875
0 0.30078125 0.3984375 0.0205078125 0.01953125
1 0.6494140625 0.3427734375 0.033203125 0.05859375
1 0.576171875 0.2861328125 0.013671875 0.033203125
0 0.63671875 0.392578125 0.0205078125 0.01953125
0 0.4677734375 0.361328125 0.0205078125 0.0166015625
0 0.056640625 0.529296875 0.1123046875 0.1083984375
0 0.318359375 0.3544921875 0.013671875 0.0419921875
0 0.7509765625 0.41015625 0.0234375 0.0302734375
0 0.2041015625 0.423828125 0.064453125 0.0302734375
1 0.67578125 0.3154296875 0.0205078125 0.0361328125
1 0.7822265625 0.30859375 0.029296875 0.0390625
1 0.775390625 0.3720703125 0.033203125 0.0556640625
0 0.6044921875 0.3818359375 0.0283203125 0.052734375
0 0.607421875 0.3525390625 0.013671875 0.0224609375
1 0.900390625 0.3193359375 0.025390625 0.0390625
0 0.9267578125 0.318359375 0.0341796875 0.01953125
1 0.7626953125 0.2802734375 0.0126953125 0.02734375
1 0.7490234375 0.2919921875 0.017578125 0.0224609375
0 0.974609375 0.35546875 0.025390625 0.0224609375
0 0.5849609375 0.4287109375 0.017578125 0.0361328125
1 0.5966796875 0.3095703125 0.015625 0.01953125