2 0.8359375 0.923828125 0.166015625 0.080078125
1 0.2060546875 0.73046875 0.3935546875 0.5224609375
1 0.3603515625 0.4990234375 0.1669921875 0.1806640625
1 0.6943359375 0.69140625 0.4736328125 0.3388671875
1 0.0576171875 0.4599609375 0.115234375 0.2197265625
1 0.5947265625 0.3955078125 0.0673828125 0.1357421875
1 0.298828125 0.3232421875 0.0185546875 0.0302734375
1 0.744140625 0.3486328125 0.0361328125 0.0419921875
1 0.5068359375 0.3681640625 0.0673828125 0.1142578125
1 0.900390625 0.33203125 0.068359375 0.091796875
1 0.830078125 0.349609375 0.0673828125 0.10546875
1 0.0537109375 0.3837890625 0.0390625 0.0390625
1 0.6630859375 0.3251953125 0.0205078125 0.044921875
1 0.2294921875 0.3544921875 0.021484375 0.0419921875
1 0.1875 0.4443359375 0.1435546875 0.18359375
1 0.849609375 0.4833984375 0.2138671875 0.2607421875
1 0.275390625 0.349609375 0.0263671875 0.044921875
1 0.435546875 0.3681640625 0.0986328125 0.1142578125
1 0.349609375 0.3349609375 0.013671875 0.0302734375
1 0.716796875 0.3427734375 0.029296875 0.052734375
1 0.31640625 0.3681640625 0.0673828125 0.1025390625
1 0.5654296875 0.365234375 0.0283203125 0.052734375
1 0.64453125 0.326171875 0.0205078125 0.046875
1 0.9736328125 0.349609375 0.052734375 0.0947265625
1 0.169921875 0.3662109375 0.0419921875 0.0615234375
1 0.705078125 0.4150390625 0.1171875 0.1640625
1 0.6123046875 0.326171875 0.0185546875 0.0361328125
0 0.478515625 0.48046875 0.044921875 0.0390625
1 0.697265625 0.33203125 0.017578125 0.025390625
1 0.4296875 0.330078125 0.021484375 0.033203125
1 0.849609375 0.3427734375 0.0185546875 0.01953125
1 0.70703125 0.31640625 0.0107421875 0.0166015625
1 0.71875 0.3056640625 0.0185546875 0.0390625
0 0.4384765625 0.607421875 0.0546875 0.0419921875
0 0.525390625 0.576171875 0.087890625 0.052734375
0 0.416015625 0.455078125 0.0341796875 0.033203125
1 0.3623046875 0.3544921875 0.025390625 0.0634765625
0 0.3623046875 0.58984375 0.0810546875 0.0302734375
1 0.5 0.318359375 0.0126953125 0.025390625
1 0.693359375 0.4541015625 0.0439453125 0.0361328125
0 0.462890625 0.390625 0.033203125 0.025390625
0 0.775390625 0.443359375 0.0419921875 0.0361328125
0 0.6005859375 0.5556640625 0.0703125 0.0615234375
0 0.880859375 0.5927734375 0.080078125 0.0693359375
0 0.400390625 0.4287109375 0.033203125 0.025390625
0 0.494140625 0.4287109375 0.025390625 0.01953125
1 0.2197265625 0.3916015625 0.033203125 0.044921875
1 0.9765625 0.45703125 0.046875 0.1640625
0 0.6435546875 0.423828125 0.037109375 0.01953125
1 0.671875 0.3662109375 0.03125 0.0498046875
1 0.7763671875 0.3056640625 0.021484375 0.033203125
0 0.294921875 0.5693359375 0.0546875 0.0390625
0 0.607421875 0.39453125 0.0205078125 0.0224609375
0 0.25 0.4306640625 0.09375 0.033203125
0 0.205078125 0.4580078125 0.0390625 0.0390625
1 0.5869140625 0.318359375 0.013671875 0.025390625
0 0.791015625 0.3955078125 0.0283203125 0.013671875
0 0.044921875 0.59375 0.08984375 0.06640625
1 0.32421875 0.3544921875 0.013671875 0.025390625
0 0.5888671875 0.37890625 0.025390625 0.01953125
0 0.3037109375 0.3916015625 0.013671875 0.0166015625
1 0.537109375 0.330078125 0.0185546875 0.0390625
1 0.900390625 0.3251953125 0.0185546875 0.033203125
1 0.7216796875 0.3955078125 0.021484375 0.05859375
0 0.326171875 0.423828125 0.029296875 0.05859375
0 0.1748046875 0.859375 0.056640625 0.0419921875
1 0.359375 0.41796875 0.0185546875 0.046875