2 0.806640625 0.857421875 0.15625 0.0751953125
1 0.6689453125 0.6025390625 0.40625 0.39453125
1 0.62890625 0.2900390625 0.017578125 0.013671875
1 0.384765625 0.4541015625 0.1279296875 0.203125
1 0.2744140625 0.673828125 0.3984375 0.48046875
1 0.7080078125 0.35546875 0.1220703125 0.14453125
1 0.7197265625 0.2890625 0.0205078125 0.02734375
1 0.880859375 0.2958984375 0.0263671875 0.052734375
1 0.291015625 0.3056640625 0.0205078125 0.033203125
1 0.0869140625 0.4580078125 0.1640625 0.2392578125
1 0.2060546875 0.380859375 0.1064453125 0.14453125
1 0.9619140625 0.318359375 0.0732421875 0.080078125
1 0.505859375 0.3447265625 0.060546875 0.1220703125
1 0.318359375 0.341796875 0.056640625 0.0888671875
1 0.431640625 0.3427734375 0.068359375 0.09765625
1 0.3095703125 0.3056640625 0.015625 0.02734375
1 0.9404296875 0.556640625 0.119140625 0.44140625
1 0.66015625 0.294921875 0.0361328125 0.0556640625
1 0.193359375 0.3291015625 0.0205078125 0.0361328125
1 0.7919921875 0.33203125 0.0625 0.1025390625
1 0.26953125 0.341796875 0.064453125 0.10546875
1 0.8076171875 0.2890625 0.021484375 0.0390625
1 0.087890625 0.3681640625 0.0546875 0.05859375
1 0.623046875 0.318359375 0.0595703125 0.0751953125
1 0.5751953125 0.3095703125 0.03125 0.05859375
1 0.544921875 0.345703125 0.0361328125 0.05859375
0 0.8857421875 0.54296875 0.140625 0.0634765625
0 0.5244140625 0.529296875 0.1298828125 0.046875
0 0.474609375 0.451171875 0.0439453125 0.0361328125
0 0.4111328125 0.4072265625 0.0283203125 0.0419921875
1 0.6591796875 0.3544921875 0.0283203125 0.046875
1 0.3740234375 0.322265625 0.0205078125 0.044921875
1 0.841796875 0.322265625 0.0576171875 0.10546875
1 0.4931640625 0.31640625 0.013671875 0.033203125
0 0.443359375 0.56640625 0.0498046875 0.0390625
1 0.7548828125 0.287109375 0.03125 0.05859375
1 0.4736328125 0.31640625 0.0126953125 0.0224609375
1 0.6923828125 0.322265625 0.025390625 0.044921875
1 0.509765625 0.27734375 0.0107421875 0.0166015625
1 0.4580078125 0.328125 0.0185546875 0.0390625
1 0.9052734375 0.328125 0.0263671875 0.0390625
0 0.3603515625 0.3486328125 0.0234375 0.01953125
1 0.244140625 0.3525390625 0.025390625 0.0390625
1 0.59375 0.298828125 0.0185546875 0.0302734375
0 0.33203125 0.3740234375 0.0263671875 0.01953125
1 0.326171875 0.3193359375 0.013671875 0.0224609375
0 0.498046875 0.3974609375 0.0205078125 0.0166015625
1 0.978515625 0.4052734375 0.0419921875 0.111328125
0 0.470703125 0.361328125 0.015625 0.0166015625
1 0.625 0.33984375 0.0185546875 0.01953125
0 0.6064453125 0.35546875 0.0185546875 0.0224609375
0 0.373046875 0.90234375 0.15625 0.1943359375
0 0.4404296875 0.4345703125 0.0341796875 0.01953125
0 0.9453125 0.5302734375 0.021484375 0.0166015625
2 0.3984375 0.95703125 0.037109375 0.0751953125
0 0.6318359375 0.4072265625 0.0361328125 0.0419921875
0 0.6240234375 0.375 0.0390625 0.044921875
1 0.3544921875 0.3212890625 0.025390625 0.0361328125