2 0.8349609375 0.927734375 0.1640625 0.0830078125
1 0.6748046875 0.6572265625 0.4375 0.408203125
1 0.357421875 0.50390625 0.169921875 0.169921875
1 0.5380859375 0.4794921875 0.154296875 0.1748046875
1 0.0810546875 0.6318359375 0.15625 0.525390625
1 0.4501953125 0.404296875 0.099609375 0.15234375
1 0.193359375 0.357421875 0.060546875 0.09765625
1 0.3173828125 0.3427734375 0.0185546875 0.0419921875
1 0.287109375 0.35546875 0.037109375 0.072265625
1 0.4931640625 0.3447265625 0.0361328125 0.072265625
1 0.662109375 0.37890625 0.076171875 0.1142578125
1 0.748046875 0.3916015625 0.078125 0.138671875
1 0.4619140625 0.3193359375 0.029296875 0.0498046875
1 0.8251953125 0.365234375 0.0810546875 0.130859375
0 0.478515625 0.482421875 0.041015625 0.0419921875
1 0.0537109375 0.3857421875 0.029296875 0.033203125
1 0.599609375 0.337890625 0.048828125 0.080078125
1 0.712890625 0.3388671875 0.0439453125 0.072265625
1 0.8701171875 0.48046875 0.21875 0.244140625
1 0.9072265625 0.34765625 0.048828125 0.10546875
0 0.193359375 0.9404296875 0.306640625 0.119140625
1 0.6044921875 0.3017578125 0.015625 0.025390625
1 0.349609375 0.3740234375 0.0517578125 0.119140625
0 0.525390625 0.5791015625 0.1171875 0.046875
1 0.974609375 0.4267578125 0.048828125 0.1865234375
1 0.7822265625 0.2919921875 0.0546875 0.099609375
0 0.37890625 0.94140625 0.107421875 0.111328125
0 0.8857421875 0.59765625 0.0751953125 0.0556640625
0 0.4384765625 0.611328125 0.0546875 0.044921875
0 0.416015625 0.451171875 0.025390625 0.0361328125
1 0.669921875 0.318359375 0.0234375 0.052734375
0 0.3505859375 0.37890625 0.0234375 0.01953125
0 0.400390625 0.427734375 0.0361328125 0.0224609375
0 0.2939453125 0.572265625 0.0498046875 0.044921875
1 0.556640625 0.369140625 0.037109375 0.0615234375
0 0.603515625 0.3974609375 0.0341796875 0.0166015625
1 0.4228515625 0.361328125 0.0263671875 0.044921875
1 0.7294921875 0.330078125 0.0126953125 0.0224609375
1 0.6376953125 0.3134765625 0.0185546875 0.02734375
0 0.3681640625 0.58984375 0.076171875 0.025390625
0 0.275390625 0.4287109375 0.0546875 0.025390625
2 0.798828125 0.4306640625 0.0283203125 0.02734375
0 0.0478515625 0.5927734375 0.095703125 0.0634765625
0 0.037109375 0.544921875 0.07421875 0.046875
2 0.611328125 0.4794921875 0.021484375 0.025390625
0 0.1875 0.466796875 0.0751953125 0.0615234375
0 0.587890625 0.3720703125 0.017578125 0.0166015625
1 0.84375 0.31640625 0.0126953125 0.033203125
1 0.517578125 0.31640625 0.03125 0.0498046875
0 0.947265625 0.35546875 0.0439453125 0.0224609375
1 0.5380859375 0.3251953125 0.0234375 0.044921875
1 0.76953125 0.318359375 0.017578125 0.0302734375
1 0.3310546875 0.3525390625 0.0126953125 0.0224609375
2 0.7822265625 0.3125 0.0107421875 0.01953125
0 0.3232421875 0.404296875 0.025390625 0.013671875
0 0.6416015625 0.427734375 0.0419921875 0.02734375