2 0.8349609375 0.923828125 0.1640625 0.080078125
1 0.6826171875 0.6865234375 0.4814453125 0.3330078125
1 0.4375 0.404296875 0.1123046875 0.1474609375
1 0.8486328125 0.4912109375 0.2314453125 0.22265625
1 0.28125 0.705078125 0.2685546875 0.35546875
1 0.716796875 0.404296875 0.134765625 0.1806640625
1 0.5498046875 0.474609375 0.1435546875 0.1943359375
1 0.9111328125 0.3525390625 0.0625 0.10546875
1 0.8232421875 0.3037109375 0.021484375 0.0302734375
1 0.3671875 0.357421875 0.0341796875 0.0693359375
1 0.2294921875 0.3681640625 0.0283203125 0.046875
1 0.2734375 0.375 0.0751953125 0.1162109375
1 0.7138671875 0.3427734375 0.0283203125 0.052734375
1 0.193359375 0.4462890625 0.119140625 0.236328125
1 0.5615234375 0.3681640625 0.0361328125 0.05859375
1 0.6064453125 0.357421875 0.0625 0.1083984375
1 0.650390625 0.3349609375 0.048828125 0.080078125
0 0.3642578125 0.58203125 0.0810546875 0.0361328125
1 0.576171875 0.341796875 0.021484375 0.0390625
1 0.779296875 0.326171875 0.025390625 0.046875
0 0.3642578125 0.927734375 0.181640625 0.138671875
1 0.080078125 0.62890625 0.1533203125 0.513671875
1 0.4296875 0.31640625 0.021484375 0.033203125
1 0.068359375 0.40234375 0.0751953125 0.078125
1 0.8310546875 0.33984375 0.03125 0.052734375
1 0.2802734375 0.34765625 0.013671875 0.0166015625
1 0.9775390625 0.341796875 0.044921875 0.078125
0 0.4755859375 0.48046875 0.044921875 0.0390625
0 0.849609375 0.6044921875 0.1201171875 0.05859375
1 0.5927734375 0.3193359375 0.017578125 0.033203125
0 0.1552734375 0.9287109375 0.2861328125 0.130859375
0 0.4384765625 0.607421875 0.0546875 0.0419921875
0 0.40625 0.427734375 0.025390625 0.0224609375
1 0.3037109375 0.3427734375 0.0263671875 0.0419921875
1 0.4560546875 0.3349609375 0.025390625 0.0419921875
0 0.423828125 0.4599609375 0.0263671875 0.0302734375
0 0.7060546875 0.4794921875 0.0498046875 0.0302734375
1 0.505859375 0.349609375 0.0576171875 0.0947265625
1 0.318359375 0.3486328125 0.0126953125 0.0302734375
0 0.2978515625 0.572265625 0.048828125 0.044921875
1 0.607421875 0.322265625 0.0205078125 0.033203125
0 0.494140625 0.4306640625 0.0185546875 0.0166015625
1 0.86328125 0.3515625 0.0517578125 0.1025390625
1 0.3291015625 0.380859375 0.0419921875 0.0615234375
2 0.54296875 0.58984375 0.0732421875 0.046875
0 0.466796875 0.380859375 0.0263671875 0.0107421875
1 0.681640625 0.37890625 0.03125 0.052734375
0 0.291015625 0.4306640625 0.025390625 0.0166015625
0 0.201171875 0.490234375 0.0517578125 0.025390625
0 0.5888671875 0.4541015625 0.021484375 0.0302734375
0 0.14453125 0.46484375 0.0263671875 0.01953125
0 0.0322265625 0.482421875 0.0517578125 0.0419921875
0 0.1875 0.455078125 0.0751953125 0.033203125
0 0.611328125 0.3916015625 0.029296875 0.0166015625
0 0.30078125 0.5029296875 0.0234375 0.033203125
2 0.4873046875 0.4599609375 0.0185546875 0.01953125
0 0.787109375 0.4072265625 0.0205078125 0.025390625
0 0.7998046875 0.380859375 0.0185546875 0.0224609375
1 0.962890625 0.720703125 0.0703125 0.224609375
1 0.7998046875 0.330078125 0.0185546875 0.02734375
0 0.6474609375 0.4287109375 0.0390625 0.025390625
0 0.4501953125 0.4794921875 0.025390625 0.025390625
0 0.380859375 0.404296875 0.017578125 0.0302734375
0 0.5810546875 0.37890625 0.0126953125 0.013671875
1 0.541015625 0.3544921875 0.0126953125 0.025390625
1 0.359375 0.4052734375 0.0185546875 0.044921875
0 0.955078125 0.3515625 0.0234375 0.025390625