2 0.8359375 0.9267578125 0.166015625 0.0859375
1 0.6552734375 0.65234375 0.4140625 0.4111328125
1 0.244140625 0.716796875 0.3984375 0.5556640625
1 0.45703125 0.3427734375 0.048828125 0.080078125
1 0.701171875 0.4052734375 0.1220703125 0.1552734375
1 0.369140625 0.486328125 0.1298828125 0.1669921875
1 0.486328125 0.341796875 0.0205078125 0.0390625
1 0.232421875 0.3662109375 0.0546875 0.0888671875
1 0.556640625 0.3583984375 0.0361328125 0.0390625
1 0.880859375 0.4912109375 0.2138671875 0.2275390625
1 0.349609375 0.3662109375 0.0439453125 0.099609375
1 0.287109375 0.3740234375 0.068359375 0.130859375
1 0.5009765625 0.375 0.0703125 0.1552734375
1 0.056640625 0.4482421875 0.11328125 0.169921875
1 0.62890625 0.3330078125 0.029296875 0.0615234375
1 0.1806640625 0.3662109375 0.0390625 0.044921875
1 0.4091796875 0.37109375 0.0498046875 0.09765625
0 0.525390625 0.580078125 0.09375 0.0498046875
1 0.587890625 0.3291015625 0.037109375 0.0693359375
1 0.525390625 0.35546875 0.0185546875 0.02734375
1 0.712890625 0.3291015625 0.025390625 0.0419921875
1 0.8349609375 0.369140625 0.048828125 0.0830078125
1 0.763671875 0.326171875 0.0419921875 0.0751953125
1 0.92578125 0.345703125 0.076171875 0.1083984375
1 0.673828125 0.328125 0.0283203125 0.0615234375
0 0.474609375 0.4833984375 0.037109375 0.0390625
0 0.884765625 0.60546875 0.0830078125 0.044921875
1 0.7353515625 0.322265625 0.0263671875 0.0556640625
0 0.380859375 0.9423828125 0.09375 0.115234375
0 0.234375 0.9345703125 0.162109375 0.119140625
0 0.197265625 0.4541015625 0.052734375 0.0302734375
1 0.1474609375 0.392578125 0.0546875 0.0859375
0 0.3916015625 0.576171875 0.0888671875 0.046875
1 0.609375 0.328125 0.0185546875 0.033203125
0 0.44140625 0.611328125 0.0517578125 0.044921875
1 0.80078125 0.337890625 0.029296875 0.0419921875
0 0.330078125 0.404296875 0.025390625 0.013671875
0 0.4189453125 0.453125 0.0185546875 0.033203125
0 0.0341796875 0.546875 0.068359375 0.0556640625
0 0.4873046875 0.4306640625 0.03125 0.0224609375
0 0.3955078125 0.4306640625 0.041015625 0.0224609375
0 0.45703125 0.390625 0.033203125 0.025390625
1 0.880859375 0.345703125 0.0498046875 0.05859375
1 0.9755859375 0.380859375 0.044921875 0.0830078125
1 0.693359375 0.35546875 0.0126953125 0.033203125
0 0.7607421875 0.3984375 0.025390625 0.0302734375
2 0.80078125 0.4375 0.029296875 0.025390625
0 0.611328125 0.392578125 0.025390625 0.01953125
0 0.4365234375 0.4736328125 0.044921875 0.01953125
0 0.5927734375 0.4541015625 0.013671875 0.0302734375
0 0.79296875 0.380859375 0.0263671875 0.0166015625
1 0.357421875 0.33984375 0.013671875 0.025390625
2 0.919921875 0.587890625 0.029296875 0.01953125
1 0.3173828125 0.341796875 0.0185546875 0.02734375
0 0.8681640625 0.3681640625 0.0205078125 0.013671875
1 0.7041015625 0.453125 0.0263671875 0.0224609375
0 0.380859375 0.408203125 0.0126953125 0.033203125