2 0.806640625 0.8623046875 0.150390625 0.0751953125
1 0.666015625 0.62890625 0.4326171875 0.3359375
1 0.537109375 0.4306640625 0.15625 0.18359375
1 0.83203125 0.427734375 0.1982421875 0.25
1 0.2822265625 0.7294921875 0.361328125 0.525390625
1 0.3759765625 0.453125 0.1328125 0.1943359375
1 0.69140625 0.3955078125 0.1142578125 0.1865234375
1 0.548828125 0.3359375 0.03125 0.044921875
1 0.974609375 0.3740234375 0.0439453125 0.19140625
1 0.654296875 0.302734375 0.0390625 0.072265625
1 0.6298828125 0.2919921875 0.0185546875 0.02734375
1 0.2158203125 0.390625 0.099609375 0.1865234375
1 0.3115234375 0.3056640625 0.0107421875 0.0224609375
1 0.466796875 0.328125 0.052734375 0.0947265625
1 0.7177734375 0.2861328125 0.0263671875 0.033203125
1 0.287109375 0.3291015625 0.0234375 0.0361328125
1 0.3291015625 0.3291015625 0.0673828125 0.1025390625
1 0.8798828125 0.2890625 0.0283203125 0.0390625
1 0.9755859375 0.29296875 0.017578125 0.0302734375
1 0.498046875 0.298828125 0.0185546875 0.0419921875
1 0.248046875 0.3388671875 0.0234375 0.0498046875
1 0.599609375 0.318359375 0.056640625 0.0751953125
1 0.4384765625 0.326171875 0.017578125 0.0361328125
1 0.75 0.3486328125 0.037109375 0.091796875
1 0.94140625 0.630859375 0.1171875 0.3056640625
0 0.478515625 0.451171875 0.037109375 0.0361328125
1 0.072265625 0.3720703125 0.048828125 0.0556640625
0 0.423828125 0.41796875 0.017578125 0.0302734375
1 0.09375 0.466796875 0.1748046875 0.244140625
0 0.443359375 0.568359375 0.0517578125 0.0361328125
1 0.7509765625 0.2802734375 0.0205078125 0.02734375
0 0.537109375 0.5322265625 0.119140625 0.052734375
0 0.880859375 0.54296875 0.107421875 0.052734375
1 0.693359375 0.318359375 0.03125 0.046875
1 0.5224609375 0.3193359375 0.0263671875 0.0498046875
0 0.337890625 0.3720703125 0.0263671875 0.0166015625
2 0.3955078125 0.9736328125 0.0341796875 0.0419921875
0 0.4873046875 0.400390625 0.025390625 0.0166015625
0 0.3759765625 0.5302734375 0.060546875 0.044921875
1 0.966796875 0.3193359375 0.015625 0.0390625
0 0.951171875 0.5224609375 0.068359375 0.044921875
1 0.3740234375 0.34765625 0.0205078125 0.033203125
0 0.1884765625 0.4248046875 0.033203125 0.0166015625
1 0.775390625 0.3037109375 0.037109375 0.046875
1 0.8125 0.3056640625 0.0498046875 0.0947265625
0 0.7451171875 0.41015625 0.037109375 0.0419921875
0 0.60546875 0.3544921875 0.0205078125 0.025390625
0 0.580078125 0.3515625 0.013671875 0.013671875
0 0.291015625 0.3955078125 0.041015625 0.025390625
1 0.65625 0.3681640625 0.025390625 0.0361328125
0 0.6318359375 0.4169921875 0.0361328125 0.044921875
0 0.603515625 0.443359375 0.0234375 0.025390625
0 0.326171875 0.400390625 0.033203125 0.0498046875
0 0.95703125 0.35546875 0.0234375 0.0224609375
1 0.0234375 0.7412109375 0.046875 0.3388671875
1 0.78125 0.3583984375 0.0439453125 0.072265625