2 0.8056640625 0.8623046875 0.1513671875 0.0751953125
1 0.7236328125 0.2822265625 0.0185546875 0.025390625
1 0.2783203125 0.7001953125 0.3935546875 0.505859375
1 0.6279296875 0.2919921875 0.0185546875 0.02734375
1 0.380859375 0.4541015625 0.1328125 0.1865234375
1 0.7998046875 0.2802734375 0.0185546875 0.02734375
1 0.701171875 0.3974609375 0.1298828125 0.205078125
1 0.5322265625 0.4404296875 0.1484375 0.158203125
1 0.2041015625 0.37890625 0.1015625 0.1357421875
1 0.880859375 0.3037109375 0.029296875 0.05859375
1 0.19921875 0.3291015625 0.0263671875 0.0361328125
1 0.6787109375 0.66796875 0.4169921875 0.263671875
1 0.4375 0.3115234375 0.0185546875 0.0224609375
1 0.25 0.322265625 0.025390625 0.044921875
1 0.6064453125 0.318359375 0.0498046875 0.080078125
1 0.322265625 0.33984375 0.0546875 0.0693359375
1 0.505859375 0.33984375 0.0625 0.119140625
1 0.0849609375 0.474609375 0.1669921875 0.244140625
1 0.705078125 0.3115234375 0.021484375 0.044921875
1 0.580078125 0.30859375 0.021484375 0.0390625
1 0.935546875 0.41015625 0.1220703125 0.2197265625
1 0.46875 0.3212890625 0.037109375 0.0751953125
1 0.29296875 0.3125 0.0205078125 0.0419921875
0 0.474609375 0.4482421875 0.037109375 0.0419921875
1 0.412109375 0.35546875 0.029296875 0.06640625
1 0.7978515625 0.3388671875 0.0673828125 0.111328125
1 0.90625 0.30859375 0.03125 0.0498046875
0 0.857421875 0.54296875 0.076171875 0.0634765625
0 0.42578125 0.419921875 0.029296875 0.033203125
1 0.7431640625 0.298828125 0.0205078125 0.0302734375
0 0.443359375 0.568359375 0.0546875 0.0361328125
1 0.076171875 0.3681640625 0.0419921875 0.052734375
0 0.412109375 0.3984375 0.025390625 0.0302734375
0 0.6162109375 0.52734375 0.0732421875 0.0390625
1 0.5517578125 0.34765625 0.0341796875 0.0556640625
2 0.54296875 0.552734375 0.064453125 0.044921875
1 0.2626953125 0.357421875 0.03125 0.046875
1 0.3740234375 0.326171875 0.0205078125 0.0361328125
1 0.306640625 0.3125 0.013671875 0.01953125
1 0.9853515625 0.3056640625 0.029296875 0.052734375
1 0.650390625 0.2919921875 0.0185546875 0.044921875
0 0.6884765625 0.447265625 0.033203125 0.033203125
0 0.3984375 0.548828125 0.046875 0.01953125
0 0.744140625 0.4111328125 0.029296875 0.033203125
0 0.580078125 0.4287109375 0.0283203125 0.0419921875
0 0.4921875 0.400390625 0.021484375 0.0166015625
0 0.3603515625 0.349609375 0.0205078125 0.0166015625
0 0.9306640625 0.361328125 0.0263671875 0.033203125
1 0.9638671875 0.35546875 0.037109375 0.044921875
1 0.330078125 0.322265625 0.0126953125 0.0166015625
0 0.2939453125 0.39453125 0.0498046875 0.02734375
0 0.6357421875 0.390625 0.0341796875 0.0302734375
1 0.6552734375 0.337890625 0.029296875 0.0419921875
1 0.0166015625 0.484375 0.033203125 0.0693359375
2 0.3984375 0.95703125 0.037109375 0.0751953125
0 0.6064453125 0.3544921875 0.0185546875 0.01953125
1 0.484375 0.3134765625 0.015625 0.02734375
2 0.837890625 0.5 0.0185546875 0.0166015625
1 0.599609375 0.3056640625 0.0126953125 0.0166015625
2 0.6689453125 0.517578125 0.0185546875 0.0302734375
1 0.8154296875 0.3154296875 0.0185546875 0.025390625
0 0.935546875 0.3193359375 0.0263671875 0.02734375