2 0.806640625 0.8642578125 0.150390625 0.078125
1 0.087890625 0.56640625 0.162109375 0.4169921875
1 0.537109375 0.443359375 0.158203125 0.1640625
1 0.6953125 0.390625 0.119140625 0.169921875
1 0.662109375 0.6484375 0.4296875 0.30859375
1 0.376953125 0.443359375 0.125 0.169921875
1 0.1845703125 0.3359375 0.0341796875 0.044921875
1 0.8154296875 0.2802734375 0.021484375 0.0224609375
1 0.48828125 0.318359375 0.0205078125 0.0302734375
1 0.193359375 0.3818359375 0.1015625 0.1083984375
1 0.712890625 0.279296875 0.0205078125 0.025390625
1 0.498046875 0.2958984375 0.015625 0.025390625
1 0.7490234375 0.3115234375 0.0517578125 0.0947265625
1 0.23828125 0.3388671875 0.0263671875 0.0498046875
1 0.599609375 0.318359375 0.044921875 0.0751953125
1 0.2685546875 0.3544921875 0.03125 0.05859375
1 0.41015625 0.3525390625 0.044921875 0.072265625
1 0.296875 0.3154296875 0.025390625 0.0419921875
1 0.1015625 0.37890625 0.072265625 0.091796875
1 0.8154296875 0.3349609375 0.0625 0.1083984375
1 0.955078125 0.4248046875 0.087890625 0.1943359375
1 0.662109375 0.29296875 0.0185546875 0.0361328125
1 0.8681640625 0.318359375 0.0576171875 0.1025390625
1 0.466796875 0.318359375 0.0234375 0.046875
0 0.861328125 0.5419921875 0.1044921875 0.072265625
1 0.330078125 0.3193359375 0.013671875 0.0224609375
0 0.478515625 0.451171875 0.037109375 0.0361328125
0 0.37890625 0.5302734375 0.064453125 0.0498046875
1 0.693359375 0.30859375 0.0185546875 0.0390625
1 0.962890625 0.3154296875 0.060546875 0.080078125
0 0.54296875 0.5302734375 0.1142578125 0.044921875
0 0.2314453125 0.8759765625 0.1748046875 0.1357421875
0 0.443359375 0.56640625 0.0517578125 0.0390625
0 0.423828125 0.41796875 0.0234375 0.0302734375
1 0.650390625 0.341796875 0.03125 0.0556640625
1 0.0341796875 0.421875 0.068359375 0.10546875
1 0.369140625 0.3251953125 0.0185546875 0.033203125
1 0.306640625 0.3662109375 0.0390625 0.0830078125
1 0.5693359375 0.318359375 0.0263671875 0.0419921875
0 0.681640625 0.4462890625 0.0439453125 0.025390625
0 0.6376953125 0.3916015625 0.03125 0.0224609375
0 0.4892578125 0.3984375 0.021484375 0.01953125
0 0.9443359375 0.529296875 0.029296875 0.025390625
0 0.376953125 0.892578125 0.146484375 0.203125
1 0.6357421875 0.3056640625 0.0185546875 0.033203125
0 0.7509765625 0.41015625 0.0234375 0.0302734375
0 0.576171875 0.3486328125 0.0205078125 0.0087890625
0 0.4169921875 0.39453125 0.0126953125 0.0224609375
1 0.544921875 0.3427734375 0.033203125 0.052734375
1 0.51953125 0.294921875 0.0263671875 0.0498046875
1 0.6748046875 0.3115234375 0.0185546875 0.033203125
0 0.943359375 0.322265625 0.0185546875 0.0166015625
1 0.0205078125 0.4912109375 0.041015625 0.06640625
0 0.607421875 0.3544921875 0.017578125 0.025390625
0 0.5830078125 0.4287109375 0.0185546875 0.0361328125
0 0.4697265625 0.365234375 0.0234375 0.01953125
1 0.775390625 0.37109375 0.03125 0.05859375
0 0.341796875 0.5107421875 0.021484375 0.0224609375
0 0.9619140625 0.50390625 0.0390625 0.046875