2 0.806640625 0.859375 0.15625 0.080078125
1 0.662109375 0.6162109375 0.4189453125 0.388671875
1 0.283203125 0.7294921875 0.3623046875 0.5302734375
1 0.6884765625 0.3779296875 0.1142578125 0.138671875
1 0.380859375 0.4580078125 0.138671875 0.18359375
1 0.634765625 0.29296875 0.017578125 0.0302734375
1 0.4873046875 0.318359375 0.025390625 0.0361328125
1 0.25390625 0.328125 0.0205078125 0.033203125
1 0.3115234375 0.31640625 0.0263671875 0.044921875
1 0.1923828125 0.3291015625 0.021484375 0.0302734375
1 0.423828125 0.328125 0.025390625 0.044921875
1 0.201171875 0.4072265625 0.1220703125 0.1865234375
1 0.818359375 0.443359375 0.15625 0.2197265625
1 0.087890625 0.578125 0.1689453125 0.466796875
1 0.357421875 0.3037109375 0.013671875 0.025390625
1 0.962890625 0.31640625 0.0673828125 0.06640625
1 0.291015625 0.3125 0.013671875 0.0302734375
1 0.8759765625 0.2958984375 0.029296875 0.052734375
1 0.572265625 0.369140625 0.095703125 0.138671875
1 0.7099609375 0.2919921875 0.044921875 0.06640625
1 0.79296875 0.296875 0.0546875 0.0830078125
1 0.5751953125 0.3037109375 0.03125 0.0634765625
1 0.8173828125 0.279296875 0.015625 0.0361328125
1 0.2880859375 0.37109375 0.0888671875 0.1748046875
1 0.6572265625 0.302734375 0.033203125 0.06640625
1 0.5341796875 0.31640625 0.0126953125 0.033203125
1 0.10546875 0.3740234375 0.0703125 0.080078125
1 0.375 0.3388671875 0.025390625 0.0615234375
1 0.9052734375 0.31640625 0.0263671875 0.0556640625
1 0.3291015625 0.3427734375 0.029296875 0.052734375
0 0.9169921875 0.5361328125 0.09375 0.044921875
0 0.423828125 0.4169921875 0.0263671875 0.033203125
1 0.599609375 0.2958984375 0.0185546875 0.0361328125
1 0.748046875 0.341796875 0.0283203125 0.06640625
0 0.443359375 0.568359375 0.0498046875 0.0361328125
0 0.4755859375 0.4482421875 0.048828125 0.0419921875
1 0.931640625 0.552734375 0.130859375 0.4384765625
1 0.462890625 0.31640625 0.0234375 0.0390625
0 0.412109375 0.392578125 0.025390625 0.01953125
0 0.380859375 0.5302734375 0.064453125 0.0498046875
1 0.5166015625 0.3740234375 0.048828125 0.091796875
0 0.5322265625 0.5419921875 0.0888671875 0.044921875
0 0.056640625 0.4541015625 0.037109375 0.0302734375
1 0.6484375 0.3544921875 0.0283203125 0.0419921875
0 0.3623046875 0.9404296875 0.1376953125 0.119140625
0 0.447265625 0.443359375 0.0263671875 0.01953125
0 0.7373046875 0.4052734375 0.037109375 0.044921875
0 0.3359375 0.3759765625 0.021484375 0.013671875
0 0.931640625 0.357421875 0.029296875 0.025390625
0 0.046875 0.5166015625 0.09375 0.0556640625
1 0.75 0.279296875 0.0185546875 0.0302734375
0 0.3017578125 0.3955078125 0.021484375 0.013671875
1 0.6162109375 0.30859375 0.0263671875 0.0498046875
0 0.5810546875 0.466796875 0.0126953125 0.0224609375
0 0.494140625 0.4013671875 0.0126953125 0.013671875
1 0.244140625 0.357421875 0.025390625 0.0361328125
0 0.587890625 0.4169921875 0.0126953125 0.0166015625
0 0.7705078125 0.3427734375 0.0185546875 0.013671875
0 0.6298828125 0.41796875 0.03125 0.052734375
2 0.34375 0.40234375 0.0126953125 0.02734375
0 0.7236328125 0.443359375 0.052734375 0.0361328125
1 0.4990234375 0.2919921875 0.013671875 0.02734375
0 0.900390625 0.357421875 0.0185546875 0.0361328125
0 0.599609375 0.37109375 0.03125 0.0361328125
1 0.3623046875 0.3720703125 0.0185546875 0.044921875
1 0.201171875 0.3662109375 0.029296875 0.0615234375
0 0.017578125 0.4775390625 0.0341796875 0.0390625
0 0.76171875 0.392578125 0.013671875 0.01953125