2 0.806640625 0.8623046875 0.15625 0.0751953125
1 0.6630859375 0.591796875 0.4111328125 0.4111328125
1 0.267578125 0.703125 0.4111328125 0.505859375
1 0.72265625 0.2890625 0.017578125 0.02734375
1 0.25 0.318359375 0.025390625 0.0361328125
1 0.375 0.451171875 0.1376953125 0.203125
1 0.462890625 0.306640625 0.0546875 0.09765625
1 0.529296875 0.3125 0.0205078125 0.0419921875
1 0.548828125 0.3291015625 0.0341796875 0.0361328125
1 0.7080078125 0.3681640625 0.1123046875 0.125
1 0.2060546875 0.380859375 0.1064453125 0.1669921875
1 0.4189453125 0.3427734375 0.0498046875 0.0859375
1 0.755859375 0.294921875 0.0439453125 0.078125
1 0.0849609375 0.4541015625 0.1611328125 0.23046875
1 0.5068359375 0.3349609375 0.0517578125 0.130859375
1 0.806640625 0.279296875 0.0205078125 0.0302734375
1 0.2939453125 0.31640625 0.0185546875 0.0390625
1 0.3125 0.3056640625 0.0185546875 0.02734375
1 0.287109375 0.3857421875 0.0888671875 0.1337890625
1 0.8759765625 0.3154296875 0.0517578125 0.09765625
1 0.9365234375 0.5712890625 0.126953125 0.4248046875
1 0.0751953125 0.365234375 0.037109375 0.046875
1 0.9755859375 0.3056640625 0.0390625 0.0556640625
0 0.869140625 0.5419921875 0.087890625 0.0615234375
1 0.6123046875 0.318359375 0.068359375 0.080078125
1 0.3779296875 0.3291015625 0.0185546875 0.0361328125
1 0.701171875 0.3125 0.0263671875 0.05859375
1 0.806640625 0.328125 0.0517578125 0.0888671875
2 0.53125 0.552734375 0.0439453125 0.044921875
1 0.580078125 0.29296875 0.0107421875 0.025390625
1 0.650390625 0.298828125 0.029296875 0.05859375
0 0.443359375 0.568359375 0.0498046875 0.0361328125
0 0.478515625 0.451171875 0.041015625 0.0361328125
0 0.494140625 0.3984375 0.0234375 0.01953125
0 0.4111328125 0.3984375 0.0283203125 0.01953125
0 0.423828125 0.4169921875 0.0185546875 0.033203125
1 0.259765625 0.3662109375 0.025390625 0.033203125
1 0.94140625 0.328125 0.033203125 0.044921875
1 0.66015625 0.3330078125 0.0234375 0.0390625
1 0.3564453125 0.3212890625 0.037109375 0.0634765625
0 0.4697265625 0.3623046875 0.017578125 0.01953125
0 0.337890625 0.3759765625 0.0185546875 0.013671875
0 0.6064453125 0.35546875 0.0185546875 0.0224609375
0 0.7626953125 0.41015625 0.0185546875 0.01953125
0 0.580078125 0.3486328125 0.013671875 0.0087890625
0 0.494140625 0.3779296875 0.0185546875 0.033203125
2 0.3984375 0.95703125 0.037109375 0.0751953125
0 0.6259765625 0.3916015625 0.0361328125 0.02734375
0 0.3017578125 0.3984375 0.025390625 0.01953125
0 0.15625 0.427734375 0.0185546875 0.0224609375
0 0.984375 0.580078125 0.03125 0.0498046875
1 0.9169921875 0.328125 0.021484375 0.02734375
1 0.0302734375 0.4677734375 0.0234375 0.0634765625
0 0.4091796875 0.5498046875 0.0341796875 0.0166015625