2 0.8349609375 0.923828125 0.1640625 0.080078125
1 0.6865234375 0.6572265625 0.4453125 0.3974609375
1 0.267578125 0.7626953125 0.408203125 0.4697265625
1 0.3671875 0.4892578125 0.15625 0.171875
1 0.2705078125 0.34765625 0.025390625 0.044921875
1 0.7099609375 0.39453125 0.1142578125 0.138671875
1 0.818359375 0.29296875 0.0185546875 0.025390625
1 0.537109375 0.4794921875 0.1357421875 0.169921875
1 0.64453125 0.31640625 0.0205078125 0.033203125
1 0.06640625 0.484375 0.1328125 0.2587890625
1 0.19921875 0.4150390625 0.1171875 0.224609375
1 0.45703125 0.3486328125 0.048828125 0.080078125
1 0.8125 0.330078125 0.056640625 0.0947265625
1 0.505859375 0.3623046875 0.064453125 0.130859375
1 0.86328125 0.369140625 0.0517578125 0.072265625
1 0.287109375 0.4013671875 0.068359375 0.1474609375
1 0.228515625 0.3583984375 0.0234375 0.0390625
1 0.3349609375 0.365234375 0.044921875 0.0859375
1 0.509765625 0.3056640625 0.0234375 0.033203125
0 0.376953125 0.580078125 0.0625 0.044921875
1 0.8984375 0.326171875 0.046875 0.0751953125
1 0.6181640625 0.3447265625 0.0576171875 0.0830078125
1 0.580078125 0.3291015625 0.029296875 0.05859375
1 0.9716796875 0.4287109375 0.056640625 0.1806640625
1 0.2998046875 0.33984375 0.025390625 0.0419921875
1 0.7626953125 0.357421875 0.03125 0.0693359375
1 0.716796875 0.3427734375 0.0263671875 0.052734375
1 0.3681640625 0.361328125 0.0205078125 0.0556640625
1 0.3173828125 0.3515625 0.0126953125 0.025390625
0 0.53125 0.578125 0.09375 0.0556640625
1 0.494140625 0.318359375 0.0107421875 0.01953125
1 0.6669921875 0.3125 0.0185546875 0.0302734375
0 0.474609375 0.482421875 0.037109375 0.0419921875
1 0.94921875 0.6787109375 0.095703125 0.3193359375
0 0.4384765625 0.607421875 0.0546875 0.0419921875
0 0.888671875 0.6044921875 0.078125 0.046875
0 0.404296875 0.427734375 0.029296875 0.0224609375
0 0.361328125 0.947265625 0.126953125 0.10546875
1 0.486328125 0.3427734375 0.025390625 0.0302734375
0 0.4189453125 0.453125 0.025390625 0.0390625
0 0.775390625 0.443359375 0.0419921875 0.0361328125
1 0.4052734375 0.3720703125 0.0419921875 0.0830078125
1 0.9267578125 0.3486328125 0.0283203125 0.0419921875
0 0.705078125 0.4775390625 0.033203125 0.02734375
0 0.4912109375 0.4287109375 0.0234375 0.01953125
0 0.611328125 0.3916015625 0.0283203125 0.0166015625
1 0.2421875 0.392578125 0.025390625 0.0361328125
0 0.5869140625 0.455078125 0.0263671875 0.033203125
0 0.5810546875 0.55859375 0.03125 0.0390625
0 0.64453125 0.4150390625 0.0517578125 0.0361328125
1 0.14453125 0.41796875 0.0263671875 0.046875
0 0.7880859375 0.39453125 0.0234375 0.0166015625
0 0.291015625 0.4287109375 0.021484375 0.013671875
0 0.3232421875 0.4052734375 0.025390625 0.0166015625
0 0.4609375 0.3876953125 0.025390625 0.01953125
1 0.7685546875 0.298828125 0.025390625 0.0302734375
0 0.7998046875 0.37890625 0.025390625 0.01953125
0 0.5830078125 0.3837890625 0.015625 0.0166015625
1 0.0126953125 0.421875 0.025390625 0.044921875
2 0.3740234375 0.54296875 0.0361328125 0.0361328125
1 0.236328125 0.5068359375 0.0361328125 0.046875
0 0.955078125 0.349609375 0.025390625 0.0166015625
1 0.0654296875 0.765625 0.130859375 0.2861328125