2 0.833984375 0.927734375 0.166015625 0.0830078125
1 0.6748046875 0.6611328125 0.4375 0.4052734375
1 0.2490234375 0.7431640625 0.4013671875 0.4970703125
1 0.3681640625 0.494140625 0.154296875 0.1611328125
1 0.537109375 0.48046875 0.15625 0.177734375
1 0.7255859375 0.3037109375 0.017578125 0.025390625
1 0.076171875 0.4541015625 0.15234375 0.169921875
1 0.447265625 0.3232421875 0.015625 0.0302734375
1 0.5009765625 0.3251953125 0.013671875 0.033203125
1 0.416015625 0.3779296875 0.056640625 0.0947265625
1 0.189453125 0.4287109375 0.119140625 0.1640625
1 0.5205078125 0.37890625 0.0595703125 0.125
1 0.28515625 0.3330078125 0.0234375 0.0390625
1 0.67578125 0.4169921875 0.076171875 0.150390625
1 0.318359375 0.37890625 0.0625 0.119140625
1 0.818359375 0.3583984375 0.0732421875 0.1337890625
1 0.634765625 0.341796875 0.0517578125 0.0888671875
1 0.3173828125 0.341796875 0.0185546875 0.0390625
1 0.580078125 0.330078125 0.033203125 0.0615234375
1 0.9072265625 0.318359375 0.0263671875 0.0361328125
1 0.767578125 0.318359375 0.0419921875 0.0693359375
1 0.70703125 0.3349609375 0.029296875 0.05859375
1 0.9482421875 0.6552734375 0.0966796875 0.361328125
1 0.2666015625 0.41796875 0.0703125 0.158203125
1 0.5703125 0.37890625 0.037109375 0.052734375
1 0.0556640625 0.390625 0.0361328125 0.0419921875
1 0.4677734375 0.357421875 0.0673828125 0.1142578125
0 0.478515625 0.482421875 0.041015625 0.0419921875
0 0.4384765625 0.611328125 0.0546875 0.044921875
1 0.2998046875 0.341796875 0.0185546875 0.02734375
0 0.529296875 0.580078125 0.1220703125 0.0498046875
0 0.8857421875 0.5986328125 0.072265625 0.05859375
1 0.2265625 0.33203125 0.0283203125 0.0361328125
1 0.7509765625 0.4169921875 0.0703125 0.0888671875
1 0.869140625 0.3486328125 0.048828125 0.0693359375
1 0.978515625 0.37109375 0.0419921875 0.0751953125
1 0.6640625 0.31640625 0.025390625 0.0498046875
0 0.4169921875 0.451171875 0.025390625 0.0361328125
0 0.3505859375 0.37890625 0.0234375 0.01953125
1 0.9072265625 0.365234375 0.0263671875 0.0634765625
0 0.400390625 0.427734375 0.033203125 0.0224609375
0 0.5986328125 0.3955078125 0.021484375 0.013671875
0 0.3857421875 0.591796875 0.0439453125 0.0224609375
0 0.044921875 0.568359375 0.0888671875 0.1142578125
0 0.291015625 0.4306640625 0.0263671875 0.0166015625
1 0.8427734375 0.31640625 0.013671875 0.033203125
2 0.6103515625 0.48046875 0.0205078125 0.0224609375
1 0.4638671875 0.3427734375 0.0185546875 0.01953125
0 0.201171875 0.4912109375 0.0546875 0.0224609375
0 0.3232421875 0.404296875 0.025390625 0.013671875
0 0.78125 0.3984375 0.0185546875 0.01953125
1 0.330078125 0.3525390625 0.0107421875 0.0224609375
2 0.798828125 0.4306640625 0.0283203125 0.02734375
0 0.943359375 0.3515625 0.048828125 0.025390625
1 0.8115234375 0.341796875 0.0205078125 0.02734375
0 0.5927734375 0.3740234375 0.013671875 0.01953125
0 0.130859375 0.423828125 0.0126953125 0.01953125
1 0.494140625 0.3486328125 0.0185546875 0.01953125
0 0.6435546875 0.421875 0.0439453125 0.033203125
0 0.7685546875 0.4697265625 0.03125 0.033203125