2 0.833984375 0.923828125 0.166015625 0.080078125
1 0.685546875 0.66796875 0.4453125 0.3857421875
1 0.263671875 0.75 0.416015625 0.494140625
1 0.537109375 0.4931640625 0.138671875 0.197265625
1 0.4384765625 0.40234375 0.111328125 0.150390625
1 0.71875 0.4013671875 0.119140625 0.1474609375
1 0.080078125 0.4150390625 0.1220703125 0.125
1 0.96875 0.4208984375 0.0625 0.197265625
1 0.197265625 0.41796875 0.1142578125 0.2080078125
1 0.76171875 0.318359375 0.048828125 0.0859375
1 0.28125 0.345703125 0.025390625 0.05859375
1 0.818359375 0.330078125 0.0546875 0.0888671875
1 0.666015625 0.3154296875 0.0185546875 0.0302734375
1 0.6279296875 0.3359375 0.056640625 0.0830078125
1 0.498046875 0.3212890625 0.0126953125 0.025390625
1 0.2421875 0.3818359375 0.037109375 0.0751953125
1 0.318359375 0.3818359375 0.068359375 0.125
1 0.861328125 0.37109375 0.052734375 0.0751953125
1 0.349609375 0.3359375 0.017578125 0.033203125
0 0.474609375 0.482421875 0.037109375 0.0419921875
0 0.40625 0.4404296875 0.025390625 0.0361328125
1 0.55078125 0.380859375 0.0390625 0.0830078125
1 0.580078125 0.328125 0.029296875 0.0556640625
1 0.951171875 0.673828125 0.0888671875 0.330078125
1 0.451171875 0.33984375 0.0234375 0.0419921875
1 0.25 0.3544921875 0.0126953125 0.01953125
0 0.4384765625 0.607421875 0.0546875 0.0419921875
0 0.3857421875 0.580078125 0.0498046875 0.0390625
1 0.486328125 0.341796875 0.0234375 0.033203125
1 0.013671875 0.419921875 0.0234375 0.0390625
1 0.3671875 0.3583984375 0.021484375 0.0498046875
0 0.3623046875 0.947265625 0.125 0.0947265625
1 0.150390625 0.4052734375 0.033203125 0.0615234375
0 0.89453125 0.60546875 0.0732421875 0.044921875
0 0.4921875 0.4287109375 0.025390625 0.01953125
0 0.775390625 0.44140625 0.0419921875 0.0390625
0 0.6982421875 0.4775390625 0.0439453125 0.02734375
0 0.5849609375 0.5556640625 0.0361328125 0.0390625
1 0.5224609375 0.3193359375 0.0234375 0.0390625
0 0.6044921875 0.392578125 0.0185546875 0.01953125
1 0.8984375 0.330078125 0.0341796875 0.0556640625
0 0.4619140625 0.3876953125 0.0263671875 0.01953125
0 0.291015625 0.4287109375 0.021484375 0.013671875
2 0.541015625 0.591796875 0.0654296875 0.044921875
0 0.9541015625 0.3857421875 0.017578125 0.0166015625
0 0.791015625 0.39453125 0.0263671875 0.0166015625
0 0.80078125 0.380859375 0.029296875 0.0224609375
0 0.044921875 0.595703125 0.0888671875 0.0634765625
1 0.1298828125 0.451171875 0.037109375 0.0361328125
0 0.587890625 0.455078125 0.025390625 0.033203125
0 0.041015625 0.544921875 0.0810546875 0.0498046875
1 0.9892578125 0.330078125 0.015625 0.044921875
0 0.642578125 0.4169921875 0.048828125 0.0224609375
0 0.30078125 0.37109375 0.0205078125 0.025390625
0 0.5869140625 0.37890625 0.017578125 0.013671875
0 0.3173828125 0.392578125 0.0283203125 0.0302734375
0 0.44921875 0.474609375 0.0234375 0.0166015625
0 0.7744140625 0.359375 0.013671875 0.01953125
1 0.3603515625 0.4111328125 0.017578125 0.044921875
0 0.0302734375 0.73046875 0.033203125 0.0390625
2 0.1689453125 0.98046875 0.068359375 0.033203125
2 0.611328125 0.4794921875 0.021484375 0.025390625