2 0.833984375 0.9267578125 0.166015625 0.0859375
1 0.6513671875 0.6552734375 0.4091796875 0.39453125
1 0.447265625 0.412109375 0.0986328125 0.1416015625
1 0.36328125 0.4931640625 0.1357421875 0.169921875
1 0.88671875 0.5009765625 0.201171875 0.236328125
1 0.7099609375 0.4052734375 0.1142578125 0.150390625
1 0.2236328125 0.357421875 0.0654296875 0.0751953125
1 0.5830078125 0.4013671875 0.078125 0.1474609375
1 0.4873046875 0.3388671875 0.0185546875 0.0390625
1 0.0751953125 0.599609375 0.150390625 0.4833984375
1 0.3349609375 0.3486328125 0.0234375 0.0419921875
1 0.8125 0.369140625 0.087890625 0.1220703125
1 0.291015625 0.3916015625 0.0703125 0.1552734375
1 0.734375 0.3095703125 0.0185546875 0.0302734375
1 0.416015625 0.3388671875 0.033203125 0.078125
1 0.525390625 0.3544921875 0.0185546875 0.025390625
1 0.763671875 0.322265625 0.0390625 0.06640625
1 0.5068359375 0.3720703125 0.0576171875 0.14453125
1 0.83203125 0.3212890625 0.0205078125 0.0361328125
1 0.919921875 0.3525390625 0.0732421875 0.111328125
2 0.529296875 0.5927734375 0.0419921875 0.046875
0 0.474609375 0.4833984375 0.033203125 0.0390625
1 0.630859375 0.306640625 0.0185546875 0.0361328125
1 0.671875 0.330078125 0.021484375 0.0615234375
0 0.3837890625 0.9423828125 0.099609375 0.115234375
1 0.6005859375 0.318359375 0.0234375 0.046875
0 0.4189453125 0.4501953125 0.0185546875 0.033203125
0 0.439453125 0.6083984375 0.052734375 0.0390625
1 0.9814453125 0.35546875 0.037109375 0.044921875
1 0.4619140625 0.3359375 0.0263671875 0.044921875
0 0.3505859375 0.37890625 0.0205078125 0.025390625
2 0.798828125 0.4365234375 0.0263671875 0.033203125
1 0.5810546875 0.33984375 0.03125 0.046875
1 0.810546875 0.3291015625 0.0234375 0.0419921875
0 0.69140625 0.4775390625 0.0361328125 0.0166015625
1 0.6875 0.35546875 0.025390625 0.044921875
0 0.3935546875 0.4287109375 0.0439453125 0.025390625
0 0.8623046875 0.6025390625 0.0625 0.0556640625
0 0.609375 0.3974609375 0.021484375 0.0166015625
0 0.1875 0.4677734375 0.0810546875 0.05859375
0 0.6435546875 0.4267578125 0.0439453125 0.025390625
0 0.1845703125 0.9423828125 0.236328125 0.115234375
1 0.8779296875 0.341796875 0.041015625 0.0498046875
0 0.326171875 0.404296875 0.021484375 0.013671875
1 0.3115234375 0.3544921875 0.013671875 0.01953125
0 0.23828125 0.4052734375 0.0263671875 0.033203125
1 0.71875 0.33203125 0.03125 0.046875
0 0.5927734375 0.4541015625 0.013671875 0.0302734375
0 0.1435546875 0.4638671875 0.03125 0.0224609375
1 0.044921875 0.4248046875 0.0419921875 0.0556640625
0 0.494140625 0.4306640625 0.0234375 0.0224609375
1 0.2568359375 0.3955078125 0.017578125 0.0419921875
0 0.3125 0.380859375 0.0126953125 0.044921875
0 0.5966796875 0.37109375 0.0185546875 0.025390625
0 0.869140625 0.3857421875 0.033203125 0.044921875
1 0.7041015625 0.3779296875 0.0263671875 0.02734375
1 0.298828125 0.3583984375 0.0185546875 0.0166015625
2 0.4580078125 0.955078125 0.025390625 0.0830078125
1 0.9873046875 0.4482421875 0.025390625 0.0693359375
1 0.208984375 0.357421875 0.0185546875 0.025390625
1 0.013671875 0.4169921875 0.02734375 0.068359375