2 0.833984375 0.923828125 0.166015625 0.080078125
1 0.267578125 0.75390625 0.3955078125 0.48046875
1 0.701171875 0.693359375 0.470703125 0.330078125
1 0.7119140625 0.4248046875 0.1201171875 0.18359375
1 0.4296875 0.4150390625 0.1064453125 0.1474609375
1 0.34765625 0.3427734375 0.0205078125 0.0361328125
1 0.431640625 0.3251953125 0.0185546875 0.033203125
1 0.5439453125 0.46484375 0.181640625 0.2138671875
1 0.73046875 0.31640625 0.013671875 0.0390625
1 0.1884765625 0.4287109375 0.123046875 0.197265625
1 0.486328125 0.365234375 0.044921875 0.1083984375
1 0.880859375 0.37890625 0.0498046875 0.052734375
1 0.275390625 0.3486328125 0.025390625 0.0419921875
1 0.296875 0.3427734375 0.0283203125 0.046875
1 0.943359375 0.44140625 0.1123046875 0.244140625
1 0.216796875 0.3544921875 0.0263671875 0.0419921875
1 0.2421875 0.390625 0.0341796875 0.0634765625
1 0.6435546875 0.3193359375 0.0126953125 0.02734375
0 0.23046875 0.904296875 0.1484375 0.091796875
1 0.609375 0.345703125 0.041015625 0.0751953125
1 0.0732421875 0.509765625 0.1376953125 0.2587890625
1 0.837890625 0.3154296875 0.0185546875 0.0419921875
1 0.580078125 0.3291015625 0.0341796875 0.0634765625
1 0.7802734375 0.345703125 0.0517578125 0.091796875
1 0.6630859375 0.3095703125 0.0205078125 0.0302734375
1 0.3671875 0.35546875 0.021484375 0.044921875
0 0.470703125 0.48046875 0.041015625 0.0390625
1 0.912109375 0.35546875 0.037109375 0.0556640625
1 0.517578125 0.3388671875 0.03125 0.0615234375
1 0.9853515625 0.345703125 0.029296875 0.05859375
0 0.4384765625 0.6083984375 0.0546875 0.0390625
0 0.87890625 0.5927734375 0.0986328125 0.052734375
1 0.9658203125 0.7060546875 0.068359375 0.259765625
1 0.701171875 0.3349609375 0.0419921875 0.0693359375
0 0.404296875 0.427734375 0.0283203125 0.0224609375
0 0.943359375 0.5791015625 0.0751953125 0.0302734375
0 0.380859375 0.580078125 0.0439453125 0.033203125
1 0.494140625 0.3359375 0.0126953125 0.02734375
1 0.462890625 0.298828125 0.0234375 0.0302734375
0 0.498046875 0.5888671875 0.0283203125 0.02734375
0 0.7001953125 0.4794921875 0.0439453125 0.0302734375
1 0.544921875 0.349609375 0.013671875 0.044921875
0 0.607421875 0.5654296875 0.0732421875 0.0419921875
0 0.349609375 0.37890625 0.0234375 0.025390625
0 0.32421875 0.404296875 0.0263671875 0.013671875
0 0.54296875 0.56640625 0.064453125 0.033203125
0 0.642578125 0.4208984375 0.0419921875 0.025390625
1 0.4482421875 0.3388671875 0.0185546875 0.033203125
0 0.466796875 0.3916015625 0.0263671875 0.0224609375
1 0.0537109375 0.3984375 0.044921875 0.05859375
1 0.7880859375 0.318359375 0.017578125 0.025390625
0 0.486328125 0.4287109375 0.029296875 0.01953125
0 0.0087890625 0.505859375 0.017578125 0.02734375
0 0.8818359375 0.5634765625 0.060546875 0.0224609375
0 0.7978515625 0.369140625 0.0205078125 0.0166015625
0 0.6103515625 0.3818359375 0.017578125 0.025390625
0 0.423828125 0.4677734375 0.021484375 0.01953125
0 0.3125 0.3740234375 0.0185546875 0.01953125
1 0.775390625 0.3154296875 0.0126953125 0.025390625
0 0.853515625 0.3583984375 0.015625 0.0166015625
0 0.8193359375 0.365234375 0.0234375 0.01953125
1 0.880859375 0.337890625 0.037109375 0.0419921875
0 0.9619140625 0.3486328125 0.0205078125 0.01953125
1 0.837890625 0.3525390625 0.0185546875 0.02734375
0 0.220703125 0.37890625 0.0126953125 0.0302734375
1 0.32421875 0.34765625 0.029296875 0.0556640625
1 0.03125 0.4287109375 0.025390625 0.0361328125
0 0.9384765625 0.3818359375 0.017578125 0.046875