2 0.8056640625 0.8623046875 0.154296875 0.0751953125
1 0.2626953125 0.658203125 0.3623046875 0.466796875
1 0.6435546875 0.640625 0.400390625 0.34765625
1 0.8349609375 0.4365234375 0.2080078125 0.244140625
1 0.5361328125 0.44140625 0.1748046875 0.2109375
1 0.5517578125 0.3291015625 0.0341796875 0.0419921875
1 0.80078125 0.3056640625 0.060546875 0.078125
1 0.6982421875 0.3857421875 0.115234375 0.14453125
1 0.2109375 0.3759765625 0.1064453125 0.1357421875
1 0.4384765625 0.3251953125 0.029296875 0.044921875
1 0.716796875 0.29296875 0.0205078125 0.0419921875
1 0.380859375 0.453125 0.1064453125 0.1611328125
1 0.462890625 0.328125 0.0263671875 0.0498046875
1 0.693359375 0.3115234375 0.025390625 0.0556640625
1 0.0849609375 0.4609375 0.1669921875 0.2333984375
1 0.3125 0.302734375 0.0185546875 0.02734375
1 0.48828125 0.318359375 0.013671875 0.0302734375
1 0.591796875 0.31640625 0.044921875 0.078125
1 0.9814453125 0.2919921875 0.0185546875 0.033203125
1 0.0751953125 0.3623046875 0.037109375 0.0419921875
1 0.7568359375 0.2802734375 0.0263671875 0.0390625
0 0.880859375 0.5498046875 0.1201171875 0.0556640625
1 0.8779296875 0.296875 0.037109375 0.0556640625
1 0.904296875 0.318359375 0.0283203125 0.0693359375
1 0.32421875 0.3359375 0.0517578125 0.0947265625
1 0.5126953125 0.3037109375 0.03125 0.046875
1 0.2724609375 0.3427734375 0.048828125 0.091796875
0 0.412109375 0.400390625 0.0185546875 0.033203125
0 0.681640625 0.4443359375 0.0439453125 0.0224609375
0 0.443359375 0.568359375 0.0498046875 0.0361328125
1 0.9541015625 0.330078125 0.0576171875 0.072265625
0 0.388671875 0.5400390625 0.0576171875 0.0361328125
0 0.4755859375 0.451171875 0.0419921875 0.0361328125
1 0.2919921875 0.3232421875 0.015625 0.01953125
1 0.21875 0.33203125 0.025390625 0.025390625
1 0.40625 0.359375 0.03125 0.05859375
0 0.1884765625 0.427734375 0.0361328125 0.0224609375
0 0.4248046875 0.419921875 0.03125 0.033203125
0 0.94921875 0.529296875 0.0361328125 0.025390625
0 0.525390625 0.5302734375 0.091796875 0.0498046875
0 0.3779296875 0.8955078125 0.1533203125 0.2080078125
0 0.359375 0.3486328125 0.021484375 0.01953125
0 0.755859375 0.41015625 0.0263671875 0.0302734375
1 0.625 0.31640625 0.0185546875 0.033203125
0 0.609375 0.35546875 0.0185546875 0.0224609375
0 0.580078125 0.3515625 0.0234375 0.013671875
0 0.775390625 0.3544921875 0.0234375 0.0361328125
0 0.2626953125 0.390625 0.0185546875 0.013671875
0 0.48828125 0.3974609375 0.029296875 0.0166015625
1 0.162109375 0.3876953125 0.0185546875 0.0302734375
1 0.6435546875 0.2919921875 0.0185546875 0.033203125
0 0.2939453125 0.3984375 0.037109375 0.01953125
1 0.5068359375 0.365234375 0.029296875 0.046875
1 0.5302734375 0.3349609375 0.013671875 0.0302734375
1 0.935546875 0.6318359375 0.1279296875 0.30859375
0 0.1552734375 0.4306640625 0.017578125 0.0166015625
0 0.826171875 0.3330078125 0.017578125 0.0224609375
0 0.5732421875 0.52734375 0.0185546875 0.0166015625
2 0.2294921875 0.8740234375 0.046875 0.0419921875
1 0.69921875 0.3427734375 0.029296875 0.0302734375
1 0.7666015625 0.3056640625 0.017578125 0.033203125
0 0.6005859375 0.37890625 0.029296875 0.0419921875
2 0.6435546875 0.767578125 0.0751953125 0.01953125
0 0.6357421875 0.4208984375 0.037109375 0.0634765625
1 0.244140625 0.35546875 0.013671875 0.02734375
1 0.0224609375 0.48046875 0.0419921875 0.0615234375