2 0.806640625 0.859375 0.15625 0.080078125
1 0.666015625 0.6318359375 0.3984375 0.34765625
1 0.375 0.455078125 0.1435546875 0.18359375
1 0.712890625 0.2900390625 0.0205078125 0.0302734375
1 0.240234375 0.716796875 0.443359375 0.5556640625
1 0.701171875 0.37890625 0.1298828125 0.1640625
1 0.44140625 0.3095703125 0.017578125 0.01953125
1 0.55078125 0.4443359375 0.185546875 0.18359375
1 0.505859375 0.3486328125 0.0625 0.119140625
1 0.818359375 0.4482421875 0.15625 0.23046875
1 0.25 0.318359375 0.025390625 0.0302734375
1 0.96875 0.29296875 0.0185546875 0.0302734375
1 0.75 0.2958984375 0.0439453125 0.0859375
1 0.212890625 0.3818359375 0.1201171875 0.1640625
1 0.9599609375 0.318359375 0.076171875 0.0859375
1 0.466796875 0.330078125 0.03125 0.072265625
1 0.6123046875 0.318359375 0.068359375 0.091796875
1 0.8681640625 0.275390625 0.0234375 0.044921875
1 0.0810546875 0.4541015625 0.162109375 0.2080078125
1 0.2939453125 0.3115234375 0.0185546875 0.033203125
1 0.9326171875 0.4306640625 0.130859375 0.1884765625
1 0.42578125 0.33984375 0.060546875 0.0859375
1 0.630859375 0.2919921875 0.013671875 0.033203125
1 0.58203125 0.29296875 0.013671875 0.025390625
1 0.548828125 0.3388671875 0.0361328125 0.072265625
1 0.3251953125 0.33984375 0.0439453125 0.0693359375
1 0.2568359375 0.3642578125 0.0361328125 0.0498046875
1 0.375 0.3291015625 0.0185546875 0.0302734375
1 0.599609375 0.294921875 0.013671875 0.033203125
1 0.361328125 0.3125 0.017578125 0.0302734375
0 0.244140625 0.9248046875 0.1328125 0.150390625
1 0.806640625 0.2958984375 0.025390625 0.0419921875
0 0.9169921875 0.5322265625 0.0966796875 0.0419921875
0 0.443359375 0.568359375 0.0498046875 0.0361328125
0 0.525390625 0.54296875 0.0888671875 0.0361328125
1 0.884765625 0.330078125 0.046875 0.0830078125
1 0.5107421875 0.2802734375 0.0126953125 0.0224609375
0 0.412109375 0.392578125 0.025390625 0.01953125
0 0.392578125 0.5458984375 0.0517578125 0.025390625
1 0.84375 0.318359375 0.0498046875 0.080078125
0 0.4560546875 0.4482421875 0.056640625 0.0302734375
0 0.701171875 0.44140625 0.0517578125 0.033203125
1 0.2880859375 0.3662109375 0.0361328125 0.0556640625
0 0.931640625 0.359375 0.029296875 0.0302734375
0 0.7392578125 0.41015625 0.0439453125 0.0419921875
0 0.162109375 0.427734375 0.025390625 0.0224609375
1 0.6552734375 0.298828125 0.017578125 0.0302734375
0 0.361328125 0.3525390625 0.0185546875 0.0224609375
1 0.779296875 0.30859375 0.0341796875 0.0498046875
0 0.322265625 0.51953125 0.0205078125 0.0166015625
1 0.2744140625 0.3388671875 0.017578125 0.033203125
0 0.587890625 0.3486328125 0.0185546875 0.01953125
0 0.3037109375 0.39453125 0.0234375 0.0166015625
0 0.4921875 0.4052734375 0.0185546875 0.0166015625
0 0.431640625 0.4287109375 0.0185546875 0.013671875
0 0.591796875 0.529296875 0.0234375 0.01953125
0 0.6064453125 0.35546875 0.0126953125 0.0224609375
0 0.6318359375 0.390625 0.033203125 0.0302734375
1 0.9423828125 0.6318359375 0.1123046875 0.302734375
2 0.837890625 0.5634765625 0.0517578125 0.0224609375
1 0.154296875 0.392578125 0.015625 0.01953125
0 0.603515625 0.37890625 0.029296875 0.052734375
0 0.36328125 0.259765625 0.0234375 0.01953125