2 0.83203125 0.9248046875 0.1669921875 0.0830078125
1 0.2626953125 0.7431640625 0.4189453125 0.4365234375
1 0.361328125 0.4931640625 0.138671875 0.158203125
1 0.662109375 0.568359375 0.3935546875 0.5859375
1 0.275390625 0.3388671875 0.025390625 0.0390625
1 0.310546875 0.37109375 0.0703125 0.125
1 0.5048828125 0.380859375 0.068359375 0.1220703125
1 0.185546875 0.443359375 0.123046875 0.1865234375
1 0.4990234375 0.3193359375 0.013671875 0.0224609375
1 0.3056640625 0.318359375 0.017578125 0.01953125
1 0.9423828125 0.427734375 0.115234375 0.283203125
1 0.8154296875 0.341796875 0.0751953125 0.10546875
1 0.25 0.3857421875 0.0439453125 0.06640625
1 0.673828125 0.3779296875 0.0419921875 0.0947265625
1 0.8818359375 0.3291015625 0.0546875 0.0693359375
1 0.080078125 0.50390625 0.158203125 0.2587890625
1 0.712890625 0.33984375 0.0498046875 0.0859375
1 0.4287109375 0.369140625 0.0888671875 0.0947265625
1 0.7685546875 0.3134765625 0.037109375 0.0615234375
0 0.869140625 0.5859375 0.1142578125 0.06640625
1 0.341796875 0.3291015625 0.013671875 0.025390625
0 0.4384765625 0.607421875 0.0546875 0.0419921875
0 0.4169921875 0.451171875 0.021484375 0.0361328125
1 0.7080078125 0.3291015625 0.015625 0.025390625
1 0.9619140625 0.697265625 0.076171875 0.28125
0 0.4072265625 0.4248046875 0.0234375 0.0166015625
0 0.943359375 0.5791015625 0.0751953125 0.0302734375
0 0.361328125 0.9248046875 0.150390625 0.14453125
0 0.3798828125 0.576171875 0.0595703125 0.0361328125
1 0.0751953125 0.4052734375 0.0439453125 0.06640625
1 0.4619140625 0.34765625 0.0205078125 0.033203125
1 0.017578125 0.4521484375 0.03515625 0.111328125
1 0.66015625 0.3125 0.0205078125 0.0419921875
1 0.357421875 0.3427734375 0.033203125 0.052734375
0 0.4697265625 0.4794921875 0.033203125 0.0419921875
0 0.4931640625 0.4306640625 0.0263671875 0.0166015625
1 0.6376953125 0.25390625 0.0185546875 0.013671875
0 0.798828125 0.37109375 0.0205078125 0.013671875
0 0.2919921875 0.4306640625 0.025390625 0.0166015625
0 0.7119140625 0.4794921875 0.0419921875 0.0302734375
0 0.30078125 0.4970703125 0.0205078125 0.033203125
0 0.462890625 0.3818359375 0.025390625 0.025390625
2 0.6982421875 0.455078125 0.021484375 0.033203125
2 0.345703125 0.4482421875 0.021484375 0.0302734375
0 0.775390625 0.841796875 0.0810546875 0.033203125
1 0.517578125 0.3125 0.025390625 0.0302734375
0 0.435546875 0.470703125 0.0419921875 0.025390625
0 0.8544921875 0.35546875 0.015625 0.0224609375
0 0.32421875 0.404296875 0.0234375 0.013671875
0 0.7705078125 0.380859375 0.015625 0.0498046875
0 0.2265625 0.3857421875 0.0126953125 0.033203125
0 0.380859375 0.404296875 0.0126953125 0.025390625
1 0.53125 0.341796875 0.0185546875 0.0390625
0 0.306640625 0.37890625 0.0126953125 0.0419921875