2 0.8349609375 0.927734375 0.1640625 0.0830078125
1 0.6728515625 0.6416015625 0.4296875 0.4384765625
1 0.4931640625 0.3193359375 0.013671875 0.02734375
1 0.23828125 0.7705078125 0.404296875 0.44140625
1 0.4619140625 0.3427734375 0.0517578125 0.080078125
1 0.3720703125 0.4775390625 0.15625 0.1943359375
1 0.6689453125 0.318359375 0.0185546875 0.0302734375
1 0.5546875 0.46484375 0.130859375 0.1806640625
1 0.3037109375 0.359375 0.048828125 0.080078125
1 0.556640625 0.361328125 0.033203125 0.033203125
1 0.416015625 0.3720703125 0.060546875 0.10546875
1 0.849609375 0.3662109375 0.0439453125 0.0498046875
1 0.1943359375 0.455078125 0.123046875 0.2275390625
1 0.947265625 0.447265625 0.1044921875 0.2333984375
1 0.58203125 0.330078125 0.033203125 0.06640625
1 0.275390625 0.341796875 0.0185546875 0.033203125
1 0.6484375 0.31640625 0.0185546875 0.033203125
1 0.0751953125 0.515625 0.150390625 0.2587890625
1 0.2294921875 0.3447265625 0.041015625 0.072265625
1 0.1884765625 0.3544921875 0.029296875 0.0419921875
1 0.349609375 0.35546875 0.0498046875 0.078125
1 0.8115234375 0.3349609375 0.0673828125 0.080078125
1 0.7041015625 0.3857421875 0.0888671875 0.10546875
1 0.724609375 0.318359375 0.0390625 0.0634765625
1 0.892578125 0.328125 0.0546875 0.06640625
0 0.880859375 0.599609375 0.1748046875 0.0830078125
0 0.3837890625 0.9423828125 0.099609375 0.115234375
0 0.478515625 0.4833984375 0.044921875 0.0390625
1 0.7626953125 0.3193359375 0.0439453125 0.0615234375
0 0.4072265625 0.4375 0.0263671875 0.0302734375
1 0.9306640625 0.3447265625 0.0263671875 0.0498046875
1 0.607421875 0.3232421875 0.0205078125 0.0419921875
1 0.025390625 0.40234375 0.0498046875 0.06640625
0 0.439453125 0.611328125 0.052734375 0.044921875
1 0.9794921875 0.365234375 0.041015625 0.05859375
0 0.48828125 0.4287109375 0.0263671875 0.01953125
0 0.529296875 0.5751953125 0.1123046875 0.0556640625
0 0.3642578125 0.576171875 0.1123046875 0.052734375
1 0.892578125 0.380859375 0.044921875 0.0498046875
1 0.263671875 0.3916015625 0.0263671875 0.0390625
0 0.2939453125 0.5732421875 0.0498046875 0.0419921875
1 0.5 0.3740234375 0.0498046875 0.1083984375
0 0.462890625 0.390625 0.0390625 0.025390625
0 0.7939453125 0.37890625 0.025390625 0.013671875
1 0.599609375 0.3740234375 0.0205078125 0.0302734375
0 0.30078125 0.5029296875 0.0205078125 0.02734375
0 0.0380859375 0.5458984375 0.076171875 0.046875
0 0.64453125 0.4248046875 0.033203125 0.0166015625
0 0.28125 0.4287109375 0.0439453125 0.025390625
0 0.3251953125 0.404296875 0.025390625 0.01953125
0 0.607421875 0.39453125 0.017578125 0.0224609375
0 0.2314453125 0.400390625 0.0185546875 0.033203125
0 0.591796875 0.4541015625 0.0185546875 0.0302734375
0 0.955078125 0.349609375 0.029296875 0.0166015625
0 0.619140625 0.490234375 0.03125 0.0419921875
1 0.537109375 0.3544921875 0.013671875 0.025390625
1 0.34375 0.3388671875 0.0126953125 0.0224609375
0 0.90625 0.447265625 0.0126953125 0.0166015625
1 0.8447265625 0.3037109375 0.0107421875 0.013671875
1 0.486328125 0.3525390625 0.0126953125 0.0224609375
2 0.017578125 0.9501953125 0.03515625 0.099609375
0 0.9189453125 0.4111328125 0.03125 0.0166015625
1 0.630859375 0.3642578125 0.0185546875 0.02734375