2 0.8056640625 0.8623046875 0.1513671875 0.0751953125
1 0.255859375 0.73046875 0.412109375 0.47265625
1 0.662109375 0.634765625 0.404296875 0.330078125
1 0.830078125 0.451171875 0.228515625 0.2138671875
1 0.7060546875 0.3837890625 0.1123046875 0.1611328125
1 0.373046875 0.455078125 0.1298828125 0.1552734375
1 0.6611328125 0.2900390625 0.0185546875 0.0302734375
1 0.4501953125 0.3818359375 0.0751953125 0.125
1 0.087890625 0.4677734375 0.1640625 0.236328125
1 0.1875 0.330078125 0.037109375 0.0498046875
1 0.4619140625 0.322265625 0.029296875 0.0556640625
1 0.212890625 0.4169921875 0.119140625 0.177734375
1 0.3310546875 0.3359375 0.056640625 0.0830078125
1 0.599609375 0.318359375 0.0419921875 0.0751953125
1 0.8017578125 0.3095703125 0.0595703125 0.080078125
1 0.744140625 0.279296875 0.0234375 0.0361328125
1 0.4990234375 0.3056640625 0.017578125 0.033203125
1 0.724609375 0.306640625 0.025390625 0.0361328125
1 0.869140625 0.318359375 0.0625 0.1025390625
0 0.375 0.5302734375 0.068359375 0.0498046875
1 0.6318359375 0.2919921875 0.013671875 0.02734375
1 0.21875 0.34765625 0.037109375 0.0556640625
1 0.529296875 0.3447265625 0.072265625 0.1279296875
0 0.841796875 0.5537109375 0.0625 0.0419921875
1 0.35546875 0.3095703125 0.017578125 0.0302734375
1 0.673828125 0.3056640625 0.013671875 0.0166015625
1 0.9375 0.611328125 0.119140625 0.3447265625
0 0.5361328125 0.5302734375 0.109375 0.0556640625
0 0.4228515625 0.419921875 0.0263671875 0.033203125
0 0.412109375 0.392578125 0.025390625 0.01953125
1 0.9873046875 0.3232421875 0.025390625 0.0693359375
1 0.951171875 0.330078125 0.0595703125 0.0615234375
0 0.443359375 0.568359375 0.0546875 0.0361328125
1 0.3056640625 0.322265625 0.0107421875 0.0166015625
1 0.7685546875 0.3359375 0.03125 0.06640625
0 0.357421875 0.34765625 0.0205078125 0.0166015625
0 0.681640625 0.44140625 0.048828125 0.02734375
0 0.48828125 0.3955078125 0.0205078125 0.025390625
1 0.65625 0.3427734375 0.03125 0.052734375
0 0.576171875 0.3515625 0.0185546875 0.013671875
0 0.4736328125 0.451171875 0.03125 0.0361328125
1 0.81640625 0.3037109375 0.017578125 0.025390625
0 0.955078125 0.529296875 0.033203125 0.025390625
0 0.63671875 0.3916015625 0.033203125 0.0224609375
0 0.013671875 0.478515625 0.02734375 0.046875
0 0.4716796875 0.361328125 0.0185546875 0.0166015625
1 0.619140625 0.3291015625 0.0185546875 0.0302734375
1 0.599609375 0.3095703125 0.0126953125 0.01953125
0 0.5810546875 0.427734375 0.025390625 0.0390625
0 0.78125 0.3447265625 0.0185546875 0.0107421875
0 0.603515625 0.35546875 0.0205078125 0.0224609375
1 0.5810546875 0.3759765625 0.03125 0.052734375
0 0.443359375 0.44140625 0.033203125 0.0166015625
0 0.892578125 0.3720703125 0.029296875 0.0166015625
0 0.248046875 0.3837890625 0.015625 0.0166015625
0 0.3134765625 0.46484375 0.0234375 0.0302734375
0 0.6005859375 0.443359375 0.0234375 0.01953125
2 0.7978515625 0.337890625 0.017578125 0.01953125
0 0.2802734375 0.392578125 0.0361328125 0.0302734375
1 0.3759765625 0.3427734375 0.0205078125 0.052734375
1 0.693359375 0.341796875 0.0185546875 0.0166015625