2 0.833984375 0.9248046875 0.166015625 0.0830078125
1 0.685546875 0.65234375 0.3935546875 0.4111328125
1 0.0732421875 0.6650390625 0.1435546875 0.591796875
1 0.392578125 0.47265625 0.1064453125 0.205078125
0 0.2119140625 0.9287109375 0.248046875 0.1357421875
1 0.91015625 0.3388671875 0.095703125 0.0888671875
1 0.162109375 0.392578125 0.0810546875 0.130859375
1 0.55078125 0.45703125 0.126953125 0.2080078125
1 0.4619140625 0.3525390625 0.044921875 0.0830078125
1 0.337890625 0.3544921875 0.0439453125 0.0693359375
1 0.763671875 0.31640625 0.048828125 0.0615234375
1 0.6357421875 0.341796875 0.0439453125 0.072265625
1 0.822265625 0.33203125 0.0732421875 0.0859375
1 0.728515625 0.3125 0.017578125 0.0302734375
1 0.7392578125 0.392578125 0.0908203125 0.1416015625
1 0.9482421875 0.453125 0.103515625 0.2333984375
1 0.5302734375 0.3427734375 0.0205078125 0.052734375
1 0.3056640625 0.328125 0.017578125 0.02734375
1 0.494140625 0.3330078125 0.0126953125 0.033203125
1 0.58203125 0.337890625 0.029296875 0.05859375
1 0.556640625 0.3662109375 0.03125 0.044921875
0 0.4794921875 0.4833984375 0.046875 0.0390625
0 0.923828125 0.578125 0.1142578125 0.0498046875
0 0.3798828125 0.9423828125 0.107421875 0.115234375
0 0.560546875 0.5322265625 0.0439453125 0.0361328125
1 0.0478515625 0.4111328125 0.0859375 0.0947265625
1 0.40625 0.3916015625 0.037109375 0.06640625
1 0.412109375 0.337890625 0.0439453125 0.05859375
1 0.509765625 0.326171875 0.029296875 0.046875
0 0.4384765625 0.607421875 0.0546875 0.0419921875
1 0.669921875 0.326171875 0.0205078125 0.0361328125
2 0.5341796875 0.591796875 0.046875 0.044921875
1 0.1865234375 0.369140625 0.0263671875 0.0390625
0 0.3291015625 0.404296875 0.0263671875 0.013671875
0 0.392578125 0.580078125 0.0234375 0.033203125
1 0.494140625 0.3759765625 0.0419921875 0.09765625
0 0.1806640625 0.4677734375 0.064453125 0.046875
0 0.8134765625 0.37890625 0.060546875 0.01953125
1 0.607421875 0.359375 0.017578125 0.0302734375
1 0.6064453125 0.328125 0.0185546875 0.02734375
0 0.767578125 0.44140625 0.029296875 0.02734375
1 0.83203125 0.3115234375 0.017578125 0.0224609375
0 0.412109375 0.4306640625 0.0185546875 0.0224609375
0 0.61328125 0.390625 0.0205078125 0.025390625
1 0.6787109375 0.375 0.029296875 0.0498046875
0 0.4482421875 0.4775390625 0.0283203125 0.0166015625
0 0.3447265625 0.40234375 0.0263671875 0.044921875
0 0.3955078125 0.552734375 0.041015625 0.033203125
1 0.654296875 0.3388671875 0.013671875 0.0224609375
0 0.482421875 0.431640625 0.0263671875 0.025390625
0 0.744140625 0.45703125 0.025390625 0.013671875
0 0.8544921875 0.357421875 0.0185546875 0.025390625
0 0.9267578125 0.4111328125 0.0341796875 0.033203125
1 0.5322265625 0.3984375 0.0234375 0.05859375
0 0.3642578125 0.3681640625 0.015625 0.025390625
0 0.5986328125 0.4931640625 0.015625 0.0302734375