2 0.8056640625 0.8623046875 0.1513671875 0.0751953125
1 0.6572265625 0.6416015625 0.4013671875 0.3388671875
1 0.275390625 0.7041015625 0.375 0.5859375
1 0.388671875 0.4443359375 0.123046875 0.1884765625
1 0.537109375 0.443359375 0.1513671875 0.169921875
1 0.205078125 0.3681640625 0.083984375 0.125
1 0.28515625 0.318359375 0.0234375 0.0419921875
1 0.7041015625 0.3740234375 0.123046875 0.169921875
1 0.8134765625 0.453125 0.173828125 0.216796875
1 0.4951171875 0.3056640625 0.015625 0.0390625
1 0.634765625 0.2919921875 0.015625 0.033203125
1 0.32421875 0.330078125 0.044921875 0.078125
1 0.96875 0.2919921875 0.0185546875 0.02734375
1 0.7939453125 0.318359375 0.068359375 0.091796875
1 0.931640625 0.4208984375 0.125 0.203125
1 0.2626953125 0.359375 0.037109375 0.0693359375
1 0.900390625 0.3212890625 0.0439453125 0.0859375
1 0.6181640625 0.318359375 0.064453125 0.091796875
1 0.0888671875 0.4794921875 0.177734375 0.2587890625
1 0.46875 0.31640625 0.025390625 0.0615234375
1 0.5810546875 0.298828125 0.0185546875 0.0302734375
1 0.435546875 0.3359375 0.025390625 0.044921875
0 0.544921875 0.5400390625 0.1171875 0.046875
1 0.25 0.322265625 0.025390625 0.033203125
1 0.5234375 0.30859375 0.025390625 0.0498046875
1 0.75390625 0.2822265625 0.0234375 0.0361328125
1 0.5478515625 0.34765625 0.0361328125 0.06640625
1 0.7119140625 0.3037109375 0.0419921875 0.0634765625
0 0.9091796875 0.5361328125 0.103515625 0.044921875
1 0.361328125 0.31640625 0.015625 0.02734375
0 0.443359375 0.568359375 0.0498046875 0.0361328125
0 0.474609375 0.4482421875 0.037109375 0.0419921875
1 0.4189453125 0.3681640625 0.03125 0.05859375
1 0.599609375 0.294921875 0.017578125 0.033203125
1 0.3759765625 0.3330078125 0.017578125 0.0390625
1 0.8798828125 0.2802734375 0.025390625 0.0390625
1 0.654296875 0.296875 0.0185546875 0.044921875
1 0.6875 0.3232421875 0.025390625 0.0419921875
1 0.486328125 0.35546875 0.0419921875 0.078125
1 0.853515625 0.31640625 0.0517578125 0.072265625
0 0.6787109375 0.455078125 0.0361328125 0.033203125
1 0.9814453125 0.31640625 0.03125 0.0390625
0 0.931640625 0.359375 0.025390625 0.0302734375
0 0.5810546875 0.345703125 0.0185546875 0.013671875
0 0.4921875 0.40234375 0.0185546875 0.0166015625
1 0.447265625 0.2919921875 0.017578125 0.0224609375
0 0.7548828125 0.4111328125 0.0283203125 0.033203125
0 0.4443359375 0.431640625 0.044921875 0.0361328125
1 0.4873046875 0.326171875 0.0126953125 0.025390625
0 0.3603515625 0.349609375 0.0205078125 0.0166015625
0 0.4697265625 0.359375 0.017578125 0.01953125
0 0.169921875 0.4140625 0.017578125 0.0224609375
1 0.9482421875 0.318359375 0.0439453125 0.0361328125
1 0.66015625 0.3544921875 0.0263671875 0.0361328125
0 0.7724609375 0.341796875 0.017578125 0.0166015625
1 0.0205078125 0.486328125 0.041015625 0.0556640625
0 0.3349609375 0.3720703125 0.0263671875 0.0166015625
1 0.3046875 0.3115234375 0.0126953125 0.0166015625
0 0.21875 0.4794921875 0.1064453125 0.130859375
0 0.6044921875 0.380859375 0.0283203125 0.0556640625