2 0.833984375 0.923828125 0.166015625 0.080078125
1 0.6796875 0.66796875 0.4501953125 0.380859375
1 0.873046875 0.4990234375 0.236328125 0.23046875
1 0.255859375 0.7138671875 0.3876953125 0.5615234375
1 0.3994140625 0.4912109375 0.1015625 0.171875
1 0.4990234375 0.326171875 0.013671875 0.025390625
1 0.544921875 0.4833984375 0.138671875 0.1611328125
1 0.708984375 0.41796875 0.130859375 0.15234375
1 0.4873046875 0.3447265625 0.025390625 0.0390625
1 0.275390625 0.3544921875 0.0185546875 0.0302734375
1 0.818359375 0.341796875 0.068359375 0.099609375
1 0.08203125 0.50390625 0.158203125 0.2587890625
1 0.7197265625 0.345703125 0.0263671875 0.05859375
1 0.1875 0.4052734375 0.1064453125 0.138671875
1 0.0478515625 0.390625 0.0419921875 0.046875
1 0.5068359375 0.37890625 0.0732421875 0.130859375
1 0.759765625 0.3251953125 0.0517578125 0.0947265625
1 0.4619140625 0.3427734375 0.0390625 0.0751953125
1 0.3642578125 0.3544921875 0.037109375 0.0751953125
1 0.314453125 0.365234375 0.072265625 0.1025390625
1 0.9326171875 0.3525390625 0.0595703125 0.099609375
1 0.599609375 0.3427734375 0.037109375 0.0693359375
1 0.634765625 0.3349609375 0.046875 0.080078125
0 0.4755859375 0.48046875 0.0419921875 0.0390625
1 0.8798828125 0.380859375 0.0498046875 0.0556640625
1 0.41796875 0.369140625 0.060546875 0.0888671875
1 0.576171875 0.349609375 0.025390625 0.044921875
0 0.4384765625 0.607421875 0.0546875 0.0419921875
1 0.6689453125 0.318359375 0.025390625 0.052734375
0 0.59375 0.5537109375 0.056640625 0.052734375
0 0.525390625 0.578125 0.0830078125 0.0556640625
0 0.4931640625 0.4287109375 0.029296875 0.01953125
0 0.40625 0.4375 0.03125 0.0419921875
1 0.6875 0.455078125 0.037109375 0.033203125
1 0.9873046875 0.326171875 0.025390625 0.0634765625
1 0.966796875 0.7109375 0.0654296875 0.244140625
0 0.3505859375 0.37890625 0.0205078125 0.01953125
0 0.4248046875 0.4638671875 0.025390625 0.0224609375
1 0.5615234375 0.390625 0.0361328125 0.0634765625
0 0.3037109375 0.3916015625 0.017578125 0.0224609375
0 0.7763671875 0.443359375 0.041015625 0.0361328125
0 0.462890625 0.3876953125 0.025390625 0.01953125
1 0.7001953125 0.3544921875 0.0185546875 0.0419921875
0 0.1376953125 0.46484375 0.0185546875 0.01953125
0 0.611328125 0.3916015625 0.03125 0.0166015625
1 0.6279296875 0.3681640625 0.021484375 0.0302734375
0 0.5869140625 0.45703125 0.029296875 0.0361328125
0 0.642578125 0.4248046875 0.037109375 0.0166015625
0 0.3232421875 0.404296875 0.0283203125 0.013671875
1 0.255859375 0.3818359375 0.025390625 0.0361328125
1 0.67578125 0.3623046875 0.029296875 0.0419921875
0 0.787109375 0.39453125 0.0185546875 0.0166015625
0 0.8486328125 0.365234375 0.03125 0.025390625
0 0.7998046875 0.37890625 0.0185546875 0.013671875
1 0.90625 0.341796875 0.025390625 0.033203125
2 0.611328125 0.4775390625 0.021484375 0.0224609375
0 0.3017578125 0.3681640625 0.0185546875 0.025390625
1 0.62890625 0.5029296875 0.0263671875 0.06640625
2 0.81640625 0.3681640625 0.013671875 0.01953125