2 0.8056640625 0.8623046875 0.1513671875 0.0751953125
1 0.654296875 0.6318359375 0.3857421875 0.34765625
1 0.2685546875 0.73046875 0.3623046875 0.5
1 0.3671875 0.451171875 0.140625 0.1640625
1 0.642578125 0.3642578125 0.0830078125 0.138671875
1 0.505859375 0.3544921875 0.0546875 0.1142578125
1 0.716796875 0.302734375 0.0234375 0.0498046875
1 0.537109375 0.4501953125 0.173828125 0.1669921875
1 0.4189453125 0.3544921875 0.0625 0.09765625
1 0.755859375 0.27734375 0.0263671875 0.02734375
1 0.337890625 0.33984375 0.0576171875 0.1025390625
1 0.7255859375 0.3525390625 0.0888671875 0.1552734375
1 0.2060546875 0.404296875 0.119140625 0.1865234375
1 0.2861328125 0.328125 0.021484375 0.0390625
1 0.244140625 0.337890625 0.025390625 0.0419921875
1 0.5 0.294921875 0.0126953125 0.02734375
1 0.884765625 0.3232421875 0.046875 0.091796875
1 0.8349609375 0.4365234375 0.205078125 0.3447265625
1 0.525390625 0.318359375 0.0185546875 0.0361328125
1 0.630859375 0.29296875 0.0185546875 0.025390625
1 0.0869140625 0.466796875 0.169921875 0.25
1 0.6943359375 0.3154296875 0.0263671875 0.046875
1 0.9443359375 0.341796875 0.1015625 0.1337890625
1 0.2861328125 0.3759765625 0.0625 0.125
1 0.076171875 0.3623046875 0.041015625 0.05859375
1 0.462890625 0.322265625 0.033203125 0.06640625
1 0.5810546875 0.31640625 0.03125 0.06640625
1 0.986328125 0.2919921875 0.021484375 0.0390625
1 0.3740234375 0.330078125 0.017578125 0.0390625
0 0.443359375 0.568359375 0.0498046875 0.0361328125
1 0.650390625 0.29296875 0.0185546875 0.0419921875
0 0.412109375 0.39453125 0.025390625 0.0224609375
1 0.599609375 0.3037109375 0.0185546875 0.0302734375
1 0.5498046875 0.341796875 0.037109375 0.06640625
0 0.423828125 0.419921875 0.0283203125 0.033203125
0 0.384765625 0.5302734375 0.0654296875 0.0556640625
1 0.9384765625 0.658203125 0.1201171875 0.25
1 0.9814453125 0.4140625 0.037109375 0.11328125
1 0.787109375 0.3154296875 0.029296875 0.0634765625
0 0.6943359375 0.44140625 0.060546875 0.044921875
1 0.3115234375 0.3193359375 0.013671875 0.0224609375
0 0.4755859375 0.451171875 0.0419921875 0.0361328125
0 0.1875 0.4248046875 0.03125 0.0166015625
0 0.3037109375 0.39453125 0.0234375 0.0166015625
1 0.166015625 0.3916015625 0.021484375 0.02734375
0 0.6064453125 0.3544921875 0.0185546875 0.025390625
2 0.39453125 0.9736328125 0.0361328125 0.0419921875
1 0.583984375 0.380859375 0.037109375 0.0556640625
0 0.041015625 0.4677734375 0.072265625 0.0361328125
0 0.5810546875 0.4169921875 0.0185546875 0.0224609375
0 0.638671875 0.392578125 0.025390625 0.01953125
0 0.1533203125 0.4306640625 0.015625 0.0166015625
1 0.513671875 0.2900390625 0.021484375 0.0361328125
0 0.4970703125 0.400390625 0.021484375 0.0166015625
0 0.212890625 0.3427734375 0.025390625 0.01953125
0 0.513671875 0.525390625 0.0732421875 0.033203125
0 0.96875 0.52734375 0.0498046875 0.0224609375
1 0.6162109375 0.3291015625 0.013671875 0.0302734375
0 0.8876953125 0.37890625 0.037109375 0.01953125
0 0.447265625 0.44140625 0.0283203125 0.0166015625
0 0.3603515625 0.34765625 0.0205078125 0.033203125
2 0.8564453125 0.5029296875 0.03125 0.02734375
0 0.53125 0.5400390625 0.0185546875 0.013671875
1 0.34375 0.3984375 0.0126953125 0.0302734375
0 0.8623046875 0.3955078125 0.037109375 0.0361328125