0 0.83203125 0.923828125 0.1640625 0.080078125
1 0.67578125 0.6240234375 0.4013671875 0.4580078125
1 0.232421875 0.759765625 0.4453125 0.4697265625
1 0.4931640625 0.3427734375 0.0205078125 0.0419921875
1 0.2783203125 0.35546875 0.025390625 0.0390625
1 0.3603515625 0.482421875 0.1611328125 0.197265625
1 0.228515625 0.35546875 0.0234375 0.033203125
1 0.0595703125 0.4677734375 0.1123046875 0.1806640625
1 0.5419921875 0.4482421875 0.103515625 0.1806640625
1 0.1806640625 0.357421875 0.0263671875 0.0361328125
1 0.9716796875 0.421875 0.056640625 0.205078125
1 0.1875 0.4375 0.130859375 0.2080078125
1 0.4619140625 0.33984375 0.0517578125 0.091796875
1 0.8203125 0.359375 0.068359375 0.130859375
1 0.7373046875 0.39453125 0.09375 0.1337890625
1 0.349609375 0.330078125 0.0205078125 0.033203125
1 0.904296875 0.3544921875 0.0546875 0.1025390625
1 0.666015625 0.3232421875 0.0361328125 0.05859375
1 0.6748046875 0.380859375 0.03125 0.044921875
1 0.5859375 0.3349609375 0.041015625 0.080078125
1 0.30078125 0.341796875 0.0234375 0.0390625
1 0.435546875 0.3525390625 0.021484375 0.044921875
1 0.8349609375 0.306640625 0.0205078125 0.0302734375
0 0.4189453125 0.451171875 0.025390625 0.0361328125
1 0.642578125 0.3193359375 0.0185546875 0.0390625
0 0.4384765625 0.607421875 0.0546875 0.0419921875
2 0.525390625 0.591796875 0.0419921875 0.044921875
0 0.4716796875 0.4833984375 0.0625 0.0390625
1 0.53515625 0.341796875 0.017578125 0.033203125
1 0.5126953125 0.3544921875 0.037109375 0.091796875
0 0.38671875 0.580078125 0.076171875 0.044921875
1 0.7685546875 0.31640625 0.03125 0.0556640625
1 0.36328125 0.3515625 0.0205078125 0.0361328125
1 0.69921875 0.3515625 0.0263671875 0.046875
1 0.95703125 0.6865234375 0.080078125 0.3056640625
0 0.494140625 0.4306640625 0.0185546875 0.0166015625
1 0.724609375 0.3388671875 0.025390625 0.0390625
0 0.349609375 0.37890625 0.0234375 0.025390625
0 0.2001953125 0.369140625 0.0185546875 0.0166015625
0 0.7763671875 0.44140625 0.0439453125 0.0390625
0 0.291015625 0.4287109375 0.0185546875 0.013671875
0 0.2001953125 0.490234375 0.0498046875 0.025390625
0 0.609375 0.390625 0.037109375 0.01953125
0 0.462890625 0.37890625 0.0185546875 0.025390625
0 0.0380859375 0.595703125 0.076171875 0.0634765625
0 0.2998046875 0.3681640625 0.025390625 0.0302734375
0 0.185546875 0.455078125 0.0703125 0.033203125
0 0.50390625 0.48046875 0.013671875 0.02734375
0 0.32421875 0.4052734375 0.0263671875 0.0166015625
0 0.291015625 0.5595703125 0.052734375 0.01953125
1 0.419921875 0.3349609375 0.013671875 0.0302734375
0 0.123046875 0.4150390625 0.021484375 0.046875
1 0.3154296875 0.3544921875 0.0126953125 0.01953125
1 0.5693359375 0.3544921875 0.0107421875 0.025390625
0 0.34765625 0.404296875 0.033203125 0.052734375
0 0.78515625 0.392578125 0.013671875 0.01953125
1 0.8955078125 0.337890625 0.0185546875 0.0302734375
2 0.880859375 0.62109375 0.0263671875 0.013671875