2 0.8349609375 0.927734375 0.1640625 0.0830078125
1 0.734375 0.31640625 0.0185546875 0.033203125
1 0.677734375 0.3193359375 0.021484375 0.033203125
1 0.8642578125 0.4990234375 0.234375 0.2412109375
1 0.6826171875 0.6787109375 0.4501953125 0.330078125
1 0.2470703125 0.75390625 0.4375 0.474609375
1 0.7177734375 0.4111328125 0.1298828125 0.1552734375
1 0.376953125 0.48046875 0.150390625 0.1884765625
1 0.767578125 0.3193359375 0.0419921875 0.072265625
1 0.4560546875 0.341796875 0.056640625 0.0888671875
1 0.275390625 0.3388671875 0.025390625 0.0390625
1 0.525390625 0.3427734375 0.025390625 0.05859375
1 0.068359375 0.505859375 0.1328125 0.255859375
1 0.19140625 0.44140625 0.1357421875 0.1943359375
1 0.212890625 0.35546875 0.0263671875 0.033203125
1 0.5927734375 0.3388671875 0.0419921875 0.072265625
1 0.361328125 0.3525390625 0.0390625 0.0615234375
1 0.1728515625 0.361328125 0.0361328125 0.0556640625
1 0.88671875 0.3720703125 0.0546875 0.044921875
1 0.291015625 0.4287109375 0.0810546875 0.1640625
1 0.716796875 0.3447265625 0.033203125 0.0615234375
1 0.8154296875 0.3388671875 0.072265625 0.099609375
1 0.5478515625 0.453125 0.1669921875 0.22265625
0 0.31640625 0.9580078125 0.1826171875 0.0830078125
1 0.6298828125 0.3291015625 0.041015625 0.0634765625
1 0.94140625 0.349609375 0.0576171875 0.0830078125
0 0.4755859375 0.4794921875 0.0390625 0.0419921875
1 0.685546875 0.3447265625 0.015625 0.033203125
1 0.041015625 0.404296875 0.0439453125 0.05859375
0 0.375 0.578125 0.0625 0.0390625
1 0.984375 0.3291015625 0.03125 0.0751953125
0 0.4111328125 0.443359375 0.025390625 0.0419921875
0 0.439453125 0.6083984375 0.052734375 0.0390625
0 0.880859375 0.611328125 0.068359375 0.044921875
0 0.537109375 0.5791015625 0.125 0.0693359375
0 0.697265625 0.48046875 0.0498046875 0.02734375
0 0.498046875 0.427734375 0.0283203125 0.0224609375
1 0.853515625 0.3447265625 0.0234375 0.0390625
1 0.8994140625 0.3232421875 0.0263671875 0.0419921875
0 0.330078125 0.404296875 0.021484375 0.013671875
1 0.326171875 0.3544921875 0.0185546875 0.025390625
0 0.619140625 0.4873046875 0.03125 0.0419921875
0 0.775390625 0.44140625 0.037109375 0.0390625
0 0.9638671875 0.39453125 0.0341796875 0.033203125
1 0.662109375 0.357421875 0.03125 0.046875
1 0.8740234375 0.3359375 0.0205078125 0.044921875
0 0.6123046875 0.5634765625 0.0185546875 0.0224609375
1 0.2705078125 0.392578125 0.0283203125 0.0419921875
0 0.6484375 0.4287109375 0.0595703125 0.0361328125
2 0.7939453125 0.4306640625 0.0185546875 0.0224609375
0 0.798828125 0.380859375 0.021484375 0.0166015625
0 0.787109375 0.404296875 0.0205078125 0.01953125
0 0.30078125 0.505859375 0.0234375 0.044921875
0 0.119140625 0.46484375 0.0205078125 0.01953125
1 0.2978515625 0.3544921875 0.017578125 0.025390625
0 0.9091796875 0.5693359375 0.041015625 0.02734375
0 0.3134765625 0.37890625 0.0078125 0.0419921875
0 0.4619140625 0.380859375 0.0234375 0.02734375
0 0.451171875 0.4736328125 0.0234375 0.01953125
0 0.45703125 0.2919921875 0.017578125 0.0224609375
0 0.23046875 0.37890625 0.0234375 0.0302734375
0 0.4130859375 0.294921875 0.017578125 0.02734375
0 0.275390625 0.4248046875 0.037109375 0.033203125