2 0.833984375 0.927734375 0.166015625 0.0830078125
1 0.6474609375 0.62890625 0.357421875 0.453125
1 0.2685546875 0.75390625 0.412109375 0.4697265625
1 0.5009765625 0.3291015625 0.013671875 0.0361328125
1 0.3642578125 0.4912109375 0.1376953125 0.171875
1 0.447265625 0.4052734375 0.0908203125 0.14453125
1 0.767578125 0.3134765625 0.0439453125 0.078125
1 0.3505859375 0.341796875 0.0234375 0.0390625
1 0.1875 0.4384765625 0.125 0.2001953125
1 0.48828125 0.3486328125 0.0234375 0.0302734375
1 0.28125 0.3447265625 0.025390625 0.033203125
1 0.943359375 0.45703125 0.1123046875 0.224609375
1 0.318359375 0.369140625 0.068359375 0.1337890625
1 0.263671875 0.390625 0.060546875 0.0859375
1 0.080078125 0.5166015625 0.15625 0.27734375
1 0.7294921875 0.3974609375 0.072265625 0.1337890625
1 0.6572265625 0.3759765625 0.0888671875 0.1083984375
1 0.6572265625 0.330078125 0.0205078125 0.044921875
1 0.591796875 0.341796875 0.0390625 0.072265625
1 0.94140625 0.3486328125 0.0361328125 0.0693359375
0 0.525390625 0.5732421875 0.087890625 0.05859375
1 0.224609375 0.375 0.03125 0.0556640625
1 0.9052734375 0.3515625 0.048828125 0.09765625
1 0.826171875 0.3349609375 0.056640625 0.080078125
1 0.537109375 0.3681640625 0.076171875 0.119140625
1 0.98046875 0.3544921875 0.0390625 0.05859375
0 0.89453125 0.591796875 0.169921875 0.06640625
1 0.369140625 0.35546875 0.0185546875 0.044921875
0 0.3779296875 0.578125 0.0498046875 0.0390625
1 0.728515625 0.322265625 0.0283203125 0.044921875
0 0.4072265625 0.427734375 0.0205078125 0.0224609375
0 0.4169921875 0.451171875 0.021484375 0.0361328125
1 0.873046875 0.3349609375 0.021484375 0.0302734375
0 0.4384765625 0.609375 0.0546875 0.0419921875
0 0.494140625 0.4306640625 0.03125 0.0224609375
1 0.419921875 0.3330078125 0.0263671875 0.0498046875
1 0.59375 0.294921875 0.0126953125 0.0224609375
1 0.03125 0.3984375 0.056640625 0.0693359375
0 0.47265625 0.48046875 0.033203125 0.044921875
2 0.98046875 0.5693359375 0.0390625 0.0224609375
1 0.8427734375 0.591796875 0.1171875 0.505859375
1 0.0244140625 0.4599609375 0.048828125 0.080078125
0 0.29296875 0.4306640625 0.0234375 0.0166015625
0 0.32421875 0.40234375 0.029296875 0.0166015625
0 0.798828125 0.3759765625 0.0185546875 0.013671875
0 0.9130859375 0.4072265625 0.0263671875 0.013671875
0 0.462890625 0.3876953125 0.0205078125 0.01953125
0 0.4375 0.4677734375 0.0439453125 0.025390625
1 0.51953125 0.318359375 0.0205078125 0.0302734375
1 0.5185546875 0.3681640625 0.025390625 0.0361328125
0 0.7177734375 0.4775390625 0.0263671875 0.033203125
0 0.30078125 0.4970703125 0.0205078125 0.033203125
0 0.0302734375 0.5166015625 0.060546875 0.0615234375
2 0.0205078125 0.9443359375 0.041015625 0.0830078125
0 0.5849609375 0.4541015625 0.0205078125 0.0302734375
0 0.6064453125 0.40234375 0.025390625 0.033203125
0 0.58203125 0.380859375 0.013671875 0.0166015625
0 0.380859375 0.40234375 0.013671875 0.0224609375
0 0.6171875 0.3115234375 0.0185546875 0.033203125
1 0.7119140625 0.3486328125 0.013671875 0.0302734375
0 0.025390625 0.7412109375 0.037109375 0.0556640625