2 0.806640625 0.8623046875 0.150390625 0.0751953125
1 0.67578125 0.6318359375 0.419921875 0.3359375
1 0.83203125 0.419921875 0.201171875 0.2607421875
1 0.080078125 0.5556640625 0.1513671875 0.43359375
1 0.38671875 0.453125 0.126953125 0.18359375
1 0.537109375 0.443359375 0.1513671875 0.1640625
1 0.5009765625 0.302734375 0.013671875 0.02734375
1 0.7509765625 0.2919921875 0.048828125 0.072265625
1 0.716796875 0.294921875 0.021484375 0.0390625
1 0.6875 0.404296875 0.1123046875 0.1865234375
1 0.248046875 0.330078125 0.025390625 0.0390625
1 0.8818359375 0.2919921875 0.0263671875 0.033203125
1 0.1943359375 0.380859375 0.107421875 0.1337890625
1 0.634765625 0.298828125 0.017578125 0.0419921875
1 0.2841796875 0.3662109375 0.0751953125 0.10546875
1 0.806640625 0.2900390625 0.0205078125 0.0419921875
1 0.9677734375 0.2890625 0.017578125 0.02734375
1 0.48046875 0.341796875 0.0517578125 0.0947265625
1 0.6572265625 0.3056640625 0.0361328125 0.0556640625
1 0.2919921875 0.31640625 0.021484375 0.0390625
1 0.361328125 0.3193359375 0.029296875 0.0498046875
1 0.791015625 0.330078125 0.0517578125 0.0947265625
1 0.0751953125 0.357421875 0.037109375 0.052734375
1 0.974609375 0.37890625 0.0498046875 0.2080078125
1 0.69921875 0.31640625 0.0263671875 0.0556640625
0 0.1748046875 0.900390625 0.3125 0.1943359375
1 0.2724609375 0.330078125 0.017578125 0.0224609375
1 0.748046875 0.345703125 0.0283203125 0.0634765625
0 0.537109375 0.5390625 0.119140625 0.0498046875
1 0.9404296875 0.650390625 0.119140625 0.255859375
1 0.5419921875 0.341796875 0.0341796875 0.072265625
1 0.599609375 0.3037109375 0.0185546875 0.0302734375
1 0.580078125 0.31640625 0.0341796875 0.078125
1 0.029296875 0.4052734375 0.05859375 0.099609375
0 0.443359375 0.568359375 0.0517578125 0.0361328125
1 0.318359375 0.3134765625 0.0234375 0.0390625
1 0.6103515625 0.357421875 0.048828125 0.1416015625
1 0.4287109375 0.3427734375 0.0703125 0.091796875
0 0.369140625 0.9052734375 0.138671875 0.1884765625
1 0.337890625 0.341796875 0.03125 0.0556640625
0 0.4921875 0.4013671875 0.0341796875 0.025390625
0 0.474609375 0.453125 0.037109375 0.0390625
0 0.0556640625 0.455078125 0.0361328125 0.02734375
0 0.599609375 0.5205078125 0.0498046875 0.0361328125
2 0.3974609375 0.9736328125 0.0361328125 0.0419921875
0 0.4248046875 0.4169921875 0.025390625 0.0390625
0 0.4111328125 0.3955078125 0.025390625 0.025390625
0 0.3564453125 0.3486328125 0.025390625 0.01953125
0 0.642578125 0.39453125 0.025390625 0.0166015625
0 0.609375 0.35546875 0.021484375 0.0224609375
0 0.6748046875 0.451171875 0.037109375 0.0361328125
0 0.466796875 0.365234375 0.021484375 0.01953125
1 0.9716796875 0.318359375 0.0185546875 0.0361328125
0 0.966796875 0.3525390625 0.0283203125 0.0224609375
1 0.4921875 0.328125 0.015625 0.0224609375
0 0.580078125 0.3486328125 0.0126953125 0.0087890625
0 0.150390625 0.43359375 0.013671875 0.0166015625
0 0.318359375 0.3525390625 0.013671875 0.0390625
0 0.748046875 0.4052734375 0.029296875 0.0390625
0 0.7822265625 0.341796875 0.0234375 0.0166015625
1 0.029296875 0.4794921875 0.025390625 0.052734375
0 0.6943359375 0.4306640625 0.0390625 0.02734375
1 0.623046875 0.3251953125 0.0185546875 0.033203125