2 0.833984375 0.923828125 0.166015625 0.080078125
1 0.693359375 0.630859375 0.431640625 0.4443359375
1 0.068359375 0.6279296875 0.13671875 0.498046875
1 0.3046875 0.669921875 0.2626953125 0.427734375
1 0.2978515625 0.3349609375 0.013671875 0.0302734375
1 0.48828125 0.31640625 0.013671875 0.0224609375
1 0.53125 0.33984375 0.0185546875 0.0419921875
1 0.7412109375 0.322265625 0.0205078125 0.044921875
1 0.6416015625 0.318359375 0.017578125 0.0302734375
1 0.189453125 0.41796875 0.1123046875 0.1640625
1 0.71875 0.345703125 0.03125 0.0634765625
1 0.455078125 0.4248046875 0.0966796875 0.1162109375
1 0.5810546875 0.3291015625 0.0185546875 0.0361328125
1 0.599609375 0.400390625 0.0625 0.1337890625
1 0.66796875 0.3193359375 0.013671875 0.02734375
1 0.2265625 0.3681640625 0.0283203125 0.052734375
1 0.4912109375 0.3447265625 0.0263671875 0.0390625
1 0.462890625 0.345703125 0.0439453125 0.0634765625
1 0.767578125 0.3193359375 0.037109375 0.06640625
1 0.28125 0.3427734375 0.025390625 0.0302734375
1 0.28125 0.384765625 0.0810546875 0.1416015625
1 0.8154296875 0.33984375 0.068359375 0.1025390625
1 0.556640625 0.380859375 0.0439453125 0.06640625
1 0.900390625 0.326171875 0.033203125 0.052734375
0 0.892578125 0.611328125 0.099609375 0.044921875
1 0.3466796875 0.357421875 0.0439453125 0.0859375
0 0.33203125 0.95703125 0.1796875 0.0751953125
1 0.0654296875 0.4169921875 0.083984375 0.0830078125
1 0.880859375 0.3681640625 0.0517578125 0.0751953125
1 0.662109375 0.3662109375 0.0810546875 0.1220703125
1 0.951171875 0.681640625 0.09375 0.3134765625
1 0.416015625 0.349609375 0.0234375 0.044921875
1 0.59375 0.306640625 0.0185546875 0.0302734375
0 0.513671875 0.5859375 0.087890625 0.044921875
1 0.9697265625 0.423828125 0.0576171875 0.1806640625
0 0.3974609375 0.572265625 0.0673828125 0.044921875
0 0.4072265625 0.4287109375 0.0234375 0.025390625
0 0.4755859375 0.4794921875 0.0419921875 0.0419921875
1 0.935546875 0.3349609375 0.0498046875 0.080078125
0 0.4189453125 0.4541015625 0.0185546875 0.0361328125
0 0.439453125 0.6083984375 0.052734375 0.0390625
1 0.849609375 0.3447265625 0.025390625 0.033203125
1 0.6298828125 0.365234375 0.025390625 0.0361328125
0 0.177734375 0.9306640625 0.2060546875 0.1279296875
0 0.248046875 0.4072265625 0.021484375 0.0361328125
0 0.498046875 0.4306640625 0.0185546875 0.0166015625
0 0.7763671875 0.443359375 0.037109375 0.0361328125
1 0.517578125 0.3095703125 0.017578125 0.01953125
1 0.701171875 0.3544921875 0.013671875 0.0361328125
0 0.388671875 0.892578125 0.138671875 0.0859375
0 0.650390625 0.419921875 0.029296875 0.0224609375
0 0.61328125 0.388671875 0.0205078125 0.0224609375
1 0.3134765625 0.3427734375 0.0234375 0.0361328125
1 0.63671875 0.255859375 0.013671875 0.0107421875
0 0.0380859375 0.548828125 0.076171875 0.052734375
0 0.462890625 0.388671875 0.0234375 0.0224609375
0 0.0439453125 0.5947265625 0.087890625 0.0615234375
0 0.619140625 0.4775390625 0.0263671875 0.0224609375
2 0.7822265625 0.4111328125 0.0263671875 0.033203125
0 0.5849609375 0.380859375 0.017578125 0.0166015625
1 0.9091796875 0.37890625 0.021484375 0.0361328125
0 0.7998046875 0.380859375 0.0185546875 0.0224609375
0 0.916015625 0.5712890625 0.0654296875 0.0419921875
0 0.818359375 0.3662109375 0.017578125 0.0166015625
0 0.158203125 0.66796875 0.03125 0.091796875
0 0.3251953125 0.4169921875 0.025390625 0.0390625
0 0.3125 0.380859375 0.0126953125 0.0498046875