2 0.83203125 0.9267578125 0.1640625 0.0859375
1 0.662109375 0.62890625 0.4326171875 0.4697265625
1 0.44921875 0.318359375 0.0205078125 0.0302734375
1 0.50390625 0.328125 0.013671875 0.02734375
1 0.232421875 0.3623046875 0.044921875 0.0693359375
1 0.0693359375 0.630859375 0.138671875 0.5166015625
1 0.361328125 0.47265625 0.1611328125 0.205078125
1 0.7119140625 0.359375 0.044921875 0.080078125
1 0.1923828125 0.46484375 0.1279296875 0.2529296875
1 0.447265625 0.4052734375 0.078125 0.14453125
1 0.638671875 0.31640625 0.0205078125 0.02734375
1 0.6748046875 0.3232421875 0.0185546875 0.0302734375
1 0.763671875 0.3291015625 0.0517578125 0.091796875
1 0.314453125 0.359375 0.052734375 0.080078125
1 0.275390625 0.3486328125 0.025390625 0.0302734375
1 0.51171875 0.3916015625 0.076171875 0.14453125
1 0.6591796875 0.380859375 0.078125 0.1162109375
1 0.8935546875 0.3330078125 0.0625 0.0830078125
1 0.26953125 0.423828125 0.0732421875 0.169921875
1 0.8193359375 0.3291015625 0.0576171875 0.091796875
0 0.2041015625 0.9169921875 0.2763671875 0.1611328125
1 0.349609375 0.341796875 0.0185546875 0.033203125
0 0.4755859375 0.48046875 0.0419921875 0.0390625
0 0.373046875 0.5791015625 0.0732421875 0.0419921875
0 0.494140625 0.4287109375 0.03125 0.01953125
1 0.611328125 0.35546875 0.0439453125 0.072265625
0 0.89453125 0.5927734375 0.1298828125 0.0751953125
1 0.9697265625 0.4306640625 0.0576171875 0.1669921875
0 0.4189453125 0.4482421875 0.0185546875 0.0419921875
0 0.4384765625 0.6083984375 0.0546875 0.0390625
0 0.3876953125 0.923828125 0.150390625 0.1416015625
1 0.083984375 0.427734375 0.0595703125 0.0888671875
1 0.94140625 0.3486328125 0.029296875 0.0419921875
2 0.53125 0.59765625 0.0439453125 0.044921875
0 0.54296875 0.5634765625 0.060546875 0.02734375
1 0.56640625 0.380859375 0.044921875 0.06640625
0 0.78125 0.44140625 0.0439453125 0.033203125
1 0.900390625 0.380859375 0.0361328125 0.0390625
0 0.294921875 0.5712890625 0.048828125 0.0419921875
1 0.7255859375 0.3056640625 0.0205078125 0.02734375
1 0.3623046875 0.3544921875 0.0126953125 0.025390625
0 0.84765625 0.3759765625 0.033203125 0.013671875
0 0.30078125 0.494140625 0.0205078125 0.02734375
0 0.4990234375 0.5927734375 0.033203125 0.025390625
1 0.5966796875 0.3154296875 0.0185546875 0.0361328125
0 0.611328125 0.39453125 0.0263671875 0.0166015625
1 0.849609375 0.3427734375 0.0234375 0.0361328125
1 0.189453125 0.3720703125 0.03125 0.0556640625
1 0.04296875 0.4013671875 0.044921875 0.052734375
0 0.25 0.419921875 0.03125 0.0224609375
1 0.3369140625 0.4208984375 0.0361328125 0.05859375
1 0.919921875 0.3544921875 0.017578125 0.0419921875
2 0.818359375 0.3662109375 0.025390625 0.0224609375
1 0.9482421875 0.7294921875 0.0966796875 0.2197265625
1 0.0185546875 0.4677734375 0.037109375 0.0634765625
1 0.244140625 0.400390625 0.025390625 0.033203125
0 0.287109375 0.4306640625 0.033203125 0.0224609375
0 0.802734375 0.4169921875 0.041015625 0.044921875
1 0.099609375 0.703125 0.0517578125 0.1162109375
0 0.591796875 0.462890625 0.025390625 0.0419921875