2 0.8056640625 0.8623046875 0.1513671875 0.0751953125
1 0.6689453125 0.6025390625 0.400390625 0.400390625
1 0.373046875 0.4541015625 0.150390625 0.203125
1 0.7197265625 0.2890625 0.0205078125 0.02734375
1 0.255859375 0.7177734375 0.4248046875 0.5302734375
1 0.32421875 0.341796875 0.044921875 0.072265625
1 0.25 0.318359375 0.025390625 0.0361328125
1 0.701171875 0.3662109375 0.1220703125 0.138671875
1 0.5 0.298828125 0.0126953125 0.0302734375
1 0.416015625 0.3427734375 0.0390625 0.080078125
1 0.5029296875 0.349609375 0.0625 0.1337890625
1 0.806640625 0.2802734375 0.0205078125 0.02734375
1 0.548828125 0.3388671875 0.033203125 0.0498046875
1 0.466796875 0.326171875 0.0283203125 0.0634765625
1 0.931640625 0.4169921875 0.123046875 0.216796875
1 0.841796875 0.33984375 0.048828125 0.0634765625
1 0.2060546875 0.4052734375 0.1064453125 0.1943359375
1 0.619140625 0.31640625 0.064453125 0.078125
1 0.443359375 0.2998046875 0.0185546875 0.044921875
1 0.361328125 0.3115234375 0.013671875 0.033203125
1 0.0908203125 0.4306640625 0.171875 0.294921875
1 0.3125 0.3037109375 0.0126953125 0.025390625
1 0.7529296875 0.294921875 0.046875 0.078125
1 0.298828125 0.31640625 0.025390625 0.044921875
1 0.5322265625 0.306640625 0.013671875 0.0419921875
1 0.880859375 0.30859375 0.0361328125 0.0615234375
1 0.576171875 0.3037109375 0.0263671875 0.052734375
0 0.478515625 0.451171875 0.048828125 0.0361328125
1 0.255859375 0.365234375 0.03125 0.046875
0 0.884765625 0.54296875 0.1171875 0.05859375
0 0.51953125 0.54296875 0.111328125 0.046875
1 0.693359375 0.31640625 0.03125 0.0556640625
0 0.443359375 0.568359375 0.0517578125 0.0361328125
1 0.806640625 0.3115234375 0.029296875 0.044921875
0 0.41015625 0.404296875 0.029296875 0.0361328125
1 0.59765625 0.298828125 0.017578125 0.0302734375
1 0.6513671875 0.296875 0.021484375 0.0556640625
1 0.5888671875 0.337890625 0.0283203125 0.0302734375
1 0.9560546875 0.3154296875 0.068359375 0.0751953125
1 0.04296875 0.421875 0.029296875 0.06640625
1 0.7861328125 0.3037109375 0.0283203125 0.0419921875
0 0.748046875 0.41796875 0.0341796875 0.046875
0 0.4931640625 0.4013671875 0.0234375 0.013671875
1 0.494140625 0.330078125 0.0205078125 0.033203125
1 0.3310546875 0.3193359375 0.0126953125 0.0224609375
0 0.6298828125 0.392578125 0.021484375 0.01953125
0 0.9306640625 0.359375 0.0205078125 0.0302734375
2 0.3984375 0.95703125 0.037109375 0.0751953125
0 0.6279296875 0.369140625 0.046875 0.0498046875
0 0.6064453125 0.35546875 0.0185546875 0.0224609375
0 0.4697265625 0.3623046875 0.017578125 0.01953125
0 0.361328125 0.341796875 0.021484375 0.02734375
0 0.42578125 0.4287109375 0.029296875 0.013671875
0 0.30078125 0.3955078125 0.0205078125 0.013671875
1 0.236328125 0.349609375 0.015625 0.033203125
0 0.3134765625 0.5263671875 0.029296875 0.025390625
2 0.34765625 0.533203125 0.0419921875 0.033203125
0 0.017578125 0.482421875 0.03515625 0.05078125