2 0.833984375 0.923828125 0.166015625 0.080078125
1 0.673828125 0.66796875 0.4501953125 0.3916015625
1 0.3642578125 0.4931640625 0.162109375 0.1748046875
1 0.2490234375 0.779296875 0.361328125 0.4365234375
1 0.7099609375 0.408203125 0.1171875 0.150390625
1 0.5419921875 0.4677734375 0.150390625 0.1806640625
1 0.861328125 0.4833984375 0.240234375 0.216796875
1 0.447265625 0.4111328125 0.0966796875 0.14453125
1 0.73046875 0.3291015625 0.0205078125 0.052734375
1 0.5048828125 0.326171875 0.0126953125 0.025390625
1 0.666015625 0.3291015625 0.0341796875 0.052734375
1 0.4892578125 0.349609375 0.021484375 0.044921875
1 0.8935546875 0.330078125 0.068359375 0.0830078125
1 0.8193359375 0.33203125 0.060546875 0.0859375
0 0.478515625 0.482421875 0.0439453125 0.0419921875
1 0.6005859375 0.3427734375 0.0390625 0.0751953125
1 0.19921875 0.4443359375 0.1201171875 0.2607421875
1 0.2978515625 0.33203125 0.013671875 0.0361328125
1 0.275390625 0.3486328125 0.0234375 0.0419921875
1 0.763671875 0.3447265625 0.0498046875 0.099609375
0 0.884765625 0.6162109375 0.1171875 0.0947265625
1 0.3505859375 0.375 0.048828125 0.10546875
1 0.076171875 0.5 0.1513671875 0.2666015625
1 0.9443359375 0.35546875 0.044921875 0.06640625
1 0.4189453125 0.3544921875 0.025390625 0.052734375
1 0.2236328125 0.35546875 0.021484375 0.0390625
0 0.5341796875 0.5791015625 0.1064453125 0.05859375
0 0.369140625 0.58203125 0.064453125 0.0361328125
0 0.4384765625 0.609375 0.0546875 0.0419921875
1 0.7109375 0.3427734375 0.025390625 0.0419921875
1 0.28515625 0.400390625 0.060546875 0.1552734375
1 0.462890625 0.341796875 0.025390625 0.044921875
0 0.466796875 0.388671875 0.029296875 0.0224609375
0 0.642578125 0.4248046875 0.0439453125 0.0166015625
0 0.349609375 0.3779296875 0.0185546875 0.0224609375
0 0.41015625 0.4287109375 0.0205078125 0.025390625
0 0.947265625 0.5751953125 0.0810546875 0.044921875
0 0.494140625 0.4306640625 0.0234375 0.0224609375
0 0.4189453125 0.451171875 0.0185546875 0.0361328125
0 0.697265625 0.4736328125 0.0517578125 0.0302734375
1 0.98046875 0.35546875 0.0361328125 0.044921875
0 0.607421875 0.392578125 0.0205078125 0.01953125
0 0.7705078125 0.44140625 0.0283203125 0.033203125
0 0.587890625 0.375 0.0205078125 0.0166015625
0 0.296875 0.5634765625 0.0498046875 0.0224609375
0 0.9794921875 0.3857421875 0.041015625 0.0166015625
1 0.630859375 0.3662109375 0.0205078125 0.0224609375
1 0.57421875 0.3544921875 0.0205078125 0.0302734375
1 0.95703125 0.7275390625 0.0830078125 0.22265625
1 0.142578125 0.4169921875 0.025390625 0.0390625
1 0.068359375 0.4072265625 0.0361328125 0.0419921875
0 0.287109375 0.4306640625 0.033203125 0.0224609375
1 0.97265625 0.4580078125 0.0517578125 0.150390625
0 0.798828125 0.3759765625 0.021484375 0.013671875
0 0.9931640625 0.552734375 0.013671875 0.033203125
0 0.607421875 0.462890625 0.0205078125 0.0302734375
0 0.6240234375 0.4912109375 0.0234375 0.02734375
0 0.9619140625 0.4765625 0.0263671875 0.025390625
0 0.787109375 0.4208984375 0.0185546875 0.013671875
0 0.796875 0.3955078125 0.0341796875 0.0419921875