0 0.83203125 0.923828125 0.1640625 0.080078125
1 0.6875 0.669921875 0.462890625 0.3720703125
1 0.2626953125 0.755859375 0.400390625 0.466796875
1 0.3720703125 0.4912109375 0.150390625 0.177734375
1 0.736328125 0.3115234375 0.015625 0.0224609375
1 0.541015625 0.48046875 0.1767578125 0.177734375
1 0.7001953125 0.4306640625 0.125 0.1884765625
1 0.9541015625 0.4375 0.091796875 0.2080078125
1 0.240234375 0.369140625 0.0498046875 0.072265625
1 0.2822265625 0.3544921875 0.0419921875 0.0751953125
1 0.6279296875 0.3427734375 0.0625 0.091796875
1 0.462890625 0.345703125 0.0263671875 0.0634765625
1 0.8115234375 0.3515625 0.076171875 0.125
1 0.0712890625 0.5087890625 0.142578125 0.27734375
1 0.587890625 0.318359375 0.013671875 0.025390625
1 0.3564453125 0.3427734375 0.025390625 0.0419921875
1 0.435546875 0.3154296875 0.0205078125 0.0361328125
1 0.8740234375 0.3662109375 0.060546875 0.0615234375
1 0.5654296875 0.37890625 0.0341796875 0.0634765625
1 0.4189453125 0.3623046875 0.068359375 0.1083984375
1 0.748046875 0.337890625 0.0341796875 0.05859375
1 0.5322265625 0.341796875 0.0205078125 0.044921875
0 0.376953125 0.580078125 0.068359375 0.0390625
1 0.298828125 0.33203125 0.0107421875 0.025390625
0 0.888671875 0.6044921875 0.146484375 0.0751953125
0 0.4384765625 0.607421875 0.0546875 0.0419921875
0 0.474609375 0.48046875 0.0439453125 0.0390625
0 0.4970703125 0.5859375 0.0283203125 0.033203125
1 0.19921875 0.361328125 0.029296875 0.033203125
1 0.3115234375 0.33984375 0.0263671875 0.046875
1 0.03125 0.40234375 0.056640625 0.072265625
1 0.767578125 0.3056640625 0.0205078125 0.033203125
1 0.337890625 0.3486328125 0.0185546875 0.0419921875
1 0.6689453125 0.380859375 0.03125 0.0556640625
1 0.7177734375 0.322265625 0.0263671875 0.0556640625
1 0.6689453125 0.3291015625 0.037109375 0.0634765625
0 0.552734375 0.5654296875 0.083984375 0.0302734375
0 0.70703125 0.4736328125 0.0517578125 0.0302734375
0 0.642578125 0.4248046875 0.0361328125 0.0166015625
0 0.7978515625 0.37109375 0.0205078125 0.013671875
0 0.4892578125 0.4287109375 0.021484375 0.01953125
0 0.150390625 0.44140625 0.0234375 0.0224609375
0 0.1884765625 0.466796875 0.076171875 0.0556640625
0 0.0390625 0.544921875 0.078125 0.0498046875
0 0.5927734375 0.369140625 0.0263671875 0.0224609375
0 0.607421875 0.392578125 0.0205078125 0.01953125
0 0.2548828125 0.408203125 0.021484375 0.0166015625
1 0.5 0.3359375 0.0185546875 0.02734375
0 0.4228515625 0.4541015625 0.0205078125 0.0419921875
1 0.60546875 0.3037109375 0.017578125 0.0302734375
0 0.5927734375 0.4541015625 0.0234375 0.025390625
0 0.1005859375 0.970703125 0.0517578125 0.0419921875
1 0.625 0.3662109375 0.0185546875 0.02734375
0 0.94921875 0.3525390625 0.0361328125 0.0224609375
1 0.8310546875 0.3134765625 0.025390625 0.0390625
0 0.412109375 0.4287109375 0.013671875 0.01953125
0 0.7509765625 0.3779296875 0.013671875 0.044921875
0 0.275390625 0.4306640625 0.0498046875 0.0224609375
0 0.4677734375 0.3876953125 0.017578125 0.01953125
0 0.86328125 0.5751953125 0.0419921875 0.033203125
2 0.548828125 0.595703125 0.078125 0.0419921875
1 0.7724609375 0.3818359375 0.013671875 0.0419921875
0 0.994140625 0.552734375 0.0107421875 0.02734375
0 0.853515625 0.3544921875 0.013671875 0.01953125
0 0.349609375 0.3740234375 0.025390625 0.0302734375
2 0.291015625 0.3984375 0.0126953125 0.0302734375