2 0.8349609375 0.923828125 0.1640625 0.080078125
1 0.85546875 0.47265625 0.216796875 0.2333984375
1 0.431640625 0.330078125 0.0205078125 0.02734375
1 0.681640625 0.693359375 0.4560546875 0.341796875
1 0.556640625 0.4736328125 0.142578125 0.158203125
1 0.7177734375 0.412109375 0.1201171875 0.1806640625
1 0.248046875 0.6806640625 0.3408203125 0.638671875
1 0.400390625 0.4912109375 0.1064453125 0.1669921875
1 0.8125 0.3427734375 0.0751953125 0.09765625
1 0.884765625 0.326171875 0.0654296875 0.0859375
1 0.4130859375 0.3681640625 0.060546875 0.091796875
1 0.505859375 0.3681640625 0.060546875 0.119140625
1 0.181640625 0.392578125 0.0830078125 0.119140625
1 0.353515625 0.3349609375 0.017578125 0.0302734375
1 0.7138671875 0.337890625 0.021484375 0.0419921875
1 0.306640625 0.33984375 0.03125 0.046875
1 0.275390625 0.3447265625 0.025390625 0.0390625
1 0.3671875 0.369140625 0.0341796875 0.0888671875
1 0.0703125 0.41796875 0.083984375 0.1025390625
0 0.89453125 0.5927734375 0.123046875 0.0634765625
1 0.583984375 0.3427734375 0.037109375 0.0693359375
1 0.6630859375 0.330078125 0.0361328125 0.072265625
1 0.45703125 0.3486328125 0.0419921875 0.080078125
1 0.228515625 0.3662109375 0.0361328125 0.044921875
1 0.5546875 0.37890625 0.0439453125 0.091796875
1 0.6435546875 0.31640625 0.0185546875 0.033203125
1 0.767578125 0.31640625 0.0419921875 0.0498046875
0 0.4384765625 0.607421875 0.0546875 0.0419921875
0 0.478515625 0.48046875 0.044921875 0.0390625
0 0.150390625 0.9541015625 0.267578125 0.0859375
0 0.5478515625 0.5712890625 0.126953125 0.0634765625
0 0.369140625 0.91796875 0.169921875 0.158203125
0 0.69921875 0.4794921875 0.048828125 0.025390625
1 0.142578125 0.4150390625 0.0263671875 0.0419921875
0 0.76953125 0.443359375 0.029296875 0.0302734375
0 0.61328125 0.3916015625 0.029296875 0.0166015625
0 0.39453125 0.580078125 0.0205078125 0.02734375
1 0.9580078125 0.673828125 0.0810546875 0.3193359375
0 0.41015625 0.427734375 0.0205078125 0.0224609375
1 0.607421875 0.2919921875 0.0390625 0.0615234375
0 0.1484375 0.4404296875 0.0283203125 0.01953125
1 0.5322265625 0.33203125 0.0205078125 0.046875
0 0.1748046875 0.4677734375 0.056640625 0.046875
0 0.05078125 0.5556640625 0.1015625 0.138671875
0 0.7724609375 0.3544921875 0.017578125 0.01953125
0 0.8388671875 0.3759765625 0.021484375 0.013671875
0 0.5869140625 0.45703125 0.029296875 0.0361328125
1 0.509765625 0.302734375 0.013671875 0.0166015625
0 0.3125 0.3681640625 0.0185546875 0.01953125
0 0.4375 0.4443359375 0.025390625 0.06640625
1 0.6240234375 0.341796875 0.0263671875 0.0498046875
0 0.470703125 0.384765625 0.015625 0.01953125
0 0.798828125 0.3818359375 0.0234375 0.025390625
0 0.61328125 0.5654296875 0.0263671875 0.0302734375
1 0.3349609375 0.4052734375 0.0546875 0.10546875
0 0.6435546875 0.419921875 0.037109375 0.02734375
0 0.353515625 0.380859375 0.0185546875 0.0224609375
0 0.3251953125 0.404296875 0.025390625 0.013671875
0 0.787109375 0.412109375 0.03125 0.0302734375
1 0.923828125 0.3427734375 0.029296875 0.025390625
2 0.4599609375 0.955078125 0.0234375 0.0830078125
1 0.037109375 0.423828125 0.03125 0.0302734375
0 0.8173828125 0.3681640625 0.0185546875 0.01953125
0 0.611328125 0.4794921875 0.0234375 0.025390625
1 0.0185546875 0.4736328125 0.037109375 0.080078125