2 0.833984375 0.927734375 0.166015625 0.0830078125
1 0.267578125 0.7294921875 0.404296875 0.525390625
1 0.63671875 0.306640625 0.013671875 0.025390625
1 0.7314453125 0.29296875 0.0185546875 0.025390625
1 0.6552734375 0.5859375 0.376953125 0.544921875
1 0.5439453125 0.388671875 0.0810546875 0.1220703125
1 0.4560546875 0.404296875 0.0751953125 0.1416015625
1 0.41015625 0.3662109375 0.044921875 0.0888671875
1 0.3037109375 0.3193359375 0.017578125 0.0224609375
1 0.232421875 0.3740234375 0.0546875 0.0693359375
1 0.16015625 0.404296875 0.091796875 0.130859375
1 0.1787109375 0.3525390625 0.029296875 0.0390625
1 0.728515625 0.3427734375 0.048828125 0.0751953125
1 0.619140625 0.359375 0.0576171875 0.130859375
1 0.400390625 0.48046875 0.076171875 0.171875
1 0.826171875 0.3154296875 0.0205078125 0.046875
1 0.767578125 0.328125 0.0419921875 0.072265625
2 0.513671875 0.58984375 0.017578125 0.0361328125
1 0.349609375 0.3916015625 0.0419921875 0.1611328125
1 0.306640625 0.375 0.060546875 0.1162109375
1 0.8857421875 0.3427734375 0.0625 0.0859375
1 0.666015625 0.31640625 0.0185546875 0.0224609375
1 0.0234375 0.388671875 0.046875 0.0615234375
1 0.0810546875 0.5107421875 0.162109375 0.255859375
1 0.50390625 0.3251953125 0.013671875 0.033203125
1 0.279296875 0.3525390625 0.021484375 0.033203125
0 0.376953125 0.9423828125 0.10546875 0.115234375
1 0.4912109375 0.33984375 0.0205078125 0.0361328125
1 0.5185546875 0.3359375 0.025390625 0.044921875
1 0.9501953125 0.412109375 0.099609375 0.1806640625
1 0.462890625 0.328125 0.025390625 0.044921875
0 0.8623046875 0.5927734375 0.087890625 0.0751953125
0 0.4755859375 0.482421875 0.0419921875 0.0361328125
0 0.4384765625 0.6083984375 0.0546875 0.0390625
2 0.80078125 0.4345703125 0.029296875 0.01953125
0 0.3984375 0.572265625 0.03125 0.044921875
1 0.5703125 0.3427734375 0.025390625 0.0419921875
0 0.4267578125 0.4677734375 0.021484375 0.01953125
1 0.591796875 0.318359375 0.0185546875 0.025390625
1 0.99609375 0.328125 0.0078125 0.033203125
1 0.361328125 0.33203125 0.0126953125 0.025390625
1 0.984375 0.35546875 0.0283203125 0.0498046875
1 0.8486328125 0.330078125 0.015625 0.0390625
0 0.763671875 0.4462890625 0.048828125 0.0361328125
0 0.5888671875 0.455078125 0.021484375 0.0224609375
0 0.8447265625 0.3740234375 0.029296875 0.01953125
0 0.9931640625 0.384765625 0.013671875 0.01953125
0 0.2783203125 0.4306640625 0.046875 0.0224609375
0 0.759765625 0.384765625 0.033203125 0.05859375
0 0.5830078125 0.3818359375 0.0185546875 0.013671875
0 0.255859375 0.408203125 0.0234375 0.0166015625
1 0.3369140625 0.505859375 0.064453125 0.0888671875
0 0.279296875 0.3916015625 0.029296875 0.02734375
0 0.607421875 0.388671875 0.013671875 0.0224609375
2 0.4599609375 0.9541015625 0.0234375 0.0859375
1 0.3037109375 0.3447265625 0.0205078125 0.0224609375
2 0.04296875 0.4140625 0.017578125 0.0224609375
2 0.880859375 0.62109375 0.0234375 0.013671875
0 0.46875 0.380859375 0.0126953125 0.0224609375