2 0.83203125 0.927734375 0.1640625 0.0830078125
1 0.73046875 0.3037109375 0.017578125 0.025390625
1 0.6748046875 0.619140625 0.431640625 0.4775390625
1 0.642578125 0.31640625 0.0205078125 0.033203125
1 0.369140625 0.4892578125 0.1484375 0.177734375
1 0.45703125 0.3427734375 0.0419921875 0.0693359375
1 0.6728515625 0.3095703125 0.0205078125 0.0302734375
1 0.2314453125 0.7666015625 0.4560546875 0.4501953125
1 0.275390625 0.3447265625 0.025390625 0.044921875
1 0.34375 0.3291015625 0.0185546875 0.0361328125
1 0.7060546875 0.34765625 0.0498046875 0.0947265625
1 0.529296875 0.341796875 0.015625 0.044921875
1 0.0732421875 0.509765625 0.1435546875 0.26953125
1 0.2119140625 0.3662109375 0.0263671875 0.044921875
1 0.767578125 0.330078125 0.041015625 0.072265625
1 0.9560546875 0.4638671875 0.087890625 0.1884765625
1 0.505859375 0.369140625 0.068359375 0.138671875
1 0.494140625 0.337890625 0.017578125 0.0302734375
1 0.8857421875 0.375 0.0595703125 0.0498046875
1 0.1923828125 0.44140625 0.125 0.22265625
1 0.5859375 0.33984375 0.0341796875 0.0693359375
1 0.361328125 0.3427734375 0.0263671875 0.05859375
0 0.4755859375 0.48046875 0.0419921875 0.0390625
1 0.935546875 0.3515625 0.0673828125 0.0634765625
1 0.841796875 0.3154296875 0.0185546875 0.0419921875
1 0.6640625 0.34765625 0.037109375 0.0556640625
1 0.28125 0.4267578125 0.0810546875 0.1748046875
1 0.556640625 0.3662109375 0.037109375 0.0615234375
0 0.9462890625 0.5751953125 0.107421875 0.052734375
0 0.37890625 0.576171875 0.0576171875 0.046875
0 0.326171875 0.9599609375 0.1533203125 0.080078125
1 0.3232421875 0.33203125 0.015625 0.025390625
0 0.439453125 0.611328125 0.052734375 0.044921875
0 0.5244140625 0.580078125 0.091796875 0.0615234375
1 0.0478515625 0.3916015625 0.044921875 0.0615234375
1 0.962890625 0.7041015625 0.0732421875 0.2587890625
0 0.462890625 0.388671875 0.03125 0.0224609375
1 0.2998046875 0.3515625 0.0185546875 0.025390625
0 0.498046875 0.4287109375 0.0234375 0.025390625
1 0.603515625 0.4150390625 0.029296875 0.05859375
1 0.900390625 0.3037109375 0.025390625 0.0361328125
0 0.97265625 0.388671875 0.044921875 0.0224609375
1 0.130859375 0.423828125 0.0185546875 0.01953125
0 0.7685546875 0.443359375 0.025390625 0.0302734375
1 0.611328125 0.3388671875 0.015625 0.0224609375
0 0.330078125 0.404296875 0.021484375 0.013671875
0 0.787109375 0.3984375 0.025390625 0.0087890625
0 0.30078125 0.50390625 0.0205078125 0.0361328125
1 0.3369140625 0.41015625 0.029296875 0.130859375
0 0.59765625 0.4580078125 0.0107421875 0.033203125
0 0.806640625 0.375 0.048828125 0.0166015625
0 0.853515625 0.3642578125 0.0205078125 0.0224609375
0 0.7421875 0.48046875 0.03125 0.044921875
1 0.6279296875 0.365234375 0.0185546875 0.025390625
0 0.9375 0.4111328125 0.03125 0.033203125
0 0.2255859375 0.3837890625 0.013671875 0.033203125
2 0.443359375 0.46484375 0.0234375 0.025390625
0 0.28125 0.4306640625 0.037109375 0.0224609375