2 0.833984375 0.9267578125 0.166015625 0.0859375
1 0.240234375 0.693359375 0.4033203125 0.5029296875
1 0.69140625 0.70703125 0.466796875 0.3134765625
1 0.830078125 0.4677734375 0.1904296875 0.236328125
1 0.6748046875 0.322265625 0.025390625 0.033203125
1 0.462890625 0.3359375 0.0263671875 0.033203125
1 0.529296875 0.341796875 0.0205078125 0.044921875
1 0.537109375 0.466796875 0.1689453125 0.1884765625
1 0.3623046875 0.3427734375 0.037109375 0.0751953125
1 0.3818359375 0.4794921875 0.1171875 0.1806640625
1 0.279296875 0.3447265625 0.0263671875 0.033203125
1 0.41796875 0.3662109375 0.064453125 0.1279296875
1 0.212890625 0.35546875 0.025390625 0.02734375
1 0.201171875 0.392578125 0.1171875 0.125
1 0.64453125 0.39453125 0.0859375 0.138671875
1 0.9560546875 0.4541015625 0.087890625 0.203125
1 0.5869140625 0.3388671875 0.0361328125 0.072265625
1 0.7626953125 0.3349609375 0.0439453125 0.119140625
1 0.44140625 0.3427734375 0.013671875 0.025390625
1 0.736328125 0.3056640625 0.0205078125 0.0390625
0 0.4755859375 0.482421875 0.0419921875 0.0419921875
1 0.287109375 0.41796875 0.087890625 0.15234375
1 0.8935546875 0.341796875 0.0625 0.078125
1 0.8115234375 0.33984375 0.0673828125 0.1142578125
1 0.9599609375 0.681640625 0.080078125 0.3134765625
1 0.5546875 0.3681640625 0.041015625 0.080078125
1 0.298828125 0.3330078125 0.0205078125 0.033203125
1 0.0732421875 0.4248046875 0.0966796875 0.10546875
1 0.705078125 0.3349609375 0.048828125 0.080078125
0 0.318359375 0.9599609375 0.1748046875 0.080078125
1 0.3349609375 0.3525390625 0.0234375 0.0390625
0 0.4189453125 0.453125 0.0185546875 0.0390625
0 0.5419921875 0.5791015625 0.125 0.0634765625
1 0.4931640625 0.33984375 0.013671875 0.025390625
1 0.607421875 0.330078125 0.017578125 0.033203125
0 0.4384765625 0.611328125 0.0546875 0.044921875
1 0.97265625 0.35546875 0.0517578125 0.0498046875
0 0.712890625 0.4794921875 0.060546875 0.0361328125
1 0.642578125 0.322265625 0.0205078125 0.044921875
0 0.150390625 0.4404296875 0.0234375 0.025390625
0 0.64453125 0.4248046875 0.029296875 0.0166015625
0 0.6201171875 0.5634765625 0.03125 0.0224609375
0 0.169921875 0.455078125 0.048828125 0.02734375
0 0.330078125 0.404296875 0.0205078125 0.013671875
0 0.7705078125 0.44140625 0.0283203125 0.033203125
1 0.8369140625 0.30859375 0.0205078125 0.02734375
0 0.96875 0.384765625 0.0439453125 0.01953125
0 0.15625 0.947265625 0.150390625 0.10546875
0 0.392578125 0.58984375 0.0341796875 0.01953125
0 0.1845703125 0.4833984375 0.0283203125 0.033203125
0 0.5927734375 0.3779296875 0.0205078125 0.0166015625
0 0.044921875 0.5947265625 0.0888671875 0.0615234375
0 0.7998046875 0.3740234375 0.025390625 0.01953125
0 0.787109375 0.4013671875 0.0185546875 0.013671875
0 0.041015625 0.546875 0.0810546875 0.0556640625
1 0.0185546875 0.4482421875 0.037109375 0.05859375
1 0.26953125 0.390625 0.029296875 0.0419921875
0 0.853515625 0.3681640625 0.0234375 0.01953125
0 0.4228515625 0.41796875 0.0234375 0.01953125
0 0.59375 0.455078125 0.0126953125 0.02734375
1 0.59375 0.3232421875 0.0126953125 0.01953125
1 0.380859375 0.388671875 0.0126953125 0.0224609375