2 0.8359375 0.923828125 0.166015625 0.080078125
1 0.693359375 0.7001953125 0.474609375 0.3330078125
1 0.869140625 0.4892578125 0.220703125 0.25
1 0.349609375 0.3359375 0.017578125 0.033203125
1 0.20703125 0.759765625 0.404296875 0.4697265625
1 0.4443359375 0.4052734375 0.1171875 0.138671875
1 0.294921875 0.3251953125 0.017578125 0.033203125
1 0.2685546875 0.37890625 0.068359375 0.1142578125
1 0.357421875 0.494140625 0.173828125 0.18359375
1 0.9013671875 0.3740234375 0.0498046875 0.05859375
1 0.6435546875 0.326171875 0.025390625 0.046875
1 0.73046875 0.3134765625 0.0205078125 0.0390625
1 0.8359375 0.35546875 0.0908203125 0.1220703125
1 0.619140625 0.3720703125 0.060546875 0.10546875
1 0.0595703125 0.4248046875 0.1064453125 0.1162109375
1 0.173828125 0.412109375 0.109375 0.125
1 0.55078125 0.45703125 0.173828125 0.2138671875
1 0.7685546875 0.31640625 0.037109375 0.06640625
1 0.7177734375 0.43359375 0.1455078125 0.2109375
1 0.716796875 0.345703125 0.03125 0.0634765625
1 0.279296875 0.3525390625 0.013671875 0.02734375
1 0.2314453125 0.35546875 0.025390625 0.0390625
1 0.451171875 0.341796875 0.0234375 0.0390625
1 0.4892578125 0.3525390625 0.021484375 0.0390625
1 0.5849609375 0.330078125 0.0361328125 0.06640625
1 0.525390625 0.380859375 0.037109375 0.0947265625
1 0.99609375 0.3291015625 0.0078125 0.046875
1 0.498046875 0.3251953125 0.0126953125 0.033203125
0 0.4384765625 0.607421875 0.0546875 0.0419921875
0 0.5302734375 0.578125 0.0888671875 0.0556640625
1 0.9716796875 0.3486328125 0.052734375 0.091796875
1 0.3642578125 0.349609375 0.015625 0.033203125
0 0.4130859375 0.455078125 0.0361328125 0.033203125
0 0.404296875 0.4287109375 0.033203125 0.025390625
0 0.603515625 0.5537109375 0.0751953125 0.05859375
0 0.697265625 0.4794921875 0.044921875 0.025390625
2 0.3369140625 0.5859375 0.033203125 0.0166015625
1 0.3310546875 0.380859375 0.037109375 0.0615234375
0 0.3740234375 0.572265625 0.0673828125 0.0556640625
0 0.494140625 0.4287109375 0.029296875 0.01953125
0 0.4755859375 0.48046875 0.0419921875 0.0390625
1 0.611328125 0.326171875 0.015625 0.025390625
1 0.2919921875 0.3447265625 0.015625 0.0224609375
0 0.353515625 0.380859375 0.021484375 0.0224609375
1 0.671875 0.2998046875 0.0185546875 0.033203125
0 0.775390625 0.443359375 0.0419921875 0.0361328125
0 0.466796875 0.3916015625 0.029296875 0.0224609375
1 0.9853515625 0.466796875 0.029296875 0.1611328125
0 0.296875 0.5693359375 0.0498046875 0.0390625
1 0.2294921875 0.39453125 0.0341796875 0.0498046875
0 0.611328125 0.39453125 0.0263671875 0.0166015625
1 0.6806640625 0.37890625 0.029296875 0.0419921875
0 0.0390625 0.552734375 0.078125 0.0498046875
0 0.880859375 0.6181640625 0.0390625 0.025390625
1 0.306640625 0.3544921875 0.0205078125 0.025390625
0 0.201171875 0.4931640625 0.0546875 0.025390625
0 0.033203125 0.5947265625 0.0654296875 0.0615234375
1 0.0126953125 0.4287109375 0.025390625 0.0419921875
1 0.537109375 0.330078125 0.0205078125 0.0390625
0 0.791015625 0.3955078125 0.0283203125 0.013671875
1 0.3017578125 0.37890625 0.015625 0.0302734375
0 0.5986328125 0.3740234375 0.0185546875 0.01953125
1 0.9580078125 0.732421875 0.078125 0.2080078125
1 0.5927734375 0.318359375 0.0107421875 0.01953125
0 0.380859375 0.404296875 0.0126953125 0.025390625
1 0.880859375 0.3330078125 0.0234375 0.0390625