2 0.8349609375 0.927734375 0.1640625 0.0830078125
1 0.6806640625 0.64453125 0.423828125 0.43359375
1 0.2607421875 0.7333984375 0.416015625 0.4609375
1 0.384765625 0.48046875 0.162109375 0.2109375
1 0.8359375 0.4482421875 0.15625 0.23046875
1 0.6689453125 0.31640625 0.0185546875 0.02734375
1 0.8359375 0.3115234375 0.0185546875 0.0224609375
1 0.462890625 0.345703125 0.0439453125 0.0751953125
1 0.435546875 0.328125 0.015625 0.02734375
1 0.193359375 0.427734375 0.125 0.18359375
1 0.2734375 0.3447265625 0.025390625 0.0390625
1 0.306640625 0.3544921875 0.0546875 0.091796875
1 0.2255859375 0.3486328125 0.0205078125 0.0419921875
1 0.767578125 0.3193359375 0.046875 0.06640625
1 0.8173828125 0.341796875 0.0654296875 0.0830078125
1 0.41796875 0.3681640625 0.064453125 0.1025390625
1 0.59375 0.3427734375 0.0498046875 0.09765625
1 0.6904296875 0.4052734375 0.087890625 0.150390625
1 0.64453125 0.318359375 0.0205078125 0.0361328125
1 0.0751953125 0.5107421875 0.150390625 0.255859375
1 0.4970703125 0.337890625 0.021484375 0.0419921875
1 0.529296875 0.3427734375 0.025390625 0.0634765625
1 0.9716796875 0.3447265625 0.056640625 0.0830078125
1 0.5546875 0.375 0.037109375 0.0556640625
1 0.1806640625 0.35546875 0.0205078125 0.033203125
1 0.349609375 0.3330078125 0.0439453125 0.0615234375
1 0.947265625 0.6181640625 0.0986328125 0.44140625
0 0.478515625 0.482421875 0.0439453125 0.0361328125
1 0.724609375 0.3115234375 0.0185546875 0.033203125
1 0.724609375 0.3544921875 0.025390625 0.046875
1 0.9091796875 0.3056640625 0.025390625 0.033203125
0 0.439453125 0.6083984375 0.052734375 0.0390625
1 0.26171875 0.3857421875 0.0673828125 0.0830078125
0 0.3916015625 0.9326171875 0.138671875 0.134765625
0 0.8564453125 0.5927734375 0.099609375 0.0693359375
0 0.5439453125 0.556640625 0.09375 0.0419921875
0 0.404296875 0.4287109375 0.029296875 0.01953125
0 0.462890625 0.392578125 0.029296875 0.0302734375
0 0.486328125 0.4306640625 0.0234375 0.0224609375
1 0.9970703125 0.3291015625 0.005859375 0.0302734375
2 0.541015625 0.591796875 0.064453125 0.044921875
0 0.7978515625 0.380859375 0.0263671875 0.0107421875
0 0.603515625 0.392578125 0.0361328125 0.01953125
0 0.494140625 0.58203125 0.033203125 0.05859375
0 0.587890625 0.37890625 0.0185546875 0.013671875
0 0.30078125 0.494140625 0.0205078125 0.0224609375
1 0.509765625 0.3056640625 0.0126953125 0.0166015625
1 0.1435546875 0.4169921875 0.0185546875 0.02734375
0 0.599609375 0.4541015625 0.025390625 0.0302734375
0 0.8125 0.4052734375 0.025390625 0.033203125
1 0.921875 0.3525390625 0.041015625 0.078125
0 0.9560546875 0.3916015625 0.025390625 0.0224609375
0 0.623046875 0.4912109375 0.0234375 0.033203125
0 0.3232421875 0.4052734375 0.0185546875 0.0107421875
1 0.888671875 0.3291015625 0.017578125 0.0302734375
0 0.642578125 0.4052734375 0.0419921875 0.02734375
0 0.2939453125 0.4287109375 0.0185546875 0.013671875
0 0.9228515625 0.408203125 0.044921875 0.0166015625
1 0.62890625 0.33203125 0.0234375 0.0419921875
0 0.869140625 0.5400390625 0.0498046875 0.0419921875
2 0.4599609375 0.9541015625 0.0234375 0.0859375
0 0.474609375 0.4169921875 0.017578125 0.02734375