2 0.8056640625 0.8623046875 0.1513671875 0.0751953125
1 0.287109375 0.66796875 0.376953125 0.447265625
1 0.82421875 0.453125 0.2294921875 0.2109375
1 0.599609375 0.3056640625 0.0185546875 0.02734375
1 0.3818359375 0.4384765625 0.1171875 0.177734375
1 0.537109375 0.455078125 0.162109375 0.1552734375
1 0.4931640625 0.3427734375 0.0517578125 0.1083984375
1 0.181640625 0.3291015625 0.03125 0.0419921875
1 0.087890625 0.466796875 0.1689453125 0.2392578125
1 0.6884765625 0.380859375 0.1201171875 0.171875
1 0.85546875 0.3447265625 0.0546875 0.06640625
1 0.318359375 0.3291015625 0.0498046875 0.0751953125
1 0.431640625 0.3427734375 0.0751953125 0.09765625
1 0.798828125 0.3125 0.0703125 0.091796875
1 0.5830078125 0.302734375 0.015625 0.0224609375
1 0.205078125 0.392578125 0.1142578125 0.1357421875
1 0.2431640625 0.341796875 0.0263671875 0.0556640625
1 0.66015625 0.6416015625 0.3857421875 0.3115234375
1 0.28515625 0.328125 0.0263671875 0.044921875
1 0.7216796875 0.28515625 0.015625 0.0302734375
1 0.435546875 0.3154296875 0.017578125 0.0302734375
0 0.4755859375 0.451171875 0.0390625 0.0361328125
1 0.748046875 0.2919921875 0.044921875 0.06640625
1 0.98046875 0.298828125 0.0205078125 0.0302734375
0 0.5341796875 0.533203125 0.103515625 0.0390625
1 0.654296875 0.294921875 0.0205078125 0.0498046875
0 0.861328125 0.5654296875 0.0830078125 0.0419921875
1 0.26953125 0.35546875 0.029296875 0.0498046875
0 0.1962890625 0.92578125 0.208984375 0.1484375
0 0.408203125 0.3974609375 0.025390625 0.0166015625
1 0.94140625 0.6279296875 0.1142578125 0.31640625
0 0.384765625 0.5390625 0.046875 0.0390625
0 0.42578125 0.41796875 0.029296875 0.0361328125
0 0.443359375 0.568359375 0.0546875 0.0361328125
0 0.4931640625 0.3984375 0.0263671875 0.01953125
0 0.6865234375 0.4482421875 0.0390625 0.0302734375
1 0.349609375 0.322265625 0.025390625 0.044921875
1 0.880859375 0.2919921875 0.037109375 0.0615234375
0 0.78125 0.345703125 0.0185546875 0.013671875
1 0.513671875 0.2890625 0.0185546875 0.02734375
1 0.4814453125 0.330078125 0.0185546875 0.02734375
1 0.654296875 0.3486328125 0.0263671875 0.0419921875
0 0.46875 0.3583984375 0.025390625 0.0166015625
0 0.625 0.3916015625 0.03125 0.0224609375
0 0.580078125 0.4287109375 0.0263671875 0.0419921875
0 0.451171875 0.44140625 0.0263671875 0.0166015625
0 0.3017578125 0.3984375 0.021484375 0.01953125
1 0.5546875 0.3515625 0.03125 0.046875
1 0.724609375 0.404296875 0.037109375 0.052734375
0 0.373046875 0.892578125 0.1376953125 0.2138671875
0 0.662109375 0.46484375 0.017578125 0.0419921875
0 0.962890625 0.5068359375 0.0576171875 0.052734375
0 0.599609375 0.3662109375 0.025390625 0.0224609375
1 0.736328125 0.2802734375 0.0107421875 0.0224609375
0 0.3349609375 0.380859375 0.0234375 0.0224609375
0 0.255859375 0.3837890625 0.0185546875 0.0166015625
1 0.7568359375 0.3486328125 0.013671875 0.052734375
1 0.4931640625 0.3193359375 0.013671875 0.0224609375
1 0.193359375 0.3681640625 0.025390625 0.052734375
1 0.513671875 0.3388671875 0.0185546875 0.033203125
0 0.923828125 0.330078125 0.052734375 0.0390625