2 0.83203125 0.927734375 0.1640625 0.0830078125
1 0.642578125 0.6318359375 0.376953125 0.4580078125
1 0.3623046875 0.4931640625 0.162109375 0.1865234375
1 0.734375 0.31640625 0.0185546875 0.0390625
1 0.431640625 0.39453125 0.099609375 0.138671875
1 0.724609375 0.3916015625 0.0986328125 0.1337890625
1 0.529296875 0.40234375 0.078125 0.1337890625
1 0.47265625 0.341796875 0.017578125 0.02734375
1 0.083984375 0.62890625 0.16796875 0.51953125
1 0.349609375 0.33984375 0.0205078125 0.0419921875
1 0.6240234375 0.3486328125 0.0673828125 0.091796875
1 0.279296875 0.33984375 0.0185546875 0.0361328125
1 0.67578125 0.330078125 0.033203125 0.0556640625
1 0.228515625 0.3447265625 0.0263671875 0.0390625
1 0.2001953125 0.455078125 0.125 0.2666015625
1 0.755859375 0.33984375 0.03125 0.052734375
1 0.943359375 0.45703125 0.1064453125 0.2080078125
1 0.3125 0.3447265625 0.03125 0.044921875
1 0.8447265625 0.3544921875 0.0830078125 0.09765625
1 0.90625 0.345703125 0.0498046875 0.091796875
1 0.5029296875 0.3291015625 0.0185546875 0.0419921875
1 0.1845703125 0.3486328125 0.0185546875 0.0302734375
1 0.3642578125 0.349609375 0.0185546875 0.033203125
1 0.716796875 0.3427734375 0.0263671875 0.046875
0 0.5185546875 0.580078125 0.087890625 0.0556640625
0 0.375 0.5791015625 0.0625 0.0361328125
0 0.474609375 0.48046875 0.0419921875 0.0390625
0 0.4384765625 0.607421875 0.0546875 0.0419921875
0 0.4873046875 0.4287109375 0.03125 0.01953125
1 0.6005859375 0.31640625 0.017578125 0.02734375
0 0.8662109375 0.607421875 0.095703125 0.046875
1 0.822265625 0.3125 0.0126953125 0.01953125
1 0.0498046875 0.3916015625 0.0498046875 0.06640625
1 0.9755859375 0.357421875 0.0419921875 0.05859375
1 0.76953125 0.3056640625 0.0205078125 0.033203125
1 0.451171875 0.3427734375 0.0283203125 0.052734375
0 0.40625 0.9169921875 0.1123046875 0.1552734375
0 0.923828125 0.580078125 0.0419921875 0.033203125
1 0.0283203125 0.4638671875 0.056640625 0.1279296875
1 0.7939453125 0.375 0.03125 0.0498046875
0 0.296875 0.568359375 0.046875 0.0302734375
1 0.2431640625 0.392578125 0.033203125 0.046875
1 0.6982421875 0.3525390625 0.0185546875 0.033203125
0 0.255859375 0.9052734375 0.2548828125 0.171875
0 0.4248046875 0.466796875 0.0185546875 0.0224609375
1 0.7802734375 0.3388671875 0.0234375 0.0390625
0 0.7138671875 0.48046875 0.0185546875 0.0224609375
1 0.134765625 0.4169921875 0.017578125 0.02734375
1 0.8056640625 0.3330078125 0.0263671875 0.0390625
0 0.1357421875 0.462890625 0.03125 0.01953125
0 0.7685546875 0.4384765625 0.025390625 0.0224609375
0 0.466796875 0.3916015625 0.0234375 0.0224609375
0 0.287109375 0.4306640625 0.0234375 0.0166015625
1 0.9814453125 0.4111328125 0.03125 0.0556640625
0 0.611328125 0.3955078125 0.025390625 0.013671875
0 0.294921875 0.3662109375 0.0234375 0.02734375
0 0.30078125 0.4990234375 0.0205078125 0.0302734375
1 0.6435546875 0.330078125 0.0126953125 0.0166015625