2 0.83203125 0.9248046875 0.1640625 0.0830078125
1 0.6630859375 0.615234375 0.3984375 0.48046875
1 0.275390625 0.7529296875 0.3935546875 0.494140625
1 0.373046875 0.484375 0.1455078125 0.169921875
1 0.5185546875 0.392578125 0.0625 0.130859375
1 0.30078125 0.326171875 0.017578125 0.025390625
1 0.2783203125 0.3525390625 0.025390625 0.0390625
1 0.17578125 0.43359375 0.1328125 0.1884765625
1 0.7529296875 0.318359375 0.0498046875 0.0751953125
1 0.2294921875 0.357421875 0.0283203125 0.0361328125
1 0.662109375 0.3291015625 0.037109375 0.0693359375
1 0.8671875 0.365234375 0.0498046875 0.052734375
1 0.1748046875 0.35546875 0.03125 0.0390625
1 0.712890625 0.3662109375 0.0419921875 0.099609375
1 0.9677734375 0.4169921875 0.064453125 0.1884765625
1 0.4990234375 0.3291015625 0.013671875 0.0302734375
1 0.2880859375 0.4169921875 0.0703125 0.150390625
1 0.8173828125 0.3349609375 0.0751953125 0.091796875
1 0.45703125 0.34765625 0.048828125 0.0830078125
1 0.068359375 0.5029296875 0.1328125 0.255859375
0 0.478515625 0.482421875 0.0439453125 0.0361328125
1 0.4873046875 0.341796875 0.0185546875 0.033203125
1 0.9052734375 0.318359375 0.0263671875 0.0361328125
1 0.3681640625 0.3642578125 0.0205078125 0.0498046875
1 0.619140625 0.35546875 0.0517578125 0.078125
0 0.509765625 0.576171875 0.0498046875 0.052734375
0 0.40625 0.4404296875 0.025390625 0.0361328125
1 0.9326171875 0.341796875 0.0283203125 0.0556640625
1 0.642578125 0.3212890625 0.0234375 0.0361328125
1 0.580078125 0.33203125 0.0263671875 0.046875
0 0.4384765625 0.607421875 0.0546875 0.0419921875
1 0.3330078125 0.3662109375 0.0439453125 0.072265625
0 0.388671875 0.5849609375 0.0390625 0.0302734375
1 0.25 0.3544921875 0.0126953125 0.013671875
0 0.357421875 0.9404296875 0.1484375 0.1142578125
1 0.412109375 0.3740234375 0.0517578125 0.091796875
1 0.0126953125 0.4248046875 0.025390625 0.044921875
1 0.9482421875 0.68359375 0.09375 0.3115234375
1 0.9970703125 0.322265625 0.005859375 0.033203125
0 0.48828125 0.4287109375 0.029296875 0.01953125
0 0.1181640625 0.953125 0.189453125 0.0888671875
1 0.0478515625 0.3916015625 0.044921875 0.0556640625
0 0.431640625 0.455078125 0.0498046875 0.0390625
0 0.779296875 0.44140625 0.046875 0.0390625
0 0.607421875 0.388671875 0.0205078125 0.0224609375
0 0.2822265625 0.4306640625 0.0390625 0.0224609375
1 0.880859375 0.330078125 0.025390625 0.0390625
0 0.59375 0.4541015625 0.0126953125 0.025390625
0 0.587890625 0.3837890625 0.0185546875 0.0166015625
1 0.5986328125 0.3291015625 0.015625 0.025390625
0 0.2001953125 0.3681640625 0.0185546875 0.013671875
0 0.8046875 0.380859375 0.0341796875 0.0224609375
1 0.650390625 0.3681640625 0.029296875 0.025390625
0 0.32421875 0.40234375 0.0263671875 0.0166015625
0 0.791015625 0.39453125 0.0263671875 0.0166015625
1 0.509765625 0.3056640625 0.017578125 0.0224609375
1 0.3564453125 0.4072265625 0.0185546875 0.0419921875
1 0.1240234375 0.5927734375 0.0390625 0.0634765625
0 0.2412109375 0.4169921875 0.0205078125 0.0166015625
0 0.0302734375 0.732421875 0.033203125 0.0419921875
0 0.9375 0.375 0.0185546875 0.033203125
0 0.9560546875 0.3486328125 0.025390625 0.01953125
0 0.09375 0.466796875 0.0126953125 0.0107421875