2 0.869140625 0.48046875 0.212890625 0.25
2 0.0927734375 0.640625 0.1767578125 0.5634765625
2 0.23828125 0.3681640625 0.048828125 0.0751953125
2 0.666015625 0.31640625 0.0185546875 0.02734375
2 0.4873046875 0.3359375 0.0185546875 0.033203125
2 0.8984375 0.341796875 0.078125 0.0830078125
2 0.6318359375 0.357421875 0.013671875 0.025390625
2 0.3740234375 0.4775390625 0.138671875 0.2109375
2 0.3505859375 0.341796875 0.0419921875 0.06640625
2 0.466796875 0.3359375 0.0439453125 0.0830078125
2 0.6005859375 0.3388671875 0.017578125 0.033203125
2 0.4365234375 0.3291015625 0.0263671875 0.0302734375
2 0.3662109375 0.369140625 0.0205078125 0.02734375
2 0.580078125 0.3359375 0.033203125 0.06640625
2 0.767578125 0.328125 0.048828125 0.078125
2 0.50390625 0.3291015625 0.013671875 0.0302734375
2 0.517578125 0.31640625 0.0185546875 0.033203125
2 0.541015625 0.3857421875 0.09375 0.1337890625
2 0.671875 0.3486328125 0.03125 0.05859375
2 0.17578125 0.4052734375 0.111328125 0.1611328125
2 0.7119140625 0.328125 0.0205078125 0.033203125
2 0.408203125 0.3740234375 0.046875 0.091796875
2 0.9501953125 0.7177734375 0.09375 0.2529296875
2 0.330078125 0.3779296875 0.025390625 0.0498046875
2 0.2060546875 0.3681640625 0.03125 0.0419921875
2 0.28125 0.357421875 0.037109375 0.0751953125
2 0.9814453125 0.3662109375 0.037109375 0.078125
2 0.693359375 0.3427734375 0.025390625 0.0634765625
2 0.3056640625 0.3427734375 0.0205078125 0.0302734375
2 0.05078125 0.4169921875 0.0830078125 0.0888671875
2 0.83203125 0.3349609375 0.0419921875 0.0693359375
2 0.1787109375 0.34765625 0.029296875 0.044921875
2 0.7373046875 0.31640625 0.0185546875 0.02734375
2 0.6416015625 0.3134765625 0.017578125 0.0166015625
2 0.6611328125 0.640625 0.4189453125 0.4365234375
2 0.7119140625 0.392578125 0.126953125 0.1474609375
0 0.9501953125 0.3544921875 0.03125 0.025390625
0 0.7705078125 0.443359375 0.0341796875 0.0361328125
0 0.3125 0.361328125 0.0126953125 0.0166015625
0 0.462890625 0.37890625 0.017578125 0.0302734375
0 0.3017578125 0.5107421875 0.021484375 0.044921875
0 0.236328125 0.404296875 0.021484375 0.0302734375
0 0.857421875 0.359375 0.0234375 0.0302734375
0 0.7626953125 0.3544921875 0.0185546875 0.013671875
0 0.275390625 0.4287109375 0.0498046875 0.025390625
0 0.1201171875 0.46484375 0.025390625 0.01953125
0 0.1982421875 0.4931640625 0.046875 0.01953125
0 0.5869140625 0.380859375 0.017578125 0.0166015625
0 0.4287109375 0.4677734375 0.013671875 0.013671875
0 0.587890625 0.4609375 0.025390625 0.044921875
0 0.345703125 0.3720703125 0.025390625 0.0166015625
0 0.6142578125 0.4775390625 0.0341796875 0.02734375
0 0.4931640625 0.4287109375 0.013671875 0.01953125
0 0.017578125 0.50390625 0.0341796875 0.0302734375
0 0.6103515625 0.3916015625 0.0234375 0.0224609375
0 0.2548828125 0.4072265625 0.021484375 0.013671875
0 0.4052734375 0.4287109375 0.0263671875 0.01953125
0 0.1689453125 0.447265625 0.03125 0.033203125
0 0.4189453125 0.4501953125 0.0185546875 0.033203125
0 0.439453125 0.611328125 0.052734375 0.044921875
0 0.375 0.5751953125 0.068359375 0.044921875
0 0.875 0.599609375 0.09375 0.0556640625
0 0.3798828125 0.9423828125 0.099609375 0.115234375
0 0.474609375 0.4794921875 0.033203125 0.0419921875
0 0.5546875 0.5419921875 0.0498046875 0.0224609375
0 0.203125 0.9521484375 0.22265625 0.095703125