2 0.8349609375 0.9267578125 0.1640625 0.0859375
1 0.7138671875 0.638671875 0.400390625 0.427734375
1 0.7392578125 0.318359375 0.0185546875 0.0302734375
1 0.3740234375 0.4931640625 0.1484375 0.1865234375
1 0.2763671875 0.734375 0.2841796875 0.3193359375
1 0.548828125 0.4794921875 0.154296875 0.1748046875
1 0.224609375 0.3623046875 0.0263671875 0.0419921875
1 0.076171875 0.6318359375 0.1513671875 0.513671875
1 0.42578125 0.361328125 0.064453125 0.0830078125
0 0.3359375 0.9580078125 0.171875 0.0830078125
1 0.3359375 0.3759765625 0.056640625 0.125
1 0.71875 0.390625 0.09375 0.125
1 0.587890625 0.3232421875 0.0185546875 0.0419921875
1 0.50390625 0.3681640625 0.0673828125 0.1142578125
1 0.275390625 0.3681640625 0.056640625 0.09765625
1 0.216796875 0.455078125 0.115234375 0.25
1 0.5029296875 0.326171875 0.0126953125 0.025390625
1 0.923828125 0.3291015625 0.033203125 0.0751953125
1 0.6123046875 0.345703125 0.056640625 0.0859375
1 0.826171875 0.3447265625 0.0703125 0.111328125
1 0.1669921875 0.35546875 0.037109375 0.0615234375
1 0.310546875 0.341796875 0.029296875 0.0390625
1 0.6416015625 0.3212890625 0.017578125 0.0361328125
0 0.8818359375 0.5947265625 0.080078125 0.0615234375
1 0.9697265625 0.4287109375 0.0576171875 0.19140625
1 0.7666015625 0.3037109375 0.0205078125 0.0302734375
1 0.294921875 0.3291015625 0.0107421875 0.025390625
0 0.5263671875 0.580078125 0.09375 0.0498046875
0 0.439453125 0.6083984375 0.052734375 0.0390625
1 0.5517578125 0.39453125 0.0498046875 0.0888671875
1 0.3642578125 0.3525390625 0.021484375 0.0390625
0 0.1748046875 0.9306640625 0.2001953125 0.1279296875
1 0.71875 0.3359375 0.03125 0.0556640625
0 0.294921875 0.580078125 0.0517578125 0.0556640625
0 0.373046875 0.5751953125 0.072265625 0.044921875
1 0.7998046875 0.3349609375 0.0185546875 0.0302734375
1 0.8701171875 0.337890625 0.0283203125 0.0419921875
0 0.775390625 0.443359375 0.033203125 0.0302734375
1 0.0224609375 0.453125 0.044921875 0.10546875
0 0.466796875 0.388671875 0.0234375 0.0224609375
0 0.41015625 0.4287109375 0.0205078125 0.025390625
0 0.498046875 0.4306640625 0.0234375 0.0166015625
1 0.662109375 0.33984375 0.037109375 0.05859375
1 0.951171875 0.716796875 0.0908203125 0.244140625
2 0.798828125 0.4306640625 0.021484375 0.0224609375
0 0.423828125 0.4609375 0.029296875 0.033203125
0 0.255859375 0.4072265625 0.033203125 0.025390625
0 0.3876953125 0.8916015625 0.1376953125 0.0888671875
0 0.2998046875 0.5009765625 0.0185546875 0.025390625
0 0.474609375 0.482421875 0.037109375 0.0419921875
0 0.037109375 0.5419921875 0.07421875 0.052734375
0 0.044921875 0.59375 0.08984375 0.06640625
1 0.7666015625 0.328125 0.017578125 0.02734375
0 0.2314453125 0.4013671875 0.025390625 0.025390625
1 0.4560546875 0.3291015625 0.025390625 0.0361328125
0 0.611328125 0.392578125 0.0234375 0.025390625
1 0.681640625 0.341796875 0.013671875 0.0224609375
1 0.6943359375 0.3642578125 0.029296875 0.0390625
0 0.619140625 0.48046875 0.0205078125 0.02734375
0 0.951171875 0.3515625 0.0361328125 0.025390625
0 0.138671875 0.4482421875 0.029296875 0.0419921875
0 0.763671875 0.474609375 0.037109375 0.044921875
0 0.3125 0.380859375 0.0126953125 0.0498046875
0 0.6484375 0.423828125 0.0341796875 0.01953125
0 0.455078125 0.2919921875 0.021484375 0.02734375