2 0.833984375 0.923828125 0.166015625 0.080078125
1 0.6787109375 0.6142578125 0.3984375 0.47265625
1 0.48828125 0.31640625 0.013671875 0.0224609375
1 0.4306640625 0.4072265625 0.1201171875 0.1416015625
1 0.642578125 0.3193359375 0.0234375 0.02734375
1 0.9697265625 0.419921875 0.0576171875 0.2109375
1 0.26953125 0.6962890625 0.4013671875 0.591796875
1 0.275390625 0.3515625 0.025390625 0.0361328125
1 0.759765625 0.3154296875 0.0439453125 0.0751953125
1 0.681640625 0.3544921875 0.0361328125 0.052734375
1 0.7451171875 0.392578125 0.0751953125 0.1357421875
1 0.0576171875 0.6376953125 0.115234375 0.5302734375
1 0.3505859375 0.3349609375 0.017578125 0.0302734375
1 0.5498046875 0.3974609375 0.0751953125 0.1337890625
1 0.177734375 0.361328125 0.03125 0.044921875
1 0.8115234375 0.33203125 0.0703125 0.0859375
1 0.224609375 0.3583984375 0.0185546875 0.0390625
1 0.8662109375 0.380859375 0.044921875 0.044921875
1 0.30078125 0.33984375 0.0205078125 0.0361328125
1 0.4580078125 0.3486328125 0.0283203125 0.0693359375
1 0.931640625 0.3447265625 0.037109375 0.072265625
1 0.486328125 0.3427734375 0.0234375 0.0302734375
1 0.287109375 0.4052734375 0.0751953125 0.1552734375
1 0.9501953125 0.671875 0.09375 0.3447265625
2 0.5263671875 0.591796875 0.041015625 0.044921875
0 0.388671875 0.5830078125 0.037109375 0.033203125
1 0.1435546875 0.3720703125 0.0498046875 0.06640625
0 0.4384765625 0.607421875 0.0546875 0.0419921875
1 0.5791015625 0.33984375 0.0263671875 0.046875
1 0.904296875 0.3251953125 0.0283203125 0.044921875
1 0.71875 0.3486328125 0.0185546875 0.0302734375
0 0.4052734375 0.4375 0.029296875 0.0302734375
1 0.505859375 0.3037109375 0.0126953125 0.013671875
0 0.4677734375 0.4833984375 0.0517578125 0.0390625
1 0.3681640625 0.3662109375 0.0205078125 0.0498046875
1 0.873046875 0.330078125 0.037109375 0.0498046875
0 0.353515625 0.380859375 0.021484375 0.0224609375
1 0.0478515625 0.392578125 0.044921875 0.05859375
0 0.4892578125 0.4287109375 0.0283203125 0.01953125
1 0.244140625 0.3818359375 0.03125 0.052734375
1 0.0146484375 0.455078125 0.029296875 0.099609375
1 0.6689453125 0.3154296875 0.0185546875 0.0302734375
0 0.4599609375 0.3876953125 0.0263671875 0.01953125
1 0.3310546875 0.3759765625 0.03125 0.046875
0 0.3017578125 0.3662109375 0.0185546875 0.0224609375
0 0.205078125 0.3740234375 0.021484375 0.01953125
1 0.662109375 0.341796875 0.0185546875 0.02734375
1 0.5185546875 0.318359375 0.025390625 0.0419921875
0 0.2880859375 0.4306640625 0.0205078125 0.0166015625
1 0.599609375 0.328125 0.0185546875 0.033203125
0 0.611328125 0.3916015625 0.029296875 0.0166015625
2 0.798828125 0.43359375 0.029296875 0.033203125
1 0.6494140625 0.380859375 0.0546875 0.06640625
1 0.6376953125 0.255859375 0.0185546875 0.0107421875
0 0.7939453125 0.39453125 0.03125 0.0166015625
1 0.7080078125 0.3681640625 0.0185546875 0.025390625
2 0.873046875 0.568359375 0.0390625 0.01953125
0 0.841796875 0.3681640625 0.021484375 0.01953125
1 0.9970703125 0.3291015625 0.005859375 0.0302734375
0 0.5869140625 0.37890625 0.013671875 0.013671875
1 0.8310546875 0.318359375 0.0185546875 0.025390625
1 0.474609375 0.322265625 0.0185546875 0.033203125
1 0.3154296875 0.3486328125 0.0126953125 0.01953125
0 0.318359375 0.404296875 0.03125 0.01953125
0 0.591796875 0.4541015625 0.0205078125 0.025390625
0 0.9560546875 0.349609375 0.025390625 0.0166015625
0 0.251953125 0.8876953125 0.052734375 0.025390625
0 0.3125 0.890625 0.119140625 0.05859375