2 0.833984375 0.923828125 0.166015625 0.080078125
1 0.681640625 0.693359375 0.4501953125 0.341796875
1 0.662109375 0.31640625 0.0185546875 0.02734375
1 0.255859375 0.7236328125 0.408203125 0.3916015625
1 0.69921875 0.431640625 0.1328125 0.203125
1 0.3720703125 0.4931640625 0.125 0.1806640625
1 0.548828125 0.4794921875 0.1533203125 0.1865234375
1 0.9169921875 0.357421875 0.0625 0.1025390625
1 0.443359375 0.3974609375 0.1015625 0.1552734375
1 0.509765625 0.37109375 0.0703125 0.1142578125
1 0.7451171875 0.33984375 0.0283203125 0.046875
1 0.2841796875 0.33984375 0.0185546875 0.025390625
0 0.1572265625 0.943359375 0.2265625 0.1083984375
1 0.076171875 0.5146484375 0.15234375 0.287109375
1 0.3037109375 0.3291015625 0.017578125 0.0302734375
1 0.4990234375 0.3291015625 0.013671875 0.0302734375
1 0.1884765625 0.4443359375 0.126953125 0.2109375
1 0.205078125 0.3681640625 0.041015625 0.05859375
1 0.275390625 0.3955078125 0.0732421875 0.224609375
1 0.353515625 0.341796875 0.0205078125 0.0390625
1 0.830078125 0.30859375 0.021484375 0.02734375
1 0.642578125 0.3232421875 0.013671875 0.0302734375
1 0.7216796875 0.330078125 0.0341796875 0.0556640625
1 0.8681640625 0.3642578125 0.0517578125 0.0615234375
1 0.369140625 0.35546875 0.017578125 0.0390625
1 0.7939453125 0.3447265625 0.056640625 0.099609375
1 0.5966796875 0.3662109375 0.0625 0.1220703125
1 0.841796875 0.3349609375 0.0263671875 0.0419921875
0 0.8759765625 0.5986328125 0.138671875 0.080078125
1 0.548828125 0.37890625 0.03125 0.046875
0 0.3759765625 0.580078125 0.0546875 0.0390625
0 0.4072265625 0.427734375 0.0234375 0.0224609375
1 0.509765625 0.3056640625 0.0126953125 0.0166015625
0 0.4384765625 0.609375 0.0546875 0.0419921875
0 0.4755859375 0.4833984375 0.044921875 0.0390625
1 0.9814453125 0.365234375 0.037109375 0.046875
0 0.705078125 0.4794921875 0.046875 0.0361328125
1 0.4228515625 0.365234375 0.0234375 0.052734375
0 0.4228515625 0.4677734375 0.029296875 0.025390625
0 0.3603515625 0.9248046875 0.1484375 0.14453125
1 0.955078125 0.70703125 0.0888671875 0.263671875
1 0.400390625 0.3818359375 0.03125 0.0634765625
2 0.9814453125 0.568359375 0.037109375 0.015625
0 0.583984375 0.4609375 0.037109375 0.044921875
2 0.54296875 0.591796875 0.0703125 0.044921875
0 0.349609375 0.3779296875 0.0205078125 0.02734375
1 0.7666015625 0.2998046875 0.0205078125 0.033203125
0 0.46875 0.3857421875 0.0185546875 0.0166015625
1 0.46875 0.3427734375 0.0185546875 0.0302734375
0 0.4921875 0.4306640625 0.025390625 0.0224609375
1 0.32421875 0.380859375 0.0419921875 0.072265625
1 0.599609375 0.3291015625 0.025390625 0.0302734375
0 0.6435546875 0.4248046875 0.037109375 0.0166015625
0 0.7978515625 0.3779296875 0.017578125 0.0107421875
0 0.5869140625 0.37890625 0.017578125 0.013671875
1 0.478515625 0.3017578125 0.015625 0.013671875
0 0.611328125 0.556640625 0.029296875 0.025390625
0 0.30078125 0.4990234375 0.0234375 0.0302734375
0 0.0390625 0.546875 0.078125 0.0556640625
0 0.76953125 0.361328125 0.0205078125 0.0166015625
0 0.912109375 0.4072265625 0.029296875 0.013671875
1 0.623046875 0.3642578125 0.0185546875 0.0224609375
0 0.6064453125 0.392578125 0.025390625 0.01953125
2 0.025390625 0.9521484375 0.05078125 0.083984375
0 0.2314453125 0.4052734375 0.025390625 0.02734375
1 0.466796875 0.3662109375 0.015625 0.02734375
0 0.6171875 0.4892578125 0.03125 0.02734375
1 0.763671875 0.330078125 0.015625 0.033203125
0 0.8232421875 0.35546875 0.0283203125 0.0224609375
1 0.357421875 0.4169921875 0.013671875 0.0390625
0 0.1318359375 0.46484375 0.0205078125 0.01953125
1 0.8359375 0.369140625 0.015625 0.02734375