2 0.83203125 0.927734375 0.1640625 0.0830078125
1 0.662109375 0.642578125 0.4248046875 0.44140625
1 0.0693359375 0.62890625 0.138671875 0.525390625
1 0.392578125 0.4794921875 0.1171875 0.2080078125
1 0.556640625 0.4599609375 0.125 0.1806640625
1 0.306640625 0.3662109375 0.0498046875 0.1279296875
0 0.216796875 0.9306640625 0.251953125 0.1337890625
1 0.560546875 0.3662109375 0.0341796875 0.044921875
1 0.349609375 0.33984375 0.0439453125 0.0693359375
1 0.724609375 0.3818359375 0.111328125 0.125
1 0.818359375 0.3349609375 0.0625 0.091796875
1 0.9501953125 0.4482421875 0.099609375 0.23046875
1 0.7685546875 0.328125 0.0439453125 0.0830078125
2 0.529296875 0.591796875 0.0439453125 0.044921875
1 0.2822265625 0.341796875 0.0234375 0.044921875
1 0.48828125 0.337890625 0.0419921875 0.080078125
1 0.5888671875 0.33984375 0.041015625 0.0751953125
1 0.671875 0.3359375 0.0498046875 0.0830078125
1 0.45703125 0.341796875 0.029296875 0.06640625
1 0.267578125 0.37890625 0.041015625 0.0693359375
0 0.88671875 0.5986328125 0.158203125 0.080078125
1 0.23046875 0.361328125 0.029296875 0.033203125
1 0.1865234375 0.35546875 0.0205078125 0.0390625
0 0.4814453125 0.4833984375 0.0498046875 0.0390625
1 0.884765625 0.3232421875 0.0595703125 0.080078125
0 0.3798828125 0.9423828125 0.099609375 0.115234375
1 0.71875 0.322265625 0.037109375 0.044921875
1 0.509765625 0.3056640625 0.013671875 0.0224609375
1 0.166015625 0.3974609375 0.0673828125 0.1162109375
0 0.4384765625 0.611328125 0.0546875 0.044921875
0 0.419921875 0.4501953125 0.0205078125 0.033203125
0 0.400390625 0.4306640625 0.033203125 0.0224609375
1 0.4130859375 0.35546875 0.013671875 0.0498046875
1 0.0224609375 0.451171875 0.044921875 0.1142578125
1 0.3994140625 0.3916015625 0.0263671875 0.0498046875
1 0.7177734375 0.357421875 0.0234375 0.0419921875
1 0.6279296875 0.322265625 0.03125 0.0556640625
0 0.0380859375 0.5458984375 0.076171875 0.05859375
0 0.326171875 0.4052734375 0.021484375 0.0107421875
0 0.0439453125 0.5947265625 0.087890625 0.0615234375
0 0.4931640625 0.427734375 0.017578125 0.0166015625
0 0.4267578125 0.4677734375 0.015625 0.013671875
0 0.6123046875 0.39453125 0.025390625 0.0224609375
1 0.84765625 0.330078125 0.013671875 0.044921875
0 0.4755859375 0.390625 0.013671875 0.01953125
1 0.3037109375 0.3212890625 0.0205078125 0.025390625
0 0.923828125 0.4140625 0.03125 0.0224609375
0 0.591796875 0.455078125 0.0185546875 0.02734375
1 0.34375 0.3349609375 0.0126953125 0.01953125
1 0.8984375 0.3681640625 0.03125 0.0419921875
0 0.630859375 0.41015625 0.0234375 0.0419921875