2 0.806640625 0.859375 0.15625 0.080078125
1 0.673828125 0.60546875 0.3935546875 0.388671875
1 0.291015625 0.73046875 0.3466796875 0.5224609375
1 0.380859375 0.4541015625 0.1298828125 0.1865234375
1 0.5439453125 0.44140625 0.130859375 0.171875
1 0.09375 0.5888671875 0.181640625 0.4775390625
1 0.69140625 0.375 0.107421875 0.1337890625
1 0.599609375 0.302734375 0.0185546875 0.033203125
1 0.4541015625 0.31640625 0.048828125 0.0830078125
1 0.318359375 0.302734375 0.013671875 0.0166015625
1 0.3125 0.3193359375 0.025390625 0.033203125
1 0.931640625 0.380859375 0.1328125 0.255859375
1 0.7939453125 0.3115234375 0.0625 0.0947265625
1 0.2822265625 0.3876953125 0.0859375 0.158203125
1 0.294921875 0.3115234375 0.0205078125 0.033203125
1 0.8701171875 0.3056640625 0.0654296875 0.0830078125
1 0.70703125 0.2890625 0.0419921875 0.0615234375
1 0.2041015625 0.3359375 0.060546875 0.0947265625
1 0.244140625 0.3134765625 0.025390625 0.0390625
1 0.6572265625 0.30859375 0.0419921875 0.06640625
1 0.0634765625 0.369140625 0.0361328125 0.033203125
0 0.0927734375 0.9375 0.1513671875 0.125
1 0.5751953125 0.2998046875 0.025390625 0.0556640625
1 0.267578125 0.318359375 0.017578125 0.01953125
1 0.4873046875 0.3134765625 0.037109375 0.0615234375
1 0.3564453125 0.3125 0.0185546875 0.0302734375
0 0.9130859375 0.5390625 0.107421875 0.0498046875
1 0.4111328125 0.3486328125 0.03125 0.0693359375
0 0.521484375 0.5361328125 0.103515625 0.0556640625
0 0.4794921875 0.451171875 0.041015625 0.0361328125
1 0.75 0.275390625 0.0185546875 0.033203125
0 0.443359375 0.568359375 0.0546875 0.0361328125
1 0.736328125 0.3134765625 0.0283203125 0.0390625
1 0.986328125 0.318359375 0.0263671875 0.0634765625
0 0.359375 0.931640625 0.1376953125 0.125
0 0.3876953125 0.54296875 0.0498046875 0.025390625
0 0.48828125 0.400390625 0.029296875 0.0166015625
0 0.4111328125 0.39453125 0.025390625 0.0224609375
1 0.5234375 0.318359375 0.0283203125 0.052734375
1 0.625 0.2890625 0.025390625 0.0498046875
1 0.685546875 0.326171875 0.03125 0.052734375
0 0.2919921875 0.3955078125 0.046875 0.025390625
0 0.46875 0.361328125 0.03125 0.0166015625
1 0.8154296875 0.3056640625 0.015625 0.02734375
0 0.20703125 0.4375 0.0732421875 0.05859375
0 0.78125 0.3447265625 0.0185546875 0.0107421875
0 0.611328125 0.3544921875 0.0263671875 0.025390625
0 0.6298828125 0.4052734375 0.0283203125 0.02734375
0 0.3125 0.3447265625 0.0185546875 0.02734375
0 0.576171875 0.3515625 0.015625 0.013671875
1 0.3310546875 0.3515625 0.025390625 0.046875
1 0.7841796875 0.3037109375 0.015625 0.025390625
0 0.57421875 0.517578125 0.0234375 0.0302734375
0 0.435546875 0.4306640625 0.0439453125 0.02734375
0 0.1533203125 0.4306640625 0.015625 0.0166015625
2 0.96875 0.486328125 0.03125 0.0166015625