2 0.8349609375 0.927734375 0.1640625 0.0830078125
1 0.7353515625 0.3115234375 0.0234375 0.0224609375
1 0.666015625 0.5986328125 0.3779296875 0.5087890625
1 0.0830078125 0.64453125 0.166015625 0.5830078125
1 0.466796875 0.33984375 0.0439453125 0.0859375
1 0.8876953125 0.330078125 0.0625 0.078125
1 0.1728515625 0.40234375 0.1142578125 0.1337890625
1 0.767578125 0.3291015625 0.0419921875 0.0693359375
1 0.244140625 0.3662109375 0.048828125 0.0830078125
0 0.234375 0.94140625 0.1591796875 0.10546875
1 0.6376953125 0.318359375 0.0185546875 0.0419921875
1 0.28125 0.3583984375 0.037109375 0.0830078125
1 0.537109375 0.380859375 0.095703125 0.138671875
2 0.51953125 0.591796875 0.0263671875 0.044921875
1 0.48828125 0.337890625 0.0205078125 0.0419921875
1 0.6435546875 0.369140625 0.0810546875 0.1279296875
1 0.349609375 0.37109375 0.0439453125 0.125
1 0.3876953125 0.484375 0.099609375 0.169921875
1 0.177734375 0.35546875 0.03125 0.044921875
1 0.3037109375 0.3232421875 0.017578125 0.01953125
1 0.9755859375 0.3974609375 0.048828125 0.18359375
1 0.7119140625 0.3251953125 0.0263671875 0.044921875
1 0.5126953125 0.3291015625 0.025390625 0.046875
1 0.931640625 0.3291015625 0.0390625 0.05859375
1 0.0185546875 0.3876953125 0.037109375 0.0419921875
1 0.662109375 0.3251953125 0.0185546875 0.033203125
0 0.380859375 0.9384765625 0.125 0.1220703125
1 0.8359375 0.3291015625 0.041015625 0.0751953125
1 0.412109375 0.37890625 0.037109375 0.0859375
0 0.4755859375 0.482421875 0.0419921875 0.0361328125
0 0.38671875 0.5732421875 0.0517578125 0.0419921875
0 0.4384765625 0.6083984375 0.0546875 0.0390625
1 0.357421875 0.3291015625 0.013671875 0.0302734375
0 0.873046875 0.5947265625 0.076171875 0.06640625
1 0.587890625 0.3427734375 0.037109375 0.0693359375
0 0.8427734375 0.3779296875 0.029296875 0.0166015625
1 0.326171875 0.37890625 0.0205078125 0.046875
1 0.6162109375 0.3212890625 0.033203125 0.0419921875
1 0.3056640625 0.3486328125 0.0205078125 0.01953125
0 0.255859375 0.41015625 0.0234375 0.01953125
1 0.318359375 0.3515625 0.0126953125 0.025390625
0 0.2802734375 0.4306640625 0.0419921875 0.0224609375
0 0.4287109375 0.4677734375 0.0205078125 0.01953125
1 0.6689453125 0.359375 0.025390625 0.0302734375
0 0.591796875 0.455078125 0.021484375 0.02734375
0 0.46875 0.37890625 0.0126953125 0.025390625
2 0.4599609375 0.9541015625 0.0234375 0.0859375
0 0.767578125 0.3779296875 0.0234375 0.0390625
0 0.634765625 0.44140625 0.029296875 0.044921875
1 0.576171875 0.3857421875 0.0205078125 0.044921875
0 0.9619140625 0.349609375 0.0205078125 0.0166015625
0 0.609375 0.388671875 0.0126953125 0.0224609375