2 0.8349609375 0.9267578125 0.1640625 0.0859375
1 0.6552734375 0.6474609375 0.423828125 0.4443359375
1 0.8779296875 0.482421875 0.240234375 0.2529296875
1 0.7412109375 0.3154296875 0.013671875 0.025390625
1 0.380859375 0.4912109375 0.1376953125 0.2001953125
1 0.4921875 0.3447265625 0.021484375 0.0390625
1 0.255859375 0.7412109375 0.3251953125 0.3662109375
1 0.5703125 0.404296875 0.115234375 0.1416015625
1 0.462890625 0.3447265625 0.0439453125 0.06640625
1 0.2783203125 0.349609375 0.025390625 0.044921875
1 0.4375 0.345703125 0.025390625 0.0361328125
1 0.72265625 0.4013671875 0.1044921875 0.1357421875
1 0.2744140625 0.44140625 0.091796875 0.1884765625
1 0.892578125 0.3349609375 0.0517578125 0.0693359375
0 0.337890625 0.9580078125 0.1748046875 0.0830078125
1 0.818359375 0.33984375 0.0703125 0.09765625
1 0.2236328125 0.361328125 0.0283203125 0.044921875
1 0.6474609375 0.326171875 0.0263671875 0.052734375
1 0.072265625 0.4111328125 0.087890625 0.1162109375
1 0.353515625 0.3427734375 0.021484375 0.0361328125
1 0.5302734375 0.341796875 0.0234375 0.0615234375
1 0.3037109375 0.3447265625 0.0234375 0.0390625
1 0.66796875 0.330078125 0.0205078125 0.044921875
1 0.169921875 0.349609375 0.0390625 0.0556640625
0 0.8876953125 0.6044921875 0.0625 0.046875
0 0.439453125 0.611328125 0.052734375 0.044921875
1 0.259765625 0.3623046875 0.0185546875 0.025390625
0 0.181640625 0.927734375 0.1982421875 0.138671875
1 0.400390625 0.380859375 0.029296875 0.0615234375
1 0.5849609375 0.3291015625 0.0263671875 0.046875
0 0.478515625 0.48046875 0.048828125 0.0390625
1 0.9365234375 0.345703125 0.0390625 0.05859375
1 0.9814453125 0.3525390625 0.037109375 0.044921875
0 0.525390625 0.5830078125 0.119140625 0.0615234375
0 0.4990234375 0.4287109375 0.0263671875 0.01953125
1 0.9580078125 0.716796875 0.0810546875 0.2392578125
0 0.6123046875 0.3984375 0.025390625 0.01953125
0 0.294921875 0.5654296875 0.048828125 0.025390625
0 0.3876953125 0.587890625 0.0439453125 0.025390625
1 0.7685546875 0.3056640625 0.0185546875 0.02734375
1 0.3349609375 0.3291015625 0.0205078125 0.0302734375
1 0.0419921875 0.640625 0.083984375 0.513671875
1 0.7685546875 0.3349609375 0.037109375 0.0419921875
1 0.1875 0.41796875 0.119140625 0.15234375
1 0.8564453125 0.341796875 0.025390625 0.033203125
0 0.388671875 0.8916015625 0.138671875 0.0947265625
0 0.7724609375 0.44140625 0.033203125 0.033203125
0 0.4189453125 0.443359375 0.0185546875 0.0361328125
0 0.4638671875 0.3876953125 0.0341796875 0.025390625
0 0.619140625 0.48046875 0.025390625 0.0224609375
0 0.0341796875 0.6015625 0.068359375 0.052734375
0 0.63671875 0.427734375 0.029296875 0.0224609375
0 0.0068359375 0.5 0.013671875 0.033203125
1 0.841796875 0.3115234375 0.013671875 0.033203125
1 0.81640625 0.3974609375 0.0361328125 0.0556640625
0 0.041015625 0.544921875 0.08203125 0.046875
0 0.3017578125 0.5029296875 0.021484375 0.0390625
0 0.787109375 0.4013671875 0.0205078125 0.013671875
1 0.318359375 0.3515625 0.0126953125 0.025390625
1 0.6552734375 0.390625 0.0673828125 0.0859375
1 0.7939453125 0.3291015625 0.0185546875 0.025390625
1 0.0361328125 0.4267578125 0.021484375 0.0361328125
0 0.125 0.4677734375 0.0185546875 0.013671875