2 0.833984375 0.923828125 0.166015625 0.080078125
1 0.673828125 0.6416015625 0.439453125 0.4501953125
1 0.2548828125 0.767578125 0.333984375 0.4365234375
1 0.7373046875 0.3115234375 0.0185546875 0.0224609375
1 0.373046875 0.486328125 0.1533203125 0.18359375
1 0.486328125 0.361328125 0.046875 0.0947265625
1 0.4423828125 0.3427734375 0.021484375 0.0361328125
1 0.6474609375 0.318359375 0.017578125 0.0361328125
1 0.341796875 0.380859375 0.046875 0.138671875
1 0.537109375 0.388671875 0.080078125 0.1220703125
1 0.744140625 0.380859375 0.0732421875 0.10546875
0 0.3310546875 0.9580078125 0.1748046875 0.0830078125
1 0.275390625 0.4150390625 0.0859375 0.224609375
1 0.1748046875 0.39453125 0.099609375 0.138671875
1 0.21875 0.3662109375 0.03125 0.044921875
1 0.763671875 0.3154296875 0.0439453125 0.0693359375
1 0.65625 0.375 0.0751953125 0.10546875
1 0.587890625 0.341796875 0.0419921875 0.0888671875
0 0.478515625 0.48046875 0.0419921875 0.0390625
1 0.666015625 0.3232421875 0.0205078125 0.0419921875
1 0.0791015625 0.509765625 0.154296875 0.2587890625
1 0.2783203125 0.341796875 0.015625 0.0224609375
1 0.9541015625 0.6806640625 0.091796875 0.31640625
1 0.59375 0.306640625 0.0126953125 0.025390625
1 0.8935546875 0.3349609375 0.056640625 0.080078125
1 0.830078125 0.328125 0.0546875 0.06640625
1 0.9736328125 0.423828125 0.052734375 0.19140625
0 0.41796875 0.451171875 0.0234375 0.0361328125
0 0.439453125 0.611328125 0.052734375 0.044921875
0 0.5341796875 0.580078125 0.1591796875 0.06640625
1 0.36328125 0.3544921875 0.0205078125 0.0302734375
0 0.373046875 0.5791015625 0.0673828125 0.0361328125
0 0.8740234375 0.60546875 0.0888671875 0.0556640625
1 0.1806640625 0.3544921875 0.0205078125 0.01953125
1 0.40625 0.37890625 0.03125 0.0693359375
1 0.037109375 0.4052734375 0.0498046875 0.0615234375
0 0.4638671875 0.388671875 0.0283203125 0.02734375
1 0.3349609375 0.3291015625 0.0205078125 0.0302734375
0 0.41015625 0.427734375 0.017578125 0.0224609375
0 0.6162109375 0.4697265625 0.0390625 0.0390625
1 0.7978515625 0.365234375 0.0419921875 0.052734375
1 0.306640625 0.3515625 0.025390625 0.0361328125
0 0.6123046875 0.400390625 0.025390625 0.0166015625
0 0.3857421875 0.892578125 0.1376953125 0.091796875
0 0.294921875 0.56640625 0.0517578125 0.0224609375
0 0.984375 0.568359375 0.0185546875 0.0361328125
0 0.9248046875 0.3662109375 0.025390625 0.0224609375
0 0.30078125 0.505859375 0.0234375 0.0390625
1 0.23046875 0.4072265625 0.017578125 0.025390625
0 0.587890625 0.3818359375 0.0185546875 0.025390625
0 0.3125 0.3818359375 0.0126953125 0.046875
0 0.498046875 0.427734375 0.0283203125 0.0224609375
1 0.767578125 0.3125 0.013671875 0.01953125
0 0.125 0.46484375 0.0185546875 0.01953125
0 0.94140625 0.3515625 0.048828125 0.025390625