2 0.8056640625 0.8623046875 0.1513671875 0.0751953125
1 0.623046875 0.5888671875 0.3232421875 0.421875
1 0.48828125 0.318359375 0.0205078125 0.0361328125
1 0.375 0.455078125 0.1435546875 0.18359375
1 0.2734375 0.7275390625 0.400390625 0.494140625
1 0.880859375 0.3134765625 0.076171875 0.099609375
1 0.21875 0.4052734375 0.119140625 0.18359375
1 0.548828125 0.337890625 0.033203125 0.05859375
1 0.630859375 0.3681640625 0.0751953125 0.1357421875
1 0.9345703125 0.4111328125 0.130859375 0.205078125
1 0.3251953125 0.3017578125 0.0126953125 0.025390625
1 0.431640625 0.3193359375 0.025390625 0.0390625
1 0.705078125 0.341796875 0.0654296875 0.0888671875
1 0.087890625 0.486328125 0.173828125 0.283203125
1 0.8056640625 0.30859375 0.0576171875 0.0888671875
1 0.8076171875 0.4794921875 0.150390625 0.26953125
1 0.654296875 0.2958984375 0.033203125 0.052734375
1 0.6669921875 0.3427734375 0.03125 0.052734375
1 0.7216796875 0.29296875 0.0185546875 0.0361328125
1 0.630859375 0.29296875 0.0185546875 0.0302734375
1 0.7490234375 0.27734375 0.0234375 0.02734375
1 0.5 0.2998046875 0.0126953125 0.033203125
1 0.962890625 0.3056640625 0.068359375 0.0830078125
1 0.462890625 0.3193359375 0.025390625 0.0498046875
1 0.248046875 0.330078125 0.0234375 0.033203125
0 0.4755859375 0.4482421875 0.0419921875 0.0419921875
0 0.423828125 0.4169921875 0.0205078125 0.033203125
0 0.8857421875 0.54296875 0.150390625 0.05859375
0 0.443359375 0.568359375 0.0546875 0.0361328125
1 0.576171875 0.2919921875 0.025390625 0.0498046875
0 0.494140625 0.40234375 0.025390625 0.0166015625
0 0.3798828125 0.5458984375 0.0625 0.025390625
0 0.361328125 0.9169921875 0.146484375 0.1611328125
1 0.7060546875 0.3115234375 0.0185546875 0.033203125
0 0.5244140625 0.5302734375 0.1015625 0.033203125
1 0.1953125 0.322265625 0.0341796875 0.0556640625
1 0.34765625 0.330078125 0.0517578125 0.0830078125
1 0.2939453125 0.3232421875 0.0185546875 0.01953125
0 0.8115234375 0.744140625 0.154296875 0.099609375
0 0.4111328125 0.3955078125 0.025390625 0.025390625
1 0.5986328125 0.328125 0.021484375 0.033203125
1 0.7529296875 0.3193359375 0.025390625 0.0615234375
1 0.517578125 0.33984375 0.0263671875 0.0419921875
1 0.052734375 0.3623046875 0.041015625 0.0419921875
0 0.1884765625 0.427734375 0.033203125 0.0224609375
0 0.5810546875 0.345703125 0.0185546875 0.013671875
0 0.3544921875 0.34765625 0.021484375 0.0166015625
0 0.6435546875 0.77734375 0.193359375 0.044921875
1 0.21875 0.35546875 0.037109375 0.044921875
1 0.619140625 0.3291015625 0.0205078125 0.0361328125
1 0.513671875 0.2861328125 0.021484375 0.033203125
0 0.78125 0.345703125 0.0185546875 0.013671875
1 0.96875 0.3037109375 0.0185546875 0.0302734375
0 0.7451171875 0.404296875 0.025390625 0.0361328125
0 0.587890625 0.421875 0.025390625 0.033203125
0 0.2919921875 0.3955078125 0.0439453125 0.025390625
2 0.3955078125 0.9736328125 0.037109375 0.0419921875
0 0.60546875 0.3681640625 0.029296875 0.0302734375
1 0.810546875 0.3017578125 0.0185546875 0.025390625
0 0.2177734375 0.4443359375 0.0517578125 0.02734375
0 0.912109375 0.349609375 0.0185546875 0.044921875
0 0.0263671875 0.455078125 0.052734375 0.0390625
0 0.318359375 0.517578125 0.048828125 0.0361328125
0 0.7939453125 0.337890625 0.0126953125 0.01953125
0 0.154296875 0.4287109375 0.0205078125 0.01953125
0 0.466796875 0.361328125 0.017578125 0.0166015625
1 0.9248046875 0.3017578125 0.0185546875 0.025390625
0 0.33203125 0.380859375 0.0263671875 0.033203125
1 0.693359375 0.3232421875 0.0126953125 0.0302734375