2 0.833984375 0.9267578125 0.166015625 0.0859375
1 0.69140625 0.705078125 0.4638671875 0.31640625
1 0.8310546875 0.48046875 0.193359375 0.216796875
1 0.6748046875 0.3193359375 0.025390625 0.033203125
1 0.2421875 0.7265625 0.390625 0.5361328125
1 0.529296875 0.341796875 0.0205078125 0.0498046875
1 0.375 0.4912109375 0.1376953125 0.18359375
1 0.419921875 0.3662109375 0.0546875 0.1220703125
1 0.537109375 0.466796875 0.1689453125 0.1943359375
1 0.7060546875 0.4287109375 0.125 0.2138671875
1 0.9560546875 0.455078125 0.087890625 0.205078125
1 0.275390625 0.3427734375 0.0234375 0.025390625
1 0.4638671875 0.3486328125 0.0283203125 0.05859375
1 0.4384765625 0.3154296875 0.017578125 0.0361328125
1 0.298828125 0.33203125 0.0205078125 0.0361328125
1 0.3623046875 0.3447265625 0.037109375 0.078125
1 0.76171875 0.3115234375 0.0419921875 0.0830078125
1 0.6435546875 0.31640625 0.0185546875 0.0390625
1 0.880859375 0.3779296875 0.0498046875 0.044921875
1 0.19140625 0.421875 0.142578125 0.1943359375
1 0.287109375 0.41796875 0.091796875 0.158203125
1 0.818359375 0.3447265625 0.0859375 0.111328125
1 0.712890625 0.3427734375 0.03125 0.0634765625
1 0.9609375 0.6806640625 0.078125 0.3115234375
1 0.212890625 0.3583984375 0.025390625 0.033203125
0 0.4755859375 0.48046875 0.0419921875 0.0390625
1 0.7314453125 0.318359375 0.0185546875 0.0302734375
1 0.587890625 0.3359375 0.037109375 0.06640625
0 0.8740234375 0.5927734375 0.1044921875 0.0751953125
1 0.068359375 0.4169921875 0.0986328125 0.1162109375
1 0.494140625 0.3330078125 0.0126953125 0.0224609375
1 0.625 0.388671875 0.0810546875 0.150390625
1 0.556640625 0.3681640625 0.037109375 0.0634765625
0 0.439453125 0.6083984375 0.052734375 0.0390625
0 0.37890625 0.580078125 0.0576171875 0.02734375
0 0.541015625 0.580078125 0.1220703125 0.0615234375
1 0.3349609375 0.3525390625 0.0234375 0.0390625
1 0.9736328125 0.3544921875 0.052734375 0.052734375
1 0.666015625 0.3681640625 0.033203125 0.05859375
0 0.7099609375 0.4775390625 0.048828125 0.033203125
1 0.837890625 0.3056640625 0.0185546875 0.02734375
0 0.619140625 0.5615234375 0.03125 0.0166015625
1 0.23046875 0.37890625 0.0234375 0.0361328125
0 0.1494140625 0.4404296875 0.0234375 0.025390625
0 0.6435546875 0.4248046875 0.03125 0.0166015625
0 0.951171875 0.55859375 0.0732421875 0.033203125
1 0.89453125 0.3359375 0.029296875 0.044921875
0 0.330078125 0.404296875 0.0205078125 0.013671875
0 0.037109375 0.544921875 0.07421875 0.05859375
0 0.7734375 0.443359375 0.03125 0.0302734375
0 0.9697265625 0.3857421875 0.048828125 0.0166015625
0 0.798828125 0.37890625 0.0234375 0.013671875
0 0.4501953125 0.4736328125 0.03125 0.01953125
0 0.044921875 0.5947265625 0.0888671875 0.06640625
0 0.607421875 0.4775390625 0.0234375 0.0224609375
0 0.4248046875 0.466796875 0.0185546875 0.0224609375
0 0.0166015625 0.4931640625 0.033203125 0.0302734375
1 0.505859375 0.3818359375 0.0625 0.0859375
2 0.7822265625 0.41015625 0.029296875 0.0302734375
0 0.30078125 0.505859375 0.0234375 0.033203125
0 0.849609375 0.361328125 0.0185546875 0.0166015625
0 0.59375 0.4541015625 0.0126953125 0.0302734375
1 0.26953125 0.3916015625 0.029296875 0.0390625
0 0.919921875 0.3818359375 0.033203125 0.046875
0 0.1923828125 0.404296875 0.021484375 0.052734375
1 0.330078125 0.447265625 0.0205078125 0.06640625
0 0.275390625 0.423828125 0.0361328125 0.0302734375