2 0.8349609375 0.9267578125 0.1640625 0.0859375
1 0.669921875 0.6484375 0.4169921875 0.419921875
1 0.671875 0.322265625 0.021484375 0.033203125
1 0.236328125 0.755859375 0.453125 0.47265625
1 0.6435546875 0.318359375 0.0185546875 0.0361328125
1 0.369140625 0.4892578125 0.142578125 0.177734375
1 0.724609375 0.4052734375 0.099609375 0.14453125
1 0.841796875 0.466796875 0.146484375 0.22265625
1 0.193359375 0.4443359375 0.126953125 0.2109375
1 0.599609375 0.341796875 0.0498046875 0.0888671875
1 0.283203125 0.4169921875 0.068359375 0.1943359375
1 0.0732421875 0.505859375 0.146484375 0.27734375
1 0.5068359375 0.369140625 0.076171875 0.150390625
1 0.7685546875 0.3095703125 0.037109375 0.0693359375
1 0.9541015625 0.4482421875 0.091796875 0.2197265625
1 0.8076171875 0.33984375 0.0625 0.09765625
1 0.3447265625 0.380859375 0.0546875 0.138671875
1 0.2255859375 0.369140625 0.0419921875 0.0498046875
1 0.7080078125 0.345703125 0.0283203125 0.046875
1 0.419921875 0.3662109375 0.0546875 0.099609375
1 0.4609375 0.341796875 0.0283203125 0.0556640625
1 0.5654296875 0.35546875 0.0341796875 0.02734375
1 0.90625 0.3291015625 0.03125 0.052734375
1 0.6318359375 0.359375 0.033203125 0.05859375
1 0.73046875 0.3134765625 0.033203125 0.0615234375
1 0.287109375 0.3359375 0.0185546875 0.033203125
0 0.478515625 0.48046875 0.0439453125 0.0390625
1 0.837890625 0.3056640625 0.0126953125 0.02734375
0 0.2724609375 0.96484375 0.095703125 0.0634765625
0 0.3740234375 0.5791015625 0.064453125 0.0361328125
0 0.3916015625 0.9287109375 0.142578125 0.1357421875
0 0.439453125 0.611328125 0.052734375 0.044921875
0 0.53125 0.5751953125 0.1064453125 0.06640625
1 0.3359375 0.3447265625 0.021484375 0.033203125
1 0.9365234375 0.3359375 0.0361328125 0.06640625
0 0.9130859375 0.587890625 0.1640625 0.080078125
1 0.037109375 0.400390625 0.0546875 0.06640625
1 0.3037109375 0.3583984375 0.0263671875 0.0390625
0 0.326171875 0.404296875 0.025390625 0.013671875
0 0.4921875 0.43359375 0.025390625 0.0166015625
0 0.6416015625 0.427734375 0.0419921875 0.0224609375
0 0.462890625 0.390625 0.025390625 0.01953125
0 0.599609375 0.3984375 0.0185546875 0.01953125
0 0.2998046875 0.5654296875 0.037109375 0.025390625
1 0.673828125 0.365234375 0.029296875 0.052734375
0 0.6162109375 0.4736328125 0.029296875 0.0302734375
1 0.259765625 0.392578125 0.0263671875 0.0361328125
0 0.30078125 0.5029296875 0.0205078125 0.033203125
0 0.423828125 0.4541015625 0.013671875 0.0361328125
2 0.9794921875 0.5791015625 0.0341796875 0.01953125
1 0.884765625 0.3349609375 0.0185546875 0.0419921875
1 0.955078125 0.7177734375 0.0859375 0.2412109375
0 0.0166015625 0.4912109375 0.033203125 0.0390625
0 0.67578125 0.4775390625 0.017578125 0.02734375
0 0.3740234375 0.3779296875 0.0107421875 0.0166015625
0 0.962890625 0.3544921875 0.03125 0.025390625
0 0.9326171875 0.412109375 0.0439453125 0.025390625