0 0.833984375 0.927734375 0.166015625 0.0830078125
1 0.685546875 0.6259765625 0.4267578125 0.4638671875
1 0.2568359375 0.7412109375 0.4326171875 0.5
1 0.3818359375 0.48046875 0.1357421875 0.18359375
1 0.28125 0.328125 0.0185546875 0.02734375
1 0.1865234375 0.4208984375 0.107421875 0.1640625
1 0.1689453125 0.34765625 0.03125 0.044921875
1 0.7568359375 0.318359375 0.0517578125 0.080078125
1 0.5302734375 0.3291015625 0.017578125 0.0302734375
1 0.5751953125 0.404296875 0.099609375 0.1474609375
1 0.4599609375 0.34765625 0.044921875 0.0830078125
1 0.0732421875 0.404296875 0.09375 0.130859375
1 0.951171875 0.451171875 0.095703125 0.224609375
1 0.423828125 0.330078125 0.0263671875 0.02734375
1 0.296875 0.404296875 0.0625 0.1640625
1 0.8154296875 0.3427734375 0.0810546875 0.1142578125
1 0.892578125 0.328125 0.0654296875 0.078125
1 0.583984375 0.337890625 0.041015625 0.0693359375
1 0.736328125 0.375 0.0517578125 0.06640625
1 0.212890625 0.35546875 0.033203125 0.044921875
1 0.642578125 0.322265625 0.0234375 0.044921875
1 0.5048828125 0.37890625 0.0625 0.158203125
1 0.33203125 0.330078125 0.0205078125 0.0615234375
1 0.6748046875 0.328125 0.025390625 0.0498046875
1 0.677734375 0.41796875 0.087890625 0.1474609375
1 0.3662109375 0.3359375 0.0576171875 0.1943359375
1 0.48828125 0.3486328125 0.0234375 0.0419921875
1 0.609375 0.3291015625 0.0185546875 0.0419921875
1 0.931640625 0.3359375 0.03125 0.0556640625
0 0.478515625 0.482421875 0.0419921875 0.0361328125
1 0.701171875 0.326171875 0.0341796875 0.0634765625
1 0.341796875 0.2919921875 0.0185546875 0.02734375
0 0.537109375 0.5859375 0.107421875 0.0556640625
1 0.724609375 0.31640625 0.0185546875 0.044921875
0 0.94140625 0.58203125 0.1044921875 0.046875
0 0.3955078125 0.580078125 0.056640625 0.033203125
0 0.392578125 0.9306640625 0.146484375 0.138671875
1 0.9619140625 0.716796875 0.076171875 0.25
0 0.44140625 0.6083984375 0.0517578125 0.0390625
1 0.9814453125 0.357421875 0.037109375 0.05859375
1 0.298828125 0.349609375 0.021484375 0.033203125
0 0.8564453125 0.591796875 0.1064453125 0.06640625
0 0.462890625 0.390625 0.029296875 0.025390625
1 0.6982421875 0.3759765625 0.0185546875 0.025390625
1 0.2470703125 0.3662109375 0.0283203125 0.044921875
0 0.6357421875 0.423828125 0.046875 0.01953125
2 0.8232421875 0.5537109375 0.041015625 0.01953125
0 0.037109375 0.544921875 0.07421875 0.05859375
0 0.810546875 0.37890625 0.0517578125 0.013671875
0 0.603515625 0.392578125 0.044921875 0.025390625
1 0.59375 0.326171875 0.0126953125 0.025390625
0 0.0439453125 0.595703125 0.087890625 0.0634765625
0 0.197265625 0.4912109375 0.044921875 0.02734375
1 0.544921875 0.390625 0.033203125 0.0419921875
0 0.95703125 0.37890625 0.029296875 0.0361328125
0 0.9560546875 0.349609375 0.025390625 0.0166015625
0 0.76953125 0.3759765625 0.0205078125 0.0361328125
1 0.98828125 0.43359375 0.017578125 0.0830078125
0 0.48828125 0.419921875 0.017578125 0.0166015625
0 0.28125 0.9765625 0.0625 0.046875
1 0.037109375 0.427734375 0.025390625 0.0390625
0 0.326171875 0.404296875 0.025390625 0.013671875
0 0.599609375 0.505859375 0.0185546875 0.02734375
2 0.994140625 0.556640625 0.0107421875 0.013671875
0 0.92578125 0.41015625 0.0419921875 0.01953125
1 0.193359375 0.3916015625 0.025390625 0.0556640625
0 0.138671875 0.4482421875 0.029296875 0.0419921875
0 0.279296875 0.4306640625 0.041015625 0.0224609375