2 0.8359375 0.927734375 0.166015625 0.0830078125
1 0.6884765625 0.6669921875 0.466796875 0.39453125
1 0.541015625 0.466796875 0.15625 0.2001953125
1 0.6875 0.40234375 0.0625 0.216796875
1 0.607421875 0.3662109375 0.0517578125 0.138671875
1 0.498046875 0.365234375 0.044921875 0.1416015625
0 0.474609375 0.482421875 0.0439453125 0.0419921875
1 0.400390625 0.4287109375 0.1376953125 0.2587890625
0 0.2001953125 0.9375 0.2314453125 0.125
1 0.51171875 0.2734375 0.029296875 0.080078125
1 0.42578125 0.2822265625 0.0361328125 0.0751953125
1 0.9599609375 0.6015625 0.080078125 0.453125
1 0.55078125 0.3056640625 0.0517578125 0.1279296875
1 0.3544921875 0.267578125 0.03125 0.0751953125
0 0.5703125 0.568359375 0.119140625 0.052734375
1 0.724609375 0.2431640625 0.03125 0.1025390625
0 0.88671875 0.591796875 0.107421875 0.078125
0 0.439453125 0.607421875 0.056640625 0.0419921875
1 0.6513671875 0.279296875 0.0439453125 0.1083984375
1 0.255859375 0.505859375 0.1875 0.7666015625
1 0.6357421875 0.255859375 0.0126953125 0.0166015625
1 0.5322265625 0.2734375 0.0205078125 0.0419921875
0 0.380859375 0.9375 0.125 0.125
0 0.3232421875 0.5615234375 0.134765625 0.078125
1 0.806640625 0.2724609375 0.21875 0.544921875
1 0.974609375 0.2294921875 0.048828125 0.2197265625
1 0.5927734375 0.3193359375 0.017578125 0.033203125
1 0.654296875 0.2392578125 0.013671875 0.02734375
1 0.474609375 0.345703125 0.013671875 0.025390625
1 0.3310546875 0.205078125 0.025390625 0.078125
0 0.005859375 0.568359375 0.01171875 0.08984375
1 0.03125 0.68359375 0.0625 0.4892578125
1 0.322265625 0.31640625 0.046875 0.1552734375
0 0.6826171875 0.48046875 0.0283203125 0.0390625
1 0.5126953125 0.349609375 0.0185546875 0.044921875
1 0.451171875 0.330078125 0.037109375 0.0498046875
1 0.392578125 0.328125 0.044921875 0.06640625
0 0.638671875 0.4169921875 0.048828125 0.0390625
0 0.8623046875 0.5400390625 0.0498046875 0.046875
1 0.884765625 0.046875 0.1171875 0.09375
0 0.357421875 0.384765625 0.0263671875 0.0693359375
1 0.8701171875 0.2666015625 0.03125 0.044921875
0 0.494140625 0.5927734375 0.0439453125 0.0693359375