2 0.8349609375 0.9267578125 0.1669921875 0.0859375
1 0.2724609375 0.7529296875 0.3857421875 0.47265625
1 0.7001953125 0.6787109375 0.474609375 0.3359375
1 0.5380859375 0.4736328125 0.173828125 0.1806640625
1 0.861328125 0.48046875 0.240234375 0.2275390625
1 0.4443359375 0.4111328125 0.0830078125 0.14453125
1 0.701171875 0.4384765625 0.123046875 0.2001953125
1 0.2373046875 0.369140625 0.0498046875 0.06640625
1 0.462890625 0.3427734375 0.029296875 0.05859375
1 0.779296875 0.380859375 0.048828125 0.0947265625
1 0.5634765625 0.369140625 0.0361328125 0.0498046875
1 0.900390625 0.330078125 0.056640625 0.078125
1 0.6376953125 0.341796875 0.0498046875 0.078125
1 0.736328125 0.322265625 0.0205078125 0.044921875
1 0.5888671875 0.341796875 0.037109375 0.06640625
1 0.818359375 0.330078125 0.068359375 0.0888671875
1 0.0751953125 0.505859375 0.150390625 0.2666015625
1 0.5126953125 0.35546875 0.068359375 0.1220703125
1 0.880859375 0.3779296875 0.0625 0.044921875
0 0.478515625 0.48046875 0.0439453125 0.0390625
1 0.3564453125 0.341796875 0.03125 0.0498046875
1 0.013671875 0.388671875 0.02734375 0.0390625
0 0.41015625 0.4404296875 0.0205078125 0.0361328125
1 0.712890625 0.341796875 0.0263671875 0.0498046875
1 0.9541015625 0.66796875 0.091796875 0.3359375
1 0.85546875 0.341796875 0.0234375 0.044921875
0 0.560546875 0.5751953125 0.162109375 0.0556640625
0 0.880859375 0.607421875 0.1123046875 0.1142578125
1 0.1953125 0.375 0.03125 0.033203125
1 0.673828125 0.326171875 0.0205078125 0.0361328125
1 0.9736328125 0.349609375 0.052734375 0.06640625
1 0.4873046875 0.3291015625 0.0126953125 0.0302734375
1 0.298828125 0.326171875 0.087890625 0.3857421875
0 0.439453125 0.6083984375 0.052734375 0.0390625
1 0.763671875 0.31640625 0.0361328125 0.0615234375
0 0.3916015625 0.5791015625 0.060546875 0.0419921875
0 0.701171875 0.4775390625 0.044921875 0.02734375
1 0.5205078125 0.3251953125 0.0126953125 0.033203125
1 0.0419921875 0.4111328125 0.052734375 0.06640625
0 0.490234375 0.4287109375 0.025390625 0.01953125
1 0.9365234375 0.34765625 0.0361328125 0.044921875
0 0.603515625 0.4638671875 0.029296875 0.0390625
0 0.6416015625 0.423828125 0.0419921875 0.01953125
0 0.7724609375 0.443359375 0.029296875 0.0302734375
0 0.46875 0.384765625 0.0185546875 0.01953125
0 0.2548828125 0.41015625 0.0185546875 0.01953125
0 0.607421875 0.39453125 0.0205078125 0.0166015625
0 0.1884765625 0.466796875 0.080078125 0.0615234375
0 0.81640625 0.380859375 0.0576171875 0.0224609375
0 0.423828125 0.466796875 0.0234375 0.0224609375
1 0.609375 0.3359375 0.0126953125 0.0166015625
1 0.53125 0.3447265625 0.0185546875 0.033203125
0 0.6669921875 0.5166015625 0.021484375 0.0498046875
1 0.6787109375 0.3857421875 0.0263671875 0.033203125
1 0.6259765625 0.4873046875 0.0234375 0.05859375
0 0.9189453125 0.587890625 0.037109375 0.025390625
0 0.921875 0.3955078125 0.0126953125 0.025390625
0 0.119140625 0.4541015625 0.0498046875 0.0419921875
1 0.26171875 0.4208984375 0.0107421875 0.025390625