0 0.8056640625 0.8623046875 0.1513671875 0.0751953125
1 0.2685546875 0.66796875 0.380859375 0.4248046875
1 0.5380859375 0.453125 0.154296875 0.1611328125
1 0.3740234375 0.453125 0.126953125 0.1611328125
1 0.82421875 0.4443359375 0.216796875 0.216796875
1 0.6943359375 0.39453125 0.123046875 0.18359375
1 0.6669921875 0.6484375 0.4189453125 0.3193359375
1 0.2099609375 0.404296875 0.1201171875 0.1748046875
1 0.416015625 0.34765625 0.052734375 0.0830078125
1 0.3544921875 0.3056640625 0.0185546875 0.033203125
1 0.251953125 0.3232421875 0.025390625 0.0419921875
1 0.712890625 0.28515625 0.0185546875 0.0302734375
1 0.0869140625 0.4697265625 0.1640625 0.2333984375
1 0.3056640625 0.31640625 0.0205078125 0.0390625
1 0.283203125 0.328125 0.025390625 0.033203125
1 0.60546875 0.31640625 0.0517578125 0.0830078125
1 0.6611328125 0.2900390625 0.0185546875 0.0302734375
1 0.4814453125 0.322265625 0.03125 0.0556640625
1 0.8173828125 0.2900390625 0.0185546875 0.0302734375
1 0.849609375 0.33984375 0.0439453125 0.046875
0 0.37890625 0.5400390625 0.0673828125 0.0419921875
1 0.95703125 0.4306640625 0.0830078125 0.2001953125
1 0.798828125 0.3154296875 0.072265625 0.091796875
1 0.5478515625 0.3544921875 0.0361328125 0.0634765625
0 0.4228515625 0.41796875 0.0263671875 0.0361328125
1 0.3046875 0.375 0.0654296875 0.14453125
1 0.08203125 0.3662109375 0.0390625 0.0556640625
1 0.962890625 0.3115234375 0.0703125 0.0830078125
1 0.748046875 0.330078125 0.0283203125 0.06640625
1 0.3681640625 0.3193359375 0.017578125 0.02734375
0 0.8623046875 0.54296875 0.099609375 0.0634765625
0 0.412109375 0.392578125 0.0185546875 0.025390625
1 0.326171875 0.31640625 0.0234375 0.0390625
1 0.181640625 0.318359375 0.037109375 0.046875
0 0.166015625 0.919921875 0.296875 0.150390625
0 0.474609375 0.451171875 0.037109375 0.0361328125
0 0.443359375 0.568359375 0.0546875 0.0361328125
1 0.263671875 0.3681640625 0.0283203125 0.0419921875
1 0.7509765625 0.2822265625 0.029296875 0.0419921875
1 0.880859375 0.3056640625 0.0361328125 0.078125
1 0.681640625 0.3154296875 0.03125 0.0634765625
0 0.6865234375 0.447265625 0.0419921875 0.033203125
1 0.5693359375 0.3037109375 0.0234375 0.0419921875
2 0.541015625 0.5498046875 0.0654296875 0.044921875
1 0.35546875 0.3779296875 0.033203125 0.1162109375
1 0.220703125 0.341796875 0.0283203125 0.044921875
0 0.4921875 0.400390625 0.021484375 0.0166015625
0 0.6376953125 0.3916015625 0.03125 0.0166015625
0 0.380859375 0.8955078125 0.142578125 0.2080078125
1 0.244140625 0.3544921875 0.0185546875 0.0361328125
0 0.361328125 0.349609375 0.0185546875 0.0166015625
0 0.943359375 0.529296875 0.03125 0.025390625
1 0.5126953125 0.3095703125 0.03125 0.05859375
0 0.755859375 0.404296875 0.0263671875 0.025390625
0 0.259765625 0.390625 0.0185546875 0.013671875
1 0.6513671875 0.330078125 0.03125 0.0498046875
0 0.5751953125 0.3486328125 0.0185546875 0.01953125
0 0.78125 0.3525390625 0.0185546875 0.0166015625
0 0.30078125 0.3984375 0.0205078125 0.01953125
0 0.60546875 0.3544921875 0.013671875 0.01953125
0 0.912109375 0.3349609375 0.029296875 0.0302734375
2 0.541015625 0.51953125 0.0654296875 0.02734375
0 0.5830078125 0.427734375 0.0185546875 0.0390625
0 0.44140625 0.443359375 0.0361328125 0.01953125
0 0.3193359375 0.3544921875 0.017578125 0.0419921875
0 0.92578125 0.318359375 0.029296875 0.01953125
0 0.978515625 0.35546875 0.0283203125 0.02734375
0 0.013671875 0.486328125 0.02734375 0.05859375
0 0.3134765625 0.4677734375 0.0234375 0.0361328125