2 0.8349609375 0.923828125 0.1669921875 0.080078125
1 0.681640625 0.6669921875 0.46875 0.3779296875
1 0.263671875 0.69140625 0.3779296875 0.4833984375
1 0.3798828125 0.4931640625 0.146484375 0.1748046875
1 0.4619140625 0.337890625 0.0546875 0.091796875
1 0.82421875 0.466796875 0.1640625 0.1943359375
1 0.70703125 0.431640625 0.126953125 0.203125
1 0.880859375 0.380859375 0.056640625 0.0498046875
1 0.544921875 0.462890625 0.1640625 0.2080078125
1 0.1845703125 0.392578125 0.109375 0.130859375
1 0.0703125 0.5234375 0.140625 0.2802734375
1 0.2744140625 0.3525390625 0.0263671875 0.033203125
1 0.638671875 0.330078125 0.0498046875 0.072265625
1 0.4931640625 0.3349609375 0.0234375 0.0302734375
1 0.306640625 0.34765625 0.0439453125 0.0556640625
1 0.7265625 0.3115234375 0.021484375 0.033203125
1 0.8125 0.337890625 0.068359375 0.091796875
1 0.599609375 0.3427734375 0.033203125 0.0634765625
1 0.7626953125 0.31640625 0.0439453125 0.0888671875
1 0.2314453125 0.3662109375 0.025390625 0.044921875
1 0.94921875 0.421875 0.1015625 0.283203125
0 0.1533203125 0.9541015625 0.28125 0.0859375
1 0.42578125 0.3486328125 0.029296875 0.0302734375
1 0.943359375 0.341796875 0.0205078125 0.033203125
1 0.36328125 0.35546875 0.0263671875 0.044921875
0 0.541015625 0.5712890625 0.1142578125 0.0634765625
0 0.8974609375 0.591796875 0.1611328125 0.078125
0 0.4921875 0.4287109375 0.0341796875 0.01953125
1 0.3466796875 0.3330078125 0.0185546875 0.033203125
0 0.474609375 0.482421875 0.0439453125 0.0419921875
0 0.3759765625 0.578125 0.060546875 0.044921875
0 0.439453125 0.609375 0.052734375 0.0419921875
1 0.19921875 0.3642578125 0.0361328125 0.0390625
0 0.7041015625 0.4736328125 0.0576171875 0.0302734375
0 0.404296875 0.423828125 0.0283203125 0.0302734375
1 0.5224609375 0.3427734375 0.029296875 0.05859375
0 0.4189453125 0.451171875 0.0185546875 0.0361328125
0 0.3720703125 0.9208984375 0.162109375 0.158203125
1 0.041015625 0.39453125 0.044921875 0.0498046875
1 0.9609375 0.720703125 0.078125 0.224609375
1 0.8779296875 0.33203125 0.0498046875 0.05859375
0 0.466796875 0.388671875 0.025390625 0.0224609375
0 0.787109375 0.3984375 0.0205078125 0.01953125
0 0.1943359375 0.4638671875 0.0546875 0.0390625
1 0.5751953125 0.3916015625 0.025390625 0.0498046875
1 0.9130859375 0.330078125 0.0263671875 0.044921875
0 0.009765625 0.5048828125 0.01953125 0.033203125
0 0.6103515625 0.384765625 0.017578125 0.01953125
0 0.341796875 0.375 0.025390625 0.0166015625
0 0.923828125 0.380859375 0.0185546875 0.0224609375
0 0.798828125 0.3759765625 0.0185546875 0.013671875
0 0.5986328125 0.5595703125 0.0283203125 0.0302734375
1 0.9609375 0.3544921875 0.025390625 0.025390625
0 0.32421875 0.40234375 0.0263671875 0.0166015625
1 0.6826171875 0.3779296875 0.0341796875 0.0498046875
0 0.4287109375 0.4677734375 0.013671875 0.013671875
1 0.01171875 0.4443359375 0.0234375 0.0615234375
1 0.830078125 0.318359375 0.0107421875 0.0302734375
1 0.6279296875 0.369140625 0.021484375 0.02734375
1 0.81640625 0.3447265625 0.0205078125 0.02734375
0 0.853515625 0.359375 0.017578125 0.01953125
0 0.7724609375 0.380859375 0.013671875 0.044921875
1 0.638671875 0.328125 0.0107421875 0.0166015625