2 0.8349609375 0.923828125 0.1669921875 0.080078125
1 0.671875 0.6552734375 0.427734375 0.4169921875
1 0.248046875 0.763671875 0.396484375 0.47265625
1 0.357421875 0.5 0.169921875 0.1669921875
1 0.6435546875 0.3154296875 0.0185546875 0.025390625
1 0.314453125 0.328125 0.015625 0.0224609375
1 0.171875 0.35546875 0.037109375 0.0498046875
1 0.2294921875 0.3544921875 0.0283203125 0.0419921875
1 0.70703125 0.41015625 0.142578125 0.158203125
1 0.728515625 0.3056640625 0.013671875 0.0166015625
1 0.060546875 0.490234375 0.1201171875 0.197265625
1 0.59375 0.3330078125 0.0498046875 0.0888671875
1 0.5380859375 0.39453125 0.076171875 0.1279296875
1 0.26953125 0.37890625 0.0673828125 0.1142578125
1 0.498046875 0.3193359375 0.013671875 0.02734375
1 0.1875 0.4482421875 0.1376953125 0.2080078125
1 0.904296875 0.3291015625 0.025390625 0.046875
1 0.8759765625 0.48046875 0.2080078125 0.25
1 0.462890625 0.3544921875 0.0625 0.1142578125
1 0.767578125 0.3212890625 0.044921875 0.0751953125
1 0.056640625 0.4072265625 0.0498046875 0.052734375
1 0.4326171875 0.33984375 0.0185546875 0.0361328125
1 0.724609375 0.3359375 0.03125 0.0556640625
1 0.818359375 0.3291015625 0.056640625 0.091796875
1 0.2998046875 0.341796875 0.0185546875 0.033203125
1 0.32421875 0.37890625 0.0576171875 0.1142578125
0 0.474609375 0.482421875 0.0546875 0.0419921875
1 0.9501953125 0.6943359375 0.09375 0.2890625
0 0.4921875 0.4306640625 0.03125 0.0166015625
0 0.4384765625 0.607421875 0.0546875 0.0419921875
0 0.5380859375 0.5791015625 0.1171875 0.052734375
0 0.3994140625 0.4306640625 0.0361328125 0.033203125
1 0.86328125 0.330078125 0.048828125 0.06640625
1 0.9794921875 0.4384765625 0.041015625 0.2109375
1 0.5205078125 0.341796875 0.03125 0.0556640625
0 0.353515625 0.380859375 0.025390625 0.0224609375
0 0.234375 0.4169921875 0.0185546875 0.0224609375
0 0.291015625 0.568359375 0.0546875 0.0361328125
2 0.798828125 0.4306640625 0.029296875 0.02734375
0 0.3759765625 0.5888671875 0.060546875 0.0224609375
0 0.609375 0.39453125 0.0283203125 0.0166015625
0 0.2001953125 0.490234375 0.0498046875 0.025390625
0 0.412109375 0.4609375 0.03125 0.0166015625
0 0.7744140625 0.4443359375 0.0361328125 0.0390625
1 0.21875 0.37890625 0.0185546875 0.0361328125
0 0.3056640625 0.384765625 0.0205078125 0.01953125
0 0.884765625 0.6181640625 0.0439453125 0.025390625
1 0.67578125 0.37890625 0.029296875 0.0419921875
0 0.462890625 0.392578125 0.0205078125 0.013671875
0 0.181640625 0.455078125 0.0625 0.02734375
0 0.5869140625 0.3681640625 0.013671875 0.013671875
1 0.6611328125 0.2900390625 0.0185546875 0.025390625
0 0.76953125 0.3544921875 0.013671875 0.01953125
1 0.6005859375 0.3212890625 0.017578125 0.025390625
1 0.625 0.349609375 0.025390625 0.044921875
0 0.95703125 0.3525390625 0.029296875 0.0224609375
0 0.580078125 0.388671875 0.0263671875 0.0390625
1 0.900390625 0.365234375 0.033203125 0.0361328125
0 0.322265625 0.404296875 0.0283203125 0.013671875