2 0.833984375 0.923828125 0.166015625 0.080078125
1 0.654296875 0.62890625 0.3544921875 0.447265625
1 0.263671875 0.73046875 0.416015625 0.400390625
1 0.712890625 0.3984375 0.1044921875 0.130859375
1 0.5537109375 0.35546875 0.033203125 0.033203125
1 0.3623046875 0.4931640625 0.1376953125 0.169921875
1 0.5048828125 0.3291015625 0.0126953125 0.025390625
1 0.484375 0.3681640625 0.052734375 0.1083984375
1 0.861328125 0.361328125 0.048828125 0.044921875
1 0.1923828125 0.44140625 0.125 0.2109375
0 0.16796875 0.94140625 0.236328125 0.111328125
1 0.23046875 0.3681640625 0.0205078125 0.0419921875
1 0.66796875 0.330078125 0.0419921875 0.0556640625
1 0.9423828125 0.453125 0.115234375 0.23046875
1 0.275390625 0.33984375 0.025390625 0.0419921875
1 0.318359375 0.357421875 0.0673828125 0.1142578125
1 0.349609375 0.3427734375 0.0205078125 0.0361328125
1 0.0810546875 0.5166015625 0.15625 0.2666015625
0 0.9072265625 0.587890625 0.1513671875 0.0693359375
1 0.619140625 0.3525390625 0.056640625 0.0830078125
1 0.5859375 0.3291015625 0.0126953125 0.025390625
1 0.755859375 0.345703125 0.0361328125 0.0634765625
1 0.8310546875 0.3232421875 0.037109375 0.0693359375
1 0.6435546875 0.3232421875 0.0185546875 0.0419921875
1 0.369140625 0.35546875 0.0185546875 0.0390625
1 0.9189453125 0.341796875 0.03125 0.0830078125
1 0.794921875 0.341796875 0.048828125 0.0888671875
0 0.3759765625 0.5791015625 0.0517578125 0.0419921875
0 0.4384765625 0.607421875 0.0546875 0.0419921875
1 0.955078125 0.7109375 0.0888671875 0.255859375
1 0.724609375 0.3251953125 0.03125 0.044921875
1 0.98046875 0.365234375 0.0390625 0.0693359375
0 0.525390625 0.5732421875 0.0810546875 0.05859375
1 0.41796875 0.37109375 0.064453125 0.09765625
1 0.771484375 0.3037109375 0.025390625 0.0361328125
0 0.4873046875 0.4306640625 0.025390625 0.0166015625
0 0.4033203125 0.427734375 0.03125 0.0224609375
0 0.4189453125 0.466796875 0.03125 0.0224609375
0 0.361328125 0.923828125 0.146484375 0.1416015625
2 0.9814453125 0.572265625 0.037109375 0.0166015625
1 0.599609375 0.41796875 0.0439453125 0.05859375
0 0.4716796875 0.48046875 0.0341796875 0.0390625
0 0.404296875 0.4443359375 0.0263671875 0.0224609375
0 0.32421875 0.40234375 0.029296875 0.0166015625
1 0.6005859375 0.33203125 0.013671875 0.025390625
0 0.7939453125 0.3740234375 0.0185546875 0.0087890625
1 0.0244140625 0.46484375 0.048828125 0.0693359375
0 0.2001953125 0.490234375 0.0498046875 0.025390625
0 0.912109375 0.4072265625 0.03125 0.013671875
0 0.28125 0.4287109375 0.0498046875 0.0302734375
0 0.037109375 0.548828125 0.07421875 0.05859375
0 0.7177734375 0.4794921875 0.029296875 0.0361328125
0 0.30078125 0.5 0.0234375 0.033203125
1 0.4580078125 0.3583984375 0.021484375 0.033203125
0 0.58203125 0.37890625 0.017578125 0.013671875
1 0.529296875 0.330078125 0.025390625 0.0498046875
0 0.185546875 0.455078125 0.072265625 0.033203125
1 0.3193359375 0.33984375 0.013671875 0.01953125
0 0.6064453125 0.3916015625 0.03125 0.0166015625
0 0.380859375 0.404296875 0.0126953125 0.0302734375
1 0.5166015625 0.306640625 0.017578125 0.025390625
2 0.0205078125 0.9462890625 0.041015625 0.0859375
1 0.2158203125 0.3857421875 0.025390625 0.033203125
1 0.818359375 0.3681640625 0.0361328125 0.025390625
1 0.2431640625 0.3916015625 0.0234375 0.033203125
0 0.587890625 0.4541015625 0.0234375 0.025390625
2 0.4580078125 0.9541015625 0.025390625 0.0859375
0 0.94921875 0.3515625 0.0390625 0.025390625