2 0.833984375 0.923828125 0.166015625 0.080078125
1 0.6669921875 0.6552734375 0.4375 0.4169921875
1 0.505859375 0.328125 0.013671875 0.02734375
1 0.244140625 0.765625 0.3359375 0.4638671875
1 0.873046875 0.4697265625 0.220703125 0.2666015625
1 0.5419921875 0.46484375 0.162109375 0.19140625
1 0.6474609375 0.318359375 0.017578125 0.0302734375
1 0.373046875 0.4765625 0.158203125 0.203125
1 0.462890625 0.3427734375 0.0439453125 0.080078125
1 0.4892578125 0.3447265625 0.021484375 0.033203125
1 0.673828125 0.322265625 0.021484375 0.033203125
1 0.275390625 0.3427734375 0.025390625 0.0361328125
1 0.734375 0.4013671875 0.072265625 0.125
1 0.2685546875 0.443359375 0.09375 0.2138671875
1 0.5615234375 0.3662109375 0.029296875 0.033203125
1 0.443359375 0.349609375 0.0205078125 0.033203125
0 0.478515625 0.482421875 0.041015625 0.0419921875
1 0.236328125 0.3486328125 0.037109375 0.05859375
1 0.35546875 0.341796875 0.0263671875 0.044921875
1 0.8935546875 0.3232421875 0.0625 0.0693359375
1 0.73046875 0.3232421875 0.0205078125 0.0419921875
1 0.2978515625 0.3291015625 0.013671875 0.025390625
1 0.5322265625 0.3359375 0.017578125 0.044921875
1 0.767578125 0.3193359375 0.0390625 0.072265625
1 0.8173828125 0.33984375 0.068359375 0.1083984375
1 0.080078125 0.5107421875 0.1533203125 0.2666015625
0 0.3876953125 0.580078125 0.0810546875 0.044921875
1 0.978515625 0.3515625 0.0419921875 0.0634765625
1 0.423828125 0.3681640625 0.0341796875 0.0634765625
1 0.646484375 0.380859375 0.087890625 0.10546875
1 0.9423828125 0.357421875 0.0498046875 0.0751953125
1 0.580078125 0.33203125 0.0341796875 0.05859375
0 0.5322265625 0.578125 0.1044921875 0.0556640625
1 0.1787109375 0.3486328125 0.013671875 0.01953125
0 0.89453125 0.6337890625 0.154296875 0.150390625
0 0.4375 0.6083984375 0.056640625 0.0390625
0 0.3759765625 0.923828125 0.138671875 0.1416015625
1 0.84765625 0.330078125 0.0234375 0.044921875
0 0.349609375 0.37890625 0.0185546875 0.01953125
0 0.29296875 0.568359375 0.0517578125 0.0361328125
1 0.806640625 0.3154296875 0.0185546875 0.0302734375
0 0.6435546875 0.4248046875 0.0439453125 0.0166015625
1 0.181640625 0.4150390625 0.1142578125 0.169921875
0 0.4599609375 0.3876953125 0.0263671875 0.01953125
1 0.314453125 0.341796875 0.025390625 0.0390625
0 0.767578125 0.44140625 0.0205078125 0.02734375
0 0.1357421875 0.462890625 0.0283203125 0.01953125
0 0.28515625 0.4287109375 0.0419921875 0.025390625
0 0.4482421875 0.4677734375 0.037109375 0.025390625
1 0.63671875 0.3623046875 0.0205078125 0.025390625
1 0.9970703125 0.341796875 0.005859375 0.0390625
0 0.30078125 0.5 0.0205078125 0.033203125
0 0.822265625 0.3984375 0.0498046875 0.0419921875
1 0.6943359375 0.3544921875 0.013671875 0.025390625
0 0.4873046875 0.431640625 0.025390625 0.025390625
1 0.5439453125 0.404296875 0.0185546875 0.0419921875
0 0.6123046875 0.3876953125 0.025390625 0.025390625
2 0.416015625 0.591796875 0.021484375 0.0107421875
2 0.8193359375 0.3662109375 0.0263671875 0.0224609375
1 0.705078125 0.453125 0.021484375 0.02734375
2 0.4599609375 0.955078125 0.0234375 0.0830078125