2 0.8349609375 0.923828125 0.1640625 0.080078125
1 0.6884765625 0.6884765625 0.4580078125 0.349609375
1 0.4375 0.4052734375 0.1064453125 0.1552734375
1 0.54296875 0.4736328125 0.1611328125 0.1806640625
1 0.25 0.73046875 0.3935546875 0.4833984375
1 0.841796875 0.490234375 0.2265625 0.224609375
1 0.4296875 0.3232421875 0.0185546875 0.01953125
1 0.8125 0.341796875 0.068359375 0.0888671875
1 0.748046875 0.3525390625 0.037109375 0.0498046875
1 0.705078125 0.4248046875 0.119140625 0.1669921875
1 0.955078125 0.4208984375 0.0888671875 0.1865234375
1 0.36328125 0.361328125 0.0390625 0.0830078125
1 0.5810546875 0.3388671875 0.025390625 0.0390625
1 0.099609375 0.490234375 0.1953125 0.30859375
1 0.171875 0.365234375 0.037109375 0.052734375
1 0.2822265625 0.35546875 0.0390625 0.0556640625
1 0.71875 0.341796875 0.03125 0.0615234375
1 0.26953125 0.4248046875 0.0986328125 0.150390625
1 0.904296875 0.3515625 0.0595703125 0.1142578125
1 0.642578125 0.31640625 0.0205078125 0.0390625
1 0.2255859375 0.3662109375 0.0234375 0.044921875
1 0.6640625 0.3115234375 0.021484375 0.044921875
1 0.775390625 0.328125 0.0263671875 0.044921875
1 0.556640625 0.3681640625 0.037109375 0.0634765625
0 0.8623046875 0.6044921875 0.130859375 0.0634765625
0 0.548828125 0.56640625 0.125 0.0615234375
1 0.482421875 0.345703125 0.0234375 0.0361328125
1 0.6005859375 0.3662109375 0.0361328125 0.06640625
0 0.3642578125 0.9287109375 0.171875 0.1357421875
1 0.462890625 0.328125 0.025390625 0.044921875
0 0.41796875 0.451171875 0.0205078125 0.0361328125
0 0.4384765625 0.607421875 0.0546875 0.0419921875
0 0.40625 0.4248046875 0.025390625 0.0166015625
0 0.1572265625 0.4384765625 0.0361328125 0.0224609375
0 0.474609375 0.482421875 0.0390625 0.0361328125
1 0.6953125 0.357421875 0.025390625 0.0419921875
0 0.349609375 0.37890625 0.0185546875 0.01953125
1 0.248046875 0.3916015625 0.029296875 0.044921875
1 0.60546875 0.330078125 0.013671875 0.02734375
1 0.837890625 0.337890625 0.0205078125 0.0302734375
1 0.326171875 0.3720703125 0.041015625 0.0556640625
0 0.697265625 0.48046875 0.0439453125 0.02734375
0 0.4931640625 0.4287109375 0.0205078125 0.01953125
0 0.38671875 0.580078125 0.044921875 0.0390625
0 0.326171875 0.40234375 0.0263671875 0.0166015625
1 0.798828125 0.330078125 0.0205078125 0.02734375
0 0.2880859375 0.4287109375 0.0205078125 0.013671875
0 0.6484375 0.423828125 0.03125 0.01953125
1 0.625 0.3681640625 0.0185546875 0.025390625
1 0.5263671875 0.3447265625 0.021484375 0.0498046875
0 0.197265625 0.466796875 0.060546875 0.0556640625
0 0.912109375 0.404296875 0.03125 0.01953125
0 0.7978515625 0.37890625 0.0205078125 0.01953125
1 0.82421875 0.3359375 0.017578125 0.02734375
0 0.6123046875 0.5634765625 0.0185546875 0.02734375
0 0.3798828125 0.404296875 0.015625 0.01953125
0 0.7724609375 0.35546875 0.013671875 0.0166015625
0 0.380859375 0.388671875 0.0107421875 0.0224609375
0 0.349609375 0.4072265625 0.029296875 0.052734375
0 0.5927734375 0.455078125 0.013671875 0.02734375
0 0.4482421875 0.48046875 0.0283203125 0.0224609375
0 0.7802734375 0.412109375 0.029296875 0.0302734375
2 0.4580078125 0.9541015625 0.025390625 0.0859375