2 0.8349609375 0.927734375 0.1640625 0.0830078125
1 0.2509765625 0.7734375 0.341796875 0.4306640625
1 0.375 0.4833984375 0.15625 0.1884765625
1 0.73828125 0.31640625 0.0205078125 0.033203125
1 0.546875 0.4677734375 0.1689453125 0.1865234375
1 0.869140625 0.4931640625 0.224609375 0.2802734375
1 0.6435546875 0.3974609375 0.087890625 0.14453125
1 0.4560546875 0.341796875 0.0439453125 0.072265625
1 0.5576171875 0.375 0.037109375 0.0498046875
1 0.681640625 0.6982421875 0.4453125 0.330078125
1 0.3427734375 0.380859375 0.044921875 0.138671875
1 0.2802734375 0.341796875 0.0234375 0.0390625
1 0.943359375 0.3486328125 0.025390625 0.052734375
1 0.525390625 0.3427734375 0.0185546875 0.0361328125
1 0.0849609375 0.408203125 0.091796875 0.1337890625
1 0.4873046875 0.3427734375 0.0185546875 0.0361328125
1 0.1953125 0.4580078125 0.1220703125 0.25
1 0.5947265625 0.33984375 0.0517578125 0.080078125
1 0.224609375 0.359375 0.0263671875 0.0419921875
1 0.408203125 0.3681640625 0.052734375 0.091796875
1 0.7685546875 0.3359375 0.0498046875 0.0947265625
0 0.3349609375 0.9580078125 0.173828125 0.0830078125
1 0.8251953125 0.330078125 0.0751953125 0.0830078125
1 0.6376953125 0.3154296875 0.0185546875 0.025390625
1 0.8916015625 0.330078125 0.0517578125 0.072265625
1 0.177734375 0.3515625 0.03125 0.05859375
0 0.478515625 0.4833984375 0.0419921875 0.0390625
1 0.9755859375 0.4208984375 0.044921875 0.1865234375
1 0.6669921875 0.318359375 0.0185546875 0.0302734375
1 0.7197265625 0.34765625 0.0263671875 0.0556640625
0 0.375 0.578125 0.068359375 0.033203125
0 0.517578125 0.5830078125 0.1357421875 0.0615234375
1 0.3662109375 0.361328125 0.0263671875 0.0556640625
0 0.583984375 0.556640625 0.068359375 0.046875
0 0.439453125 0.6083984375 0.052734375 0.0390625
1 0.0234375 0.4482421875 0.046875 0.119140625
1 0.3095703125 0.341796875 0.025390625 0.0390625
1 0.91796875 0.3544921875 0.033203125 0.0419921875
0 0.697265625 0.4794921875 0.046875 0.0302734375
1 0.859375 0.3427734375 0.025390625 0.0302734375
0 0.4619140625 0.3876953125 0.029296875 0.025390625
0 0.76953125 0.44140625 0.029296875 0.033203125
0 0.388671875 0.892578125 0.138671875 0.091796875
0 0.4990234375 0.4306640625 0.0263671875 0.0224609375
0 0.294921875 0.5654296875 0.048828125 0.025390625
0 0.0390625 0.544921875 0.078125 0.0498046875
0 0.607421875 0.388671875 0.0205078125 0.0224609375
0 0.0380859375 0.59765625 0.076171875 0.0556640625
1 0.81640625 0.3056640625 0.0107421875 0.0224609375
0 0.6484375 0.4248046875 0.03125 0.0166015625
0 0.1259765625 0.46484375 0.0234375 0.01953125
0 0.443359375 0.4765625 0.03125 0.025390625
0 0.4296875 0.4677734375 0.0126953125 0.013671875
0 0.1259765625 0.4150390625 0.0263671875 0.046875
0 0.587890625 0.37890625 0.0205078125 0.01953125
1 0.798828125 0.40234375 0.048828125 0.072265625
0 0.798828125 0.37890625 0.0185546875 0.013671875
0 0.3134765625 0.37890625 0.013671875 0.046875
0 0.697265625 0.3740234375 0.015625 0.01953125
0 0.6240234375 0.486328125 0.029296875 0.044921875
2 0.599609375 0.3681640625 0.017578125 0.01953125
1 0.841796875 0.3193359375 0.015625 0.0224609375
2 0.494140625 0.4580078125 0.0185546875 0.033203125
0 0.30078125 0.5 0.0234375 0.033203125
0 0.1865234375 0.3955078125 0.0205078125 0.05859375
1 0.7734375 0.3232421875 0.0185546875 0.01953125
0 0.28125 0.4287109375 0.03125 0.01953125