2 0.8349609375 0.927734375 0.1640625 0.0830078125
1 0.6630859375 0.640625 0.4013671875 0.4306640625
1 0.2373046875 0.755859375 0.4501953125 0.4833984375
1 0.3681640625 0.486328125 0.1484375 0.18359375
1 0.447265625 0.400390625 0.0908203125 0.1552734375
1 0.669921875 0.322265625 0.0205078125 0.033203125
1 0.1865234375 0.4287109375 0.123046875 0.1865234375
1 0.841796875 0.4765625 0.146484375 0.203125
0 0.2236328125 0.9453125 0.173828125 0.109375
1 0.869140625 0.3681640625 0.0498046875 0.05859375
1 0.07421875 0.509765625 0.1484375 0.2587890625
1 0.3603515625 0.3427734375 0.0234375 0.046875
1 0.724609375 0.392578125 0.0859375 0.125
1 0.2822265625 0.404296875 0.0673828125 0.1806640625
1 0.951171875 0.447265625 0.095703125 0.205078125
1 0.037109375 0.3876953125 0.0517578125 0.05859375
1 0.228515625 0.369140625 0.041015625 0.0498046875
0 0.478515625 0.482421875 0.044921875 0.0361328125
1 0.6044921875 0.34765625 0.046875 0.0830078125
1 0.8115234375 0.341796875 0.0673828125 0.099609375
1 0.4619140625 0.341796875 0.0263671875 0.0556640625
1 0.490234375 0.3447265625 0.025390625 0.0390625
1 0.853515625 0.3388671875 0.0185546875 0.0224609375
1 0.298828125 0.328125 0.0185546875 0.02734375
1 0.73046875 0.3154296875 0.0390625 0.0634765625
1 0.8359375 0.3056640625 0.0185546875 0.02734375
1 0.974609375 0.359375 0.0439453125 0.05859375
0 0.392578125 0.9306640625 0.1455078125 0.138671875
1 0.681640625 0.3681640625 0.03125 0.05859375
0 0.8740234375 0.591796875 0.0986328125 0.072265625
0 0.439453125 0.609375 0.052734375 0.0419921875
1 0.9375 0.3447265625 0.0498046875 0.078125
1 0.3359375 0.3486328125 0.021484375 0.0302734375
1 0.9072265625 0.328125 0.0263671875 0.044921875
0 0.3740234375 0.5791015625 0.064453125 0.0419921875
0 0.53125 0.5556640625 0.087890625 0.0390625
1 0.599609375 0.306640625 0.017578125 0.0302734375
0 0.419921875 0.4541015625 0.013671875 0.0361328125
0 0.326171875 0.404296875 0.025390625 0.013671875
0 0.4912109375 0.43359375 0.0234375 0.0166015625
1 0.6416015625 0.3193359375 0.0263671875 0.0390625
1 0.76953125 0.302734375 0.0205078125 0.033203125
0 0.7978515625 0.369140625 0.0234375 0.0224609375
0 0.599609375 0.3984375 0.017578125 0.01953125
2 0.5361328125 0.591796875 0.052734375 0.044921875
0 0.462890625 0.390625 0.025390625 0.025390625
1 0.259765625 0.392578125 0.025390625 0.0361328125
1 0.60546875 0.423828125 0.0419921875 0.091796875
0 0.201171875 0.490234375 0.0546875 0.025390625
0 0.3505859375 0.37890625 0.0361328125 0.025390625
0 0.6162109375 0.4736328125 0.029296875 0.0302734375
0 0.30078125 0.505859375 0.0205078125 0.033203125
2 0.8505859375 0.5400390625 0.0205078125 0.0361328125
1 0.884765625 0.330078125 0.0185546875 0.033203125
1 0.619140625 0.328125 0.0126953125 0.0224609375
1 0.6416015625 0.3544921875 0.0205078125 0.025390625
0 0.609375 0.388671875 0.0126953125 0.0224609375
0 0.3740234375 0.3779296875 0.0107421875 0.0166015625
0 0.9384765625 0.4140625 0.0390625 0.0224609375
0 0.9560546875 0.3916015625 0.0185546875 0.02734375
0 0.79296875 0.3291015625 0.0205078125 0.01953125
0 0.6435546875 0.419921875 0.0439453125 0.0390625