2 0.8349609375 0.9267578125 0.1640625 0.0859375
1 0.6474609375 0.6240234375 0.392578125 0.4697265625
1 0.642578125 0.318359375 0.0185546875 0.01953125
1 0.3740234375 0.474609375 0.142578125 0.205078125
1 0.349609375 0.3427734375 0.0439453125 0.05859375
1 0.880859375 0.4833984375 0.2265625 0.2392578125
1 0.673828125 0.3154296875 0.0205078125 0.0302734375
1 0.767578125 0.3251953125 0.0439453125 0.0947265625
1 0.5751953125 0.3388671875 0.037109375 0.072265625
1 0.17578125 0.3974609375 0.1044921875 0.1552734375
1 0.234375 0.35546875 0.046875 0.0947265625
1 0.412109375 0.3779296875 0.0546875 0.099609375
1 0.2314453125 0.734375 0.4248046875 0.51953125
1 0.482421875 0.3427734375 0.0205078125 0.0302734375
1 0.3076171875 0.3779296875 0.0595703125 0.111328125
1 0.4619140625 0.322265625 0.029296875 0.044921875
1 0.654296875 0.37890625 0.0732421875 0.130859375
1 0.435546875 0.3388671875 0.021484375 0.0390625
1 0.0869140625 0.4794921875 0.1640625 0.224609375
1 0.505859375 0.3681640625 0.056640625 0.1416015625
1 0.7060546875 0.337890625 0.0498046875 0.080078125
1 0.931640625 0.3447265625 0.056640625 0.0888671875
0 0.478515625 0.4833984375 0.0419921875 0.0390625
2 0.5185546875 0.591796875 0.025390625 0.0390625
1 0.2802734375 0.3525390625 0.0205078125 0.033203125
0 0.5322265625 0.5595703125 0.1015625 0.080078125
0 0.44140625 0.611328125 0.0517578125 0.044921875
0 0.4189453125 0.4501953125 0.0185546875 0.033203125
0 0.380859375 0.5791015625 0.068359375 0.0419921875
1 0.83203125 0.3291015625 0.0390625 0.080078125
0 0.2685546875 0.955078125 0.099609375 0.0830078125
0 0.37890625 0.9423828125 0.10546875 0.115234375
0 0.875 0.60546875 0.09375 0.0498046875
1 0.7353515625 0.3232421875 0.0205078125 0.0302734375
1 0.4990234375 0.3291015625 0.0078125 0.0302734375
1 0.8994140625 0.3251953125 0.029296875 0.0498046875
1 0.732421875 0.2802734375 0.0361328125 0.0888671875
1 0.896484375 0.3779296875 0.037109375 0.033203125
0 0.16796875 0.447265625 0.0263671875 0.033203125
0 0.40625 0.427734375 0.025390625 0.0224609375
1 0.041015625 0.3955078125 0.0283203125 0.0419921875
1 0.73828125 0.2412109375 0.0107421875 0.0224609375
0 0.349609375 0.3720703125 0.03125 0.0166015625
0 0.6044921875 0.46484375 0.03125 0.025390625
0 0.611328125 0.392578125 0.0234375 0.01953125
1 0.966796875 0.70703125 0.0654296875 0.263671875
0 0.494140625 0.4306640625 0.0205078125 0.033203125
1 0.60546875 0.330078125 0.0205078125 0.0224609375
1 0.6376953125 0.3544921875 0.0185546875 0.0302734375
0 0.19921875 0.4892578125 0.048828125 0.02734375
0 0.837890625 0.37890625 0.0185546875 0.01953125
1 0.869140625 0.3427734375 0.03125 0.0419921875
2 0.291015625 0.4052734375 0.009765625 0.02734375
0 0.2548828125 0.408203125 0.021484375 0.0166015625
0 0.591796875 0.3681640625 0.0107421875 0.01953125
0 0.279296875 0.4306640625 0.044921875 0.0224609375
2 0.4599609375 0.955078125 0.0234375 0.0830078125
0 0.201171875 0.4541015625 0.044921875 0.0302734375