2 0.83203125 0.923828125 0.1640625 0.080078125
1 0.6826171875 0.669921875 0.443359375 0.3837890625
1 0.26171875 0.7373046875 0.4169921875 0.51953125
1 0.44140625 0.4052734375 0.107421875 0.1552734375
1 0.54296875 0.4794921875 0.1455078125 0.169921875
1 0.2685546875 0.3486328125 0.025390625 0.0302734375
1 0.435546875 0.3447265625 0.0185546875 0.033203125
1 0.2705078125 0.3857421875 0.0654296875 0.0830078125
1 0.89453125 0.3349609375 0.0830078125 0.080078125
1 0.1923828125 0.4072265625 0.115234375 0.169921875
1 0.7041015625 0.4052734375 0.095703125 0.1337890625
1 0.62890625 0.3447265625 0.044921875 0.078125
0 0.4755859375 0.48046875 0.0419921875 0.0390625
1 0.48828125 0.33984375 0.029296875 0.052734375
1 0.23046875 0.37109375 0.029296875 0.05859375
1 0.9365234375 0.6279296875 0.1201171875 0.421875
1 0.818359375 0.341796875 0.0673828125 0.0947265625
1 0.716796875 0.34765625 0.029296875 0.0556640625
1 0.072265625 0.47265625 0.14453125 0.28125
1 0.2998046875 0.3359375 0.025390625 0.044921875
1 0.6689453125 0.3251953125 0.03125 0.0556640625
1 0.7578125 0.3193359375 0.056640625 0.078125
1 0.326171875 0.3720703125 0.033203125 0.0556640625
0 0.5302734375 0.576171875 0.091796875 0.052734375
1 0.96875 0.423828125 0.0625 0.158203125
0 0.3681640625 0.923828125 0.1484375 0.1416015625
1 0.3505859375 0.330078125 0.0205078125 0.033203125
1 0.599609375 0.3291015625 0.0185546875 0.0302734375
0 0.4384765625 0.607421875 0.0546875 0.0419921875
0 0.5888671875 0.552734375 0.0498046875 0.044921875
0 0.4052734375 0.4345703125 0.033203125 0.0302734375
0 0.462890625 0.3857421875 0.03125 0.0166015625
0 0.388671875 0.5791015625 0.041015625 0.046875
1 0.5810546875 0.341796875 0.03125 0.072265625
0 0.697265625 0.4775390625 0.044921875 0.02734375
0 0.779296875 0.443359375 0.0419921875 0.0361328125
0 0.4921875 0.4306640625 0.025390625 0.0166015625
0 0.009765625 0.5 0.01953125 0.03515625
0 0.8876953125 0.6044921875 0.0498046875 0.0419921875
1 0.525390625 0.330078125 0.025390625 0.0556640625
1 0.4580078125 0.34765625 0.021484375 0.033203125
0 0.611328125 0.3916015625 0.0263671875 0.0166015625
0 0.142578125 0.4638671875 0.025390625 0.0224609375
1 0.6689453125 0.3779296875 0.03125 0.044921875
0 0.287109375 0.4306640625 0.025390625 0.0166015625
1 0.693359375 0.35546875 0.0185546875 0.044921875
0 0.947265625 0.34765625 0.0390625 0.0166015625
1 0.5517578125 0.3916015625 0.0283203125 0.0390625
1 0.80078125 0.330078125 0.0205078125 0.02734375
0 0.646484375 0.4267578125 0.041015625 0.025390625
1 0.509765625 0.3056640625 0.013671875 0.0224609375
0 0.591796875 0.455078125 0.0185546875 0.02734375
0 0.798828125 0.380859375 0.017578125 0.0166015625
0 0.787109375 0.39453125 0.0205078125 0.0166015625
0 0.322265625 0.404296875 0.0234375 0.01953125
0 0.380859375 0.400390625 0.0126953125 0.033203125