2 0.806640625 0.859375 0.15625 0.080078125
1 0.8349609375 0.4287109375 0.1982421875 0.2587890625
1 0.283203125 0.7294921875 0.359375 0.525390625
1 0.537109375 0.4306640625 0.15625 0.177734375
1 0.3798828125 0.455078125 0.134765625 0.1884765625
1 0.693359375 0.4013671875 0.119140625 0.197265625
1 0.6298828125 0.2890625 0.0185546875 0.02734375
1 0.466796875 0.3232421875 0.044921875 0.080078125
1 0.212890625 0.3916015625 0.0986328125 0.1884765625
1 0.71875 0.29296875 0.0185546875 0.0419921875
1 0.810546875 0.279296875 0.013671875 0.025390625
1 0.65625 0.298828125 0.03125 0.05859375
1 0.75 0.298828125 0.0439453125 0.0693359375
1 0.6181640625 0.3291015625 0.0703125 0.0859375
1 0.326171875 0.330078125 0.0625 0.0947265625
1 0.28125 0.3291015625 0.025390625 0.0419921875
1 0.546875 0.3388671875 0.0341796875 0.0498046875
1 0.966796875 0.298828125 0.0234375 0.046875
1 0.8759765625 0.2822265625 0.0390625 0.052734375
1 0.40625 0.3427734375 0.03125 0.0693359375
1 0.2470703125 0.33203125 0.021484375 0.0419921875
1 0.359375 0.3134765625 0.015625 0.02734375
1 0.0693359375 0.3681640625 0.044921875 0.05859375
1 0.6904296875 0.3037109375 0.0498046875 0.0693359375
1 0.6689453125 0.6552734375 0.4189453125 0.2998046875
1 0.306640625 0.3037109375 0.0126953125 0.0361328125
1 0.439453125 0.3291015625 0.015625 0.0361328125
1 0.0888671875 0.470703125 0.177734375 0.2412109375
1 0.9423828125 0.6318359375 0.115234375 0.296875
1 0.787109375 0.294921875 0.037109375 0.0498046875
0 0.443359375 0.568359375 0.0517578125 0.0361328125
0 0.4755859375 0.451171875 0.0361328125 0.0361328125
0 0.4248046875 0.4169921875 0.0185546875 0.033203125
1 0.974609375 0.380859375 0.0498046875 0.177734375
1 0.5009765625 0.302734375 0.013671875 0.0390625
1 0.26171875 0.3662109375 0.033203125 0.0498046875
1 0.6689453125 0.3447265625 0.03125 0.0498046875
0 0.4873046875 0.400390625 0.03125 0.0166015625
0 0.53125 0.529296875 0.1123046875 0.052734375
0 0.412109375 0.3984375 0.025390625 0.01953125
1 0.576171875 0.3115234375 0.033203125 0.0556640625
0 0.048828125 0.455078125 0.0439453125 0.02734375
1 0.5224609375 0.318359375 0.0263671875 0.052734375
1 0.599609375 0.298828125 0.0185546875 0.0302734375
0 0.693359375 0.443359375 0.0361328125 0.0302734375
0 0.380859375 0.5361328125 0.0546875 0.033203125
0 0.1884765625 0.4248046875 0.033203125 0.0166015625
0 0.7451171875 0.41015625 0.037109375 0.0419921875
0 0.580078125 0.345703125 0.015625 0.013671875
2 0.3974609375 0.9736328125 0.0361328125 0.0419921875
0 0.6064453125 0.3544921875 0.025390625 0.025390625
0 0.291015625 0.3955078125 0.0419921875 0.025390625
0 0.599609375 0.517578125 0.0439453125 0.025390625
1 0.0146484375 0.4970703125 0.029296875 0.044921875
0 0.3603515625 0.3515625 0.0205078125 0.025390625
0 0.3349609375 0.3720703125 0.0205078125 0.0166015625
0 0.162109375 0.4345703125 0.03125 0.01953125
1 0.3056640625 0.3291015625 0.017578125 0.025390625
0 0.443359375 0.4375 0.03125 0.025390625
0 0.4638671875 0.3642578125 0.0283203125 0.0224609375
0 0.62890625 0.3916015625 0.033203125 0.0224609375
1 0.5888671875 0.3662109375 0.025390625 0.0390625
0 0.9599609375 0.35546875 0.033203125 0.0224609375
0 0.9873046875 0.412109375 0.025390625 0.01953125
1 0.98046875 0.318359375 0.0234375 0.0302734375