2 0.833984375 0.923828125 0.166015625 0.080078125
1 0.6865234375 0.6845703125 0.4482421875 0.3583984375
1 0.2548828125 0.7275390625 0.4091796875 0.400390625
1 0.3642578125 0.4912109375 0.1376953125 0.171875
1 0.7001953125 0.4287109375 0.125 0.1865234375
1 0.5478515625 0.4677734375 0.154296875 0.203125
1 0.642578125 0.3291015625 0.0185546875 0.0361328125
0 0.162109375 0.943359375 0.212890625 0.1083984375
1 0.830078125 0.3056640625 0.021484375 0.0224609375
1 0.5009765625 0.3291015625 0.013671875 0.025390625
1 0.76171875 0.3095703125 0.0419921875 0.080078125
1 0.3017578125 0.328125 0.015625 0.02734375
1 0.5546875 0.35546875 0.037109375 0.0556640625
1 0.181640625 0.359375 0.0234375 0.0302734375
1 0.8671875 0.3681640625 0.0498046875 0.052734375
1 0.28515625 0.33984375 0.0205078125 0.025390625
1 0.1923828125 0.443359375 0.1279296875 0.2080078125
1 0.076171875 0.5068359375 0.1484375 0.275390625
1 0.462890625 0.3544921875 0.048828125 0.0693359375
1 0.35546875 0.3427734375 0.044921875 0.05859375
1 0.818359375 0.3525390625 0.068359375 0.0888671875
1 0.9443359375 0.455078125 0.111328125 0.2333984375
1 0.224609375 0.37109375 0.029296875 0.0419921875
1 0.7216796875 0.330078125 0.0341796875 0.0498046875
1 0.275390625 0.404296875 0.068359375 0.23046875
1 0.8935546875 0.328125 0.03125 0.0615234375
0 0.3759765625 0.580078125 0.0546875 0.0390625
0 0.4755859375 0.4833984375 0.044921875 0.0390625
0 0.416015625 0.451171875 0.0234375 0.0361328125
1 0.6611328125 0.3212890625 0.0185546875 0.0361328125
1 0.607421875 0.3662109375 0.0517578125 0.1220703125
0 0.875 0.5986328125 0.1376953125 0.080078125
1 0.923828125 0.3349609375 0.029296875 0.080078125
0 0.54296875 0.568359375 0.123046875 0.05859375
0 0.40625 0.4208984375 0.025390625 0.025390625
0 0.4384765625 0.607421875 0.0546875 0.0419921875
0 0.7060546875 0.4794921875 0.0439453125 0.0361328125
1 0.951171875 0.70703125 0.09375 0.2587890625
0 0.2509765625 0.3916015625 0.0205078125 0.0224609375
0 0.466796875 0.3876953125 0.0205078125 0.01953125
1 0.322265625 0.37890625 0.0498046875 0.1025390625
1 0.0419921875 0.392578125 0.046875 0.09765625
0 0.4921875 0.4306640625 0.021484375 0.0166015625
0 0.0146484375 0.4931640625 0.029296875 0.0419921875
0 0.5888671875 0.37890625 0.025390625 0.013671875
0 0.357421875 0.9248046875 0.1513671875 0.14453125
0 0.587890625 0.455078125 0.0263671875 0.02734375
2 0.9814453125 0.5693359375 0.037109375 0.0224609375
0 0.7978515625 0.3779296875 0.017578125 0.0107421875
1 0.6005859375 0.3349609375 0.0205078125 0.0302734375
0 0.6123046875 0.556640625 0.03125 0.025390625
0 0.0380859375 0.548828125 0.076171875 0.05859375
0 0.30078125 0.5029296875 0.0205078125 0.0390625
0 0.291015625 0.427734375 0.025390625 0.0166015625
0 0.912109375 0.408203125 0.029296875 0.0107421875
0 0.638671875 0.4267578125 0.0361328125 0.025390625
1 0.6689453125 0.3681640625 0.03125 0.046875
0 0.607421875 0.4765625 0.0234375 0.025390625
0 0.615234375 0.380859375 0.021484375 0.0224609375
1 0.517578125 0.3115234375 0.0205078125 0.0224609375
1 0.251953125 0.3662109375 0.021484375 0.044921875
0 0.7734375 0.3583984375 0.015625 0.0166015625
2 0.0263671875 0.955078125 0.052734375 0.0888671875
1 0.51953125 0.3681640625 0.0234375 0.0302734375
0 0.94921875 0.349609375 0.033203125 0.0166015625
0 0.2314453125 0.404296875 0.025390625 0.0302734375
0 0.3232421875 0.4052734375 0.025390625 0.0166015625
0 0.130859375 0.462890625 0.0185546875 0.01953125
1 0.4619140625 0.3681640625 0.017578125 0.01953125
0 0.25390625 0.4140625 0.0234375 0.0224609375
1 0.353515625 0.3515625 0.0107421875 0.013671875