2 0.833984375 0.927734375 0.166015625 0.0830078125
1 0.666015625 0.625 0.3857421875 0.455078125
1 0.076171875 0.66015625 0.15234375 0.58203125
1 0.234375 0.35546875 0.046875 0.072265625
1 0.4541015625 0.4072265625 0.095703125 0.1474609375
1 0.1689453125 0.400390625 0.087890625 0.1162109375
1 0.5576171875 0.4169921875 0.119140625 0.14453125
1 0.4306640625 0.330078125 0.0205078125 0.033203125
1 0.6416015625 0.31640625 0.017578125 0.0390625
1 0.763671875 0.31640625 0.041015625 0.06640625
1 0.310546875 0.3720703125 0.068359375 0.1162109375
1 0.615234375 0.3427734375 0.052734375 0.080078125
1 0.88671875 0.3291015625 0.0517578125 0.0751953125
1 0.962890625 0.4375 0.0703125 0.19140625
1 0.841796875 0.3291015625 0.0419921875 0.0693359375
0 0.2099609375 0.9306640625 0.201171875 0.1279296875
1 0.04296875 0.4052734375 0.0517578125 0.0615234375
1 0.4580078125 0.3427734375 0.025390625 0.05859375
1 0.734375 0.3984375 0.0654296875 0.130859375
1 0.494140625 0.3251953125 0.017578125 0.033203125
1 0.66796875 0.37109375 0.0732421875 0.1083984375
1 0.724609375 0.328125 0.0419921875 0.06640625
1 0.94140625 0.3515625 0.0205078125 0.046875
0 0.478515625 0.486328125 0.0419921875 0.033203125
1 0.361328125 0.33984375 0.0234375 0.052734375
0 0.3876953125 0.9345703125 0.1376953125 0.130859375
0 0.41796875 0.453125 0.0234375 0.033203125
1 0.9814453125 0.35546875 0.037109375 0.0390625
1 0.3017578125 0.3427734375 0.021484375 0.0361328125
0 0.4384765625 0.611328125 0.0546875 0.044921875
0 0.400390625 0.578125 0.03125 0.0390625
1 0.6728515625 0.318359375 0.0205078125 0.0361328125
1 0.39453125 0.5654296875 0.1044921875 0.3583984375
2 0.798828125 0.4287109375 0.025390625 0.025390625
1 0.9501953125 0.712890625 0.087890625 0.2412109375
0 0.611328125 0.390625 0.025390625 0.025390625
0 0.54296875 0.5634765625 0.0673828125 0.02734375
0 0.849609375 0.3662109375 0.037109375 0.0224609375
2 0.5302734375 0.595703125 0.044921875 0.0419921875
0 0.4697265625 0.390625 0.0205078125 0.01953125
0 0.1796875 0.4697265625 0.0595703125 0.0498046875
1 0.599609375 0.3056640625 0.013671875 0.02734375
1 0.5185546875 0.3251953125 0.03125 0.0498046875
0 0.4130859375 0.4287109375 0.013671875 0.01953125
0 0.5556640625 0.5361328125 0.0673828125 0.033203125
0 0.7431640625 0.4609375 0.0263671875 0.0166015625
0 0.767578125 0.3681640625 0.015625 0.0302734375
0 0.865234375 0.5986328125 0.072265625 0.0693359375
0 0.5 0.4306640625 0.0126953125 0.0166015625
0 0.9248046875 0.390625 0.0185546875 0.046875