2 0.833984375 0.923828125 0.166015625 0.080078125
1 0.6806640625 0.642578125 0.439453125 0.44140625
1 0.4482421875 0.412109375 0.1064453125 0.1416015625
1 0.7373046875 0.31640625 0.0185546875 0.02734375
1 0.1796875 0.3984375 0.1064453125 0.1416015625
1 0.251953125 0.73046875 0.3310546875 0.52734375
1 0.419921875 0.3330078125 0.048828125 0.0830078125
1 0.6455078125 0.31640625 0.0185546875 0.02734375
1 0.275390625 0.34765625 0.029296875 0.044921875
1 0.462890625 0.341796875 0.0390625 0.06640625
1 0.666015625 0.318359375 0.0205078125 0.0302734375
1 0.275390625 0.3916015625 0.0810546875 0.111328125
1 0.759765625 0.330078125 0.029296875 0.033203125
0 0.33203125 0.955078125 0.1796875 0.078125
1 0.599609375 0.3740234375 0.064453125 0.158203125
1 0.7255859375 0.3916015625 0.0986328125 0.1162109375
1 0.9736328125 0.427734375 0.052734375 0.1884765625
1 0.5966796875 0.3115234375 0.015625 0.0224609375
1 0.900390625 0.3388671875 0.068359375 0.072265625
1 0.8134765625 0.3427734375 0.0732421875 0.09765625
1 0.224609375 0.3681640625 0.025390625 0.052734375
1 0.310546875 0.3427734375 0.029296875 0.046875
1 0.5419921875 0.37890625 0.041015625 0.09765625
1 0.353515625 0.3427734375 0.021484375 0.0361328125
1 0.7216796875 0.3359375 0.0283203125 0.0556640625
1 0.0693359375 0.4169921875 0.095703125 0.111328125
1 0.4892578125 0.3359375 0.021484375 0.044921875
0 0.478515625 0.4833984375 0.044921875 0.0390625
0 0.439453125 0.6083984375 0.056640625 0.0390625
1 0.9560546875 0.703125 0.087890625 0.27734375
1 0.7734375 0.3037109375 0.021484375 0.0419921875
1 0.9375 0.341796875 0.025390625 0.044921875
0 0.53125 0.580078125 0.15625 0.072265625
0 0.4111328125 0.4365234375 0.021484375 0.044921875
1 0.3759765625 0.447265625 0.0576171875 0.10546875
1 0.6748046875 0.3662109375 0.03125 0.06640625
0 0.466796875 0.3876953125 0.0263671875 0.025390625
0 0.8759765625 0.6181640625 0.044921875 0.025390625
0 0.61328125 0.466796875 0.0419921875 0.0390625
1 0.85546875 0.3447265625 0.029296875 0.0390625
1 0.8310546875 0.337890625 0.0185546875 0.0302734375
0 0.0390625 0.546875 0.078125 0.0556640625
0 0.642578125 0.4267578125 0.0439453125 0.025390625
0 0.384765625 0.8916015625 0.1357421875 0.0888671875
0 0.0390625 0.5986328125 0.078125 0.05859375
1 0.84375 0.3154296875 0.0185546875 0.0302734375
1 0.3359375 0.3544921875 0.0185546875 0.025390625
0 0.498046875 0.4306640625 0.025390625 0.0224609375
2 0.986328125 0.56640625 0.0234375 0.02734375
0 0.7734375 0.4345703125 0.0283203125 0.01953125
0 0.609375 0.384765625 0.0126953125 0.01953125
0 0.125 0.46484375 0.0185546875 0.01953125
0 0.7998046875 0.380859375 0.0185546875 0.0166015625
0 0.3125 0.3818359375 0.0126953125 0.046875
0 0.7841796875 0.40234375 0.0185546875 0.0166015625
1 0.7060546875 0.3642578125 0.0185546875 0.02734375
0 0.400390625 0.580078125 0.0126953125 0.02734375
2 0.4599609375 0.9541015625 0.0234375 0.0859375
0 0.4755859375 0.4541015625 0.0263671875 0.01953125
1 0.7744140625 0.380859375 0.013671875 0.044921875