2 0.833984375 0.927734375 0.166015625 0.0830078125
1 0.66796875 0.6279296875 0.376953125 0.455078125
1 0.0751953125 0.66015625 0.150390625 0.580078125
1 0.8359375 0.318359375 0.0185546875 0.0361328125
1 0.6416015625 0.31640625 0.013671875 0.033203125
1 0.412109375 0.3779296875 0.0546875 0.0947265625
1 0.4580078125 0.3291015625 0.025390625 0.0419921875
1 0.4306640625 0.3291015625 0.0205078125 0.0361328125
1 0.388671875 0.48046875 0.095703125 0.171875
0 0.2041015625 0.9306640625 0.220703125 0.1279296875
1 0.767578125 0.3193359375 0.0390625 0.072265625
1 0.8935546875 0.330078125 0.0498046875 0.078125
1 0.1611328125 0.4013671875 0.078125 0.125
1 0.3173828125 0.380859375 0.052734375 0.1279296875
1 0.84765625 0.3544921875 0.044921875 0.0693359375
1 0.80078125 0.33984375 0.048828125 0.0859375
1 0.5185546875 0.3349609375 0.0185546875 0.0419921875
1 0.369140625 0.3427734375 0.029296875 0.0634765625
1 0.9677734375 0.4365234375 0.064453125 0.1943359375
1 0.58203125 0.3662109375 0.048828125 0.1337890625
1 0.50390625 0.326171875 0.013671875 0.025390625
1 0.287109375 0.34765625 0.0263671875 0.0556640625
1 0.2255859375 0.341796875 0.0263671875 0.044921875
1 0.529296875 0.388671875 0.076171875 0.150390625
1 0.025390625 0.37890625 0.03125 0.01953125
1 0.48046875 0.3427734375 0.029296875 0.0634765625
1 0.7294921875 0.400390625 0.078125 0.1337890625
0 0.478515625 0.4833984375 0.0439453125 0.0390625
0 0.384765625 0.9375 0.130859375 0.125
1 0.935546875 0.35546875 0.048828125 0.078125
0 0.4248046875 0.5791015625 0.0751953125 0.052734375
1 0.73046875 0.302734375 0.017578125 0.02734375
1 0.6552734375 0.3642578125 0.064453125 0.1220703125
1 0.671875 0.3193359375 0.0185546875 0.0390625
0 0.419921875 0.46484375 0.033203125 0.025390625
1 0.6923828125 0.39453125 0.0341796875 0.0390625
1 0.5927734375 0.318359375 0.017578125 0.0361328125
1 0.306640625 0.3515625 0.0185546875 0.025390625
1 0.6875 0.3427734375 0.03125 0.0634765625
0 0.54296875 0.5615234375 0.060546875 0.033203125
0 0.4072265625 0.4404296875 0.029296875 0.0419921875
2 0.525390625 0.595703125 0.0390625 0.0419921875
1 0.322265625 0.35546875 0.0126953125 0.02734375
1 0.611328125 0.326171875 0.021484375 0.0361328125
0 0.7802734375 0.44140625 0.0419921875 0.044921875
1 0.9482421875 0.705078125 0.0966796875 0.2607421875
0 0.8486328125 0.59765625 0.078125 0.06640625
0 0.611328125 0.388671875 0.0205078125 0.02734375
0 0.0439453125 0.5927734375 0.087890625 0.0634765625
0 0.181640625 0.4912109375 0.0185546875 0.0224609375
0 0.556640625 0.537109375 0.0498046875 0.0302734375
0 0.041015625 0.5478515625 0.08203125 0.052734375
0 0.7626953125 0.380859375 0.025390625 0.0498046875
0 0.591796875 0.4638671875 0.021484375 0.0390625
0 0.4384765625 0.6162109375 0.0517578125 0.0224609375
1 0.197265625 0.3681640625 0.021484375 0.025390625
0 0.4951171875 0.44140625 0.0185546875 0.0224609375