2 0.83203125 0.923828125 0.1640625 0.080078125
1 0.685546875 0.673828125 0.4609375 0.369140625
1 0.2568359375 0.7626953125 0.404296875 0.4697265625
1 0.8603515625 0.4833984375 0.2451171875 0.2333984375
1 0.734375 0.318359375 0.021484375 0.0361328125
1 0.697265625 0.4287109375 0.1279296875 0.197265625
1 0.373046875 0.484375 0.150390625 0.1806640625
1 0.5439453125 0.4775390625 0.1689453125 0.18359375
1 0.8916015625 0.330078125 0.0703125 0.10546875
1 0.240234375 0.369140625 0.0498046875 0.072265625
1 0.712890625 0.341796875 0.03125 0.044921875
1 0.2998046875 0.3291015625 0.0126953125 0.0302734375
1 0.6748046875 0.3232421875 0.037109375 0.05859375
1 0.423828125 0.365234375 0.076171875 0.1083984375
1 0.8173828125 0.3515625 0.083984375 0.125
1 0.2802734375 0.35546875 0.0361328125 0.06640625
1 0.3564453125 0.3427734375 0.025390625 0.0419921875
1 0.587890625 0.318359375 0.013671875 0.025390625
1 0.6318359375 0.345703125 0.044921875 0.0751953125
0 0.544921875 0.580078125 0.126953125 0.0498046875
1 0.4990234375 0.3349609375 0.048828125 0.0693359375
1 0.431640625 0.318359375 0.025390625 0.0419921875
0 0.4755859375 0.48046875 0.048828125 0.0390625
1 0.462890625 0.3427734375 0.025390625 0.046875
0 0.3759765625 0.580078125 0.0703125 0.0390625
1 0.53125 0.3427734375 0.025390625 0.046875
0 0.87890625 0.60546875 0.126953125 0.072265625
1 0.0751953125 0.482421875 0.150390625 0.30859375
0 0.4384765625 0.607421875 0.0546875 0.0419921875
1 0.9599609375 0.6982421875 0.080078125 0.2802734375
1 0.5673828125 0.3759765625 0.03125 0.052734375
1 0.1787109375 0.380859375 0.0732421875 0.078125
1 0.767578125 0.3193359375 0.0390625 0.06640625
1 0.673828125 0.3740234375 0.029296875 0.0419921875
0 0.4873046875 0.4287109375 0.025390625 0.01953125
0 0.701171875 0.4736328125 0.048828125 0.0302734375
1 0.337890625 0.349609375 0.0185546875 0.033203125
0 0.4599609375 0.3857421875 0.0205078125 0.0166015625
0 0.150390625 0.443359375 0.0234375 0.025390625
0 0.642578125 0.4287109375 0.037109375 0.01953125
0 0.798828125 0.37109375 0.021484375 0.013671875
0 0.1884765625 0.466796875 0.076171875 0.0556640625
1 0.59765625 0.3740234375 0.0390625 0.130859375
0 0.2548828125 0.408203125 0.025390625 0.0166015625
1 0.0087890625 0.453125 0.017578125 0.0556640625
0 0.6064453125 0.39453125 0.0185546875 0.0166015625
0 0.599609375 0.455078125 0.0185546875 0.02734375
0 0.2724609375 0.4287109375 0.0576171875 0.025390625
1 0.60546875 0.30859375 0.013671875 0.02734375
0 0.943359375 0.3544921875 0.0498046875 0.025390625
0 0.849609375 0.35546875 0.0126953125 0.0166015625
1 0.849609375 0.380859375 0.0185546875 0.02734375
1 0.7724609375 0.37890625 0.017578125 0.052734375
0 0.7685546875 0.44140625 0.025390625 0.02734375
0 0.0849609375 0.9794921875 0.0205078125 0.0302734375
1 0.353515625 0.41015625 0.0390625 0.080078125
0 0.9931640625 0.552734375 0.013671875 0.02734375
0 0.5009765625 0.392578125 0.0390625 0.0302734375
0 0.6279296875 0.4931640625 0.0185546875 0.0419921875