2 0.8056640625 0.8623046875 0.1513671875 0.0751953125
1 0.681640625 0.5791015625 0.380859375 0.4248046875
1 0.373046875 0.4541015625 0.150390625 0.203125
1 0.255859375 0.72265625 0.4267578125 0.544921875
1 0.3251953125 0.341796875 0.0439453125 0.072265625
1 0.7197265625 0.2890625 0.0205078125 0.02734375
1 0.2490234375 0.3388671875 0.0390625 0.072265625
1 0.412109375 0.341796875 0.037109375 0.078125
1 0.5 0.298828125 0.0126953125 0.0302734375
1 0.5029296875 0.3515625 0.0595703125 0.125
1 0.466796875 0.328125 0.0283203125 0.0615234375
1 0.8349609375 0.3359375 0.048828125 0.06640625
1 0.75390625 0.294921875 0.044921875 0.078125
1 0.298828125 0.3154296875 0.025390625 0.046875
1 0.65625 0.357421875 0.037109375 0.0751953125
1 0.548828125 0.349609375 0.0341796875 0.0830078125
1 0.6259765625 0.3154296875 0.0546875 0.0751953125
1 0.875 0.2998046875 0.0439453125 0.06640625
1 0.0869140625 0.4345703125 0.1640625 0.2802734375
1 0.2060546875 0.4052734375 0.1064453125 0.1943359375
1 0.576171875 0.3037109375 0.03125 0.05859375
1 0.9326171875 0.5556640625 0.130859375 0.4443359375
1 0.806640625 0.283203125 0.0185546875 0.033203125
1 0.3125 0.3037109375 0.0126953125 0.025390625
1 0.95703125 0.318359375 0.076171875 0.09765625
1 0.5322265625 0.3125 0.017578125 0.0419921875
0 0.880859375 0.54296875 0.111328125 0.05859375
1 0.724609375 0.3447265625 0.0517578125 0.078125
1 0.3623046875 0.3125 0.0185546875 0.0302734375
1 0.443359375 0.298828125 0.0185546875 0.0302734375
2 0.541015625 0.5498046875 0.0595703125 0.044921875
0 0.478515625 0.451171875 0.0498046875 0.0361328125
0 0.443359375 0.568359375 0.0546875 0.0361328125
0 0.4091796875 0.404296875 0.0283203125 0.0361328125
1 0.69140625 0.322265625 0.0263671875 0.044921875
1 0.662109375 0.3125 0.0185546875 0.01953125
1 0.59765625 0.3017578125 0.017578125 0.025390625
1 0.78515625 0.3017578125 0.029296875 0.0419921875
1 0.978515625 0.41796875 0.0390625 0.1357421875
0 0.4921875 0.40234375 0.021484375 0.0166015625
1 0.3310546875 0.3193359375 0.0126953125 0.0224609375
0 0.6298828125 0.392578125 0.021484375 0.01953125
0 0.42578125 0.4306640625 0.029296875 0.0166015625
1 0.4951171875 0.330078125 0.0185546875 0.02734375
2 0.3984375 0.95703125 0.037109375 0.0751953125
0 0.361328125 0.3447265625 0.021484375 0.02734375
0 0.30078125 0.3984375 0.0205078125 0.01953125
0 0.755859375 0.4072265625 0.025390625 0.025390625
0 0.931640625 0.357421875 0.025390625 0.025390625
0 0.6064453125 0.35546875 0.0185546875 0.0224609375
0 0.4697265625 0.3623046875 0.017578125 0.01953125
1 0.3486328125 0.326171875 0.015625 0.025390625
2 0.345703125 0.533203125 0.041015625 0.033203125
1 0.6240234375 0.33203125 0.013671875 0.01953125