2 0.833984375 0.923828125 0.166015625 0.080078125
1 0.6689453125 0.6806640625 0.431640625 0.3779296875
1 0.7412109375 0.3154296875 0.017578125 0.0302734375
1 0.494140625 0.33984375 0.0234375 0.0419921875
1 0.8779296875 0.48046875 0.224609375 0.244140625
1 0.275390625 0.341796875 0.025390625 0.033203125
1 0.5341796875 0.4775390625 0.1591796875 0.177734375
1 0.462890625 0.3359375 0.048828125 0.0830078125
1 0.373046875 0.4794921875 0.1513671875 0.1865234375
1 0.712890625 0.4140625 0.125 0.171875
1 0.076171875 0.6474609375 0.15234375 0.533203125
1 0.306640625 0.328125 0.013671875 0.0224609375
1 0.53125 0.3212890625 0.0185546875 0.0361328125
1 0.1884765625 0.443359375 0.1328125 0.23046875
0 0.3310546875 0.9599609375 0.1748046875 0.080078125
1 0.6298828125 0.341796875 0.052734375 0.072265625
1 0.947265625 0.345703125 0.0576171875 0.091796875
1 0.8935546875 0.341796875 0.0625 0.0888671875
1 0.236328125 0.349609375 0.0419921875 0.0830078125
1 0.62890625 0.2958984375 0.017578125 0.025390625
1 0.8125 0.3447265625 0.068359375 0.099609375
1 0.318359375 0.365234375 0.0625 0.0859375
0 0.8701171875 0.615234375 0.0654296875 0.0361328125
1 0.173828125 0.34765625 0.0263671875 0.0556640625
1 0.6630859375 0.3251953125 0.0234375 0.0498046875
1 0.0810546875 0.423828125 0.0810546875 0.091796875
1 0.5966796875 0.3125 0.015625 0.0302734375
1 0.7216796875 0.3232421875 0.025390625 0.0419921875
0 0.3759765625 0.5791015625 0.064453125 0.0302734375
1 0.7685546875 0.326171875 0.037109375 0.0634765625
0 0.181640625 0.9306640625 0.193359375 0.1279296875
0 0.439453125 0.6083984375 0.052734375 0.0390625
0 0.408203125 0.4404296875 0.021484375 0.0361328125
1 0.9814453125 0.392578125 0.037109375 0.09765625
1 0.5869140625 0.330078125 0.0205078125 0.033203125
0 0.53125 0.580078125 0.130859375 0.06640625
1 0.0146484375 0.44140625 0.029296875 0.0947265625
1 0.2685546875 0.390625 0.025390625 0.0419921875
1 0.6826171875 0.3623046875 0.03125 0.05859375
0 0.3876953125 0.892578125 0.1376953125 0.091796875
1 0.421875 0.380859375 0.078125 0.10546875
0 0.4638671875 0.3876953125 0.0341796875 0.025390625
0 0.7734375 0.44140625 0.03125 0.033203125
0 0.298828125 0.5654296875 0.046875 0.025390625
1 0.3642578125 0.35546875 0.0185546875 0.02734375
0 0.0390625 0.5458984375 0.078125 0.046875
1 0.853515625 0.3388671875 0.0234375 0.033203125
0 0.6435546875 0.427734375 0.037109375 0.0224609375
0 0.498046875 0.4306640625 0.0205078125 0.0166015625
1 0.337890625 0.3447265625 0.0185546875 0.0224609375
1 0.9638671875 0.6982421875 0.072265625 0.2802734375
0 0.798828125 0.3779296875 0.0234375 0.0166015625
0 0.30078125 0.50390625 0.0234375 0.0419921875
0 0.0380859375 0.5986328125 0.076171875 0.05859375
2 0.6103515625 0.48046875 0.0205078125 0.0224609375
0 0.228515625 0.3955078125 0.0205078125 0.025390625
0 0.587890625 0.4609375 0.025390625 0.044921875
0 0.787109375 0.40234375 0.0185546875 0.0166015625
0 0.126953125 0.462890625 0.0185546875 0.01953125
0 0.2431640625 0.4169921875 0.0263671875 0.0166015625
0 0.443359375 0.474609375 0.03125 0.0166015625
2 0.4599609375 0.9541015625 0.0234375 0.0859375
1 0.037109375 0.4365234375 0.025390625 0.033203125
1 0.546875 0.3779296875 0.021484375 0.0498046875