2 0.8056640625 0.8623046875 0.1513671875 0.0751953125
1 0.66015625 0.630859375 0.3857421875 0.328125
1 0.2861328125 0.7001953125 0.380859375 0.4169921875
1 0.4892578125 0.3154296875 0.0185546875 0.0361328125
1 0.82421875 0.451171875 0.2294921875 0.2138671875
1 0.2880859375 0.326171875 0.0205078125 0.0361328125
1 0.541015625 0.4541015625 0.154296875 0.15234375
1 0.3798828125 0.4375 0.125 0.1806640625
1 0.7216796875 0.2890625 0.0185546875 0.0390625
1 0.8076171875 0.28515625 0.0185546875 0.0302734375
1 0.0830078125 0.47265625 0.166015625 0.244140625
1 0.2060546875 0.421875 0.119140625 0.18359375
1 0.4990234375 0.3427734375 0.064453125 0.1025390625
1 0.23828125 0.330078125 0.0205078125 0.033203125
1 0.9091796875 0.3095703125 0.0439453125 0.0693359375
1 0.6865234375 0.3916015625 0.1142578125 0.1669921875
1 0.3115234375 0.3212890625 0.0234375 0.0361328125
1 0.8701171875 0.296875 0.046875 0.06640625
1 0.865234375 0.35546875 0.052734375 0.072265625
1 0.791015625 0.31640625 0.060546875 0.0888671875
1 0.31640625 0.298828125 0.013671875 0.01953125
1 0.6259765625 0.30859375 0.048828125 0.06640625
1 0.580078125 0.3193359375 0.033203125 0.06640625
1 0.986328125 0.3095703125 0.0263671875 0.0419921875
1 0.7451171875 0.31640625 0.0283203125 0.0556640625
1 0.599609375 0.3056640625 0.017578125 0.02734375
1 0.7529296875 0.275390625 0.0185546875 0.033203125
1 0.28125 0.3662109375 0.0751953125 0.111328125
0 0.4755859375 0.451171875 0.0361328125 0.0361328125
0 0.4228515625 0.41796875 0.0234375 0.0361328125
1 0.37890625 0.3232421875 0.013671875 0.0302734375
1 0.185546875 0.3291015625 0.033203125 0.046875
0 0.884765625 0.5556640625 0.138671875 0.06640625
1 0.4287109375 0.349609375 0.064453125 0.0947265625
0 0.181640625 0.919921875 0.255859375 0.150390625
1 0.46875 0.328125 0.025390625 0.044921875
0 0.412109375 0.3984375 0.0234375 0.01953125
1 0.5498046875 0.3427734375 0.03125 0.05859375
0 0.5361328125 0.5322265625 0.0966796875 0.0419921875
0 0.443359375 0.56640625 0.0517578125 0.0390625
0 0.6279296875 0.3916015625 0.0341796875 0.0224609375
1 0.95703125 0.3330078125 0.0419921875 0.0498046875
0 0.4697265625 0.3583984375 0.0234375 0.0166015625
0 0.3056640625 0.3955078125 0.0234375 0.013671875
1 0.701171875 0.3037109375 0.0234375 0.0361328125
1 0.6552734375 0.294921875 0.017578125 0.033203125
0 0.3349609375 0.3759765625 0.0234375 0.013671875
0 0.36328125 0.3427734375 0.033203125 0.025390625
0 0.494140625 0.3984375 0.0205078125 0.01953125
0 0.3857421875 0.517578125 0.0625 0.0302734375
1 0.6591796875 0.3515625 0.03125 0.046875
1 0.9716796875 0.4208984375 0.056640625 0.1865234375
0 0.373046875 0.892578125 0.1357421875 0.2138671875
0 0.7802734375 0.3427734375 0.0234375 0.013671875
0 0.603515625 0.35546875 0.013671875 0.0224609375
2 0.623046875 0.4501953125 0.0185546875 0.044921875
0 0.5869140625 0.4287109375 0.013671875 0.0361328125
1 0.7978515625 0.30859375 0.017578125 0.02734375
1 0.5107421875 0.2919921875 0.0283203125 0.044921875
0 0.7548828125 0.404296875 0.025390625 0.025390625
1 0.361328125 0.3193359375 0.013671875 0.0224609375
0 0.2998046875 0.9404296875 0.03125 0.119140625