2 0.833984375 0.9267578125 0.166015625 0.0859375
1 0.23828125 0.763671875 0.3388671875 0.4501953125
1 0.7060546875 0.69140625 0.4560546875 0.322265625
1 0.86328125 0.474609375 0.2451171875 0.2666015625
1 0.3798828125 0.4931640625 0.150390625 0.1865234375
1 0.546875 0.4794921875 0.203125 0.1748046875
1 0.9365234375 0.3486328125 0.0390625 0.0419921875
1 0.740234375 0.31640625 0.021484375 0.0390625
1 0.4248046875 0.3291015625 0.0439453125 0.0859375
1 0.6474609375 0.328125 0.017578125 0.0390625
1 0.869140625 0.349609375 0.0439453125 0.0556640625
1 0.462890625 0.341796875 0.037109375 0.06640625
1 0.275390625 0.341796875 0.0205078125 0.033203125
1 0.193359375 0.4501953125 0.1376953125 0.2333984375
1 0.7060546875 0.427734375 0.119140625 0.2001953125
1 0.5029296875 0.330078125 0.015625 0.0390625
1 0.2822265625 0.419921875 0.080078125 0.177734375
1 0.505859375 0.37890625 0.068359375 0.1416015625
1 0.767578125 0.3349609375 0.0419921875 0.080078125
1 0.486328125 0.3486328125 0.0205078125 0.0419921875
1 0.0849609375 0.517578125 0.1484375 0.2919921875
0 0.3310546875 0.9599609375 0.1748046875 0.080078125
1 0.3427734375 0.3662109375 0.048828125 0.1162109375
1 0.580078125 0.3291015625 0.0283203125 0.0361328125
1 0.81640625 0.3662109375 0.0732421875 0.1162109375
0 0.5419921875 0.5849609375 0.134765625 0.0419921875
1 0.2939453125 0.3291015625 0.0126953125 0.01953125
0 0.3701171875 0.5849609375 0.0751953125 0.0302734375
1 0.2255859375 0.3662109375 0.033203125 0.0498046875
1 0.7177734375 0.3388671875 0.0263671875 0.0498046875
0 0.4755859375 0.482421875 0.0419921875 0.0361328125
1 0.900390625 0.3095703125 0.0546875 0.0693359375
0 0.439453125 0.6083984375 0.052734375 0.0390625
1 0.9580078125 0.697265625 0.078125 0.283203125
1 0.5576171875 0.380859375 0.0439453125 0.078125
1 0.4423828125 0.3291015625 0.0126953125 0.025390625
1 0.6298828125 0.3427734375 0.025390625 0.046875
1 0.974609375 0.365234375 0.0439453125 0.0634765625
1 0.310546875 0.341796875 0.0263671875 0.0390625
0 0.2998046875 0.5693359375 0.0498046875 0.0390625
1 0.3974609375 0.390625 0.0263671875 0.0361328125
0 0.4609375 0.3876953125 0.0283203125 0.025390625
2 0.7998046875 0.4306640625 0.025390625 0.02734375
1 0.0498046875 0.4052734375 0.0439453125 0.06640625
0 0.4931640625 0.4287109375 0.029296875 0.025390625
0 0.775390625 0.443359375 0.037109375 0.0361328125
1 0.1767578125 0.37890625 0.021484375 0.0419921875
0 0.880859375 0.6181640625 0.048828125 0.025390625
1 0.6953125 0.35546875 0.021484375 0.0390625
1 0.599609375 0.31640625 0.0185546875 0.0390625
0 0.388671875 0.892578125 0.138671875 0.091796875
0 0.712890625 0.4775390625 0.0439453125 0.033203125
1 0.822265625 0.3251953125 0.013671875 0.033203125
0 0.6259765625 0.56640625 0.044921875 0.033203125
1 0.837890625 0.31640625 0.0205078125 0.0390625
0 0.4306640625 0.455078125 0.0361328125 0.0498046875
0 0.6044921875 0.392578125 0.0185546875 0.025390625
0 0.041015625 0.5478515625 0.08203125 0.052734375
0 0.64453125 0.427734375 0.033203125 0.0224609375
0 0.3125 0.37890625 0.0185546875 0.052734375
1 0.9052734375 0.3330078125 0.017578125 0.0224609375
0 0.2998046875 0.50390625 0.0185546875 0.0302734375
0 0.6201171875 0.4775390625 0.0283203125 0.0224609375
0 0.2919921875 0.4306640625 0.021484375 0.0166015625
2 0.974609375 0.576171875 0.0498046875 0.0361328125
0 0.7998046875 0.3876953125 0.0126953125 0.025390625
0 0.81640625 0.3662109375 0.013671875 0.0166015625
0 0.78515625 0.4072265625 0.0234375 0.025390625
1 0.369140625 0.3818359375 0.0126953125 0.0634765625
0 0.8916015625 0.5595703125 0.048828125 0.01953125
2 0.4599609375 0.955078125 0.0234375 0.0830078125
1 0.6015625 0.3544921875 0.025390625 0.0361328125
0 0.2314453125 0.4052734375 0.025390625 0.033203125