2 0.8056640625 0.8623046875 0.1513671875 0.0751953125
1 0.255859375 0.73046875 0.380859375 0.533203125
1 0.826171875 0.4482421875 0.2265625 0.23046875
1 0.546875 0.44140625 0.177734375 0.1611328125
1 0.435546875 0.3837890625 0.103515625 0.1337890625
1 0.2431640625 0.341796875 0.0263671875 0.0498046875
1 0.6513671875 0.6474609375 0.4091796875 0.3330078125
1 0.6923828125 0.390625 0.1064453125 0.15234375
1 0.306640625 0.3037109375 0.017578125 0.025390625
1 0.7041015625 0.306640625 0.044921875 0.0751953125
1 0.216796875 0.3916015625 0.109375 0.177734375
1 0.7978515625 0.3037109375 0.060546875 0.0751953125
1 0.275390625 0.3447265625 0.0546875 0.0830078125
1 0.5009765625 0.3525390625 0.0703125 0.111328125
1 0.6171875 0.31640625 0.056640625 0.078125
1 0.099609375 0.4580078125 0.1796875 0.2607421875
1 0.44140625 0.328125 0.0234375 0.0498046875
0 0.474609375 0.451171875 0.037109375 0.0361328125
1 0.9072265625 0.3232421875 0.0576171875 0.091796875
1 0.462890625 0.3291015625 0.025390625 0.052734375
1 0.84375 0.3427734375 0.0498046875 0.046875
1 0.57421875 0.2998046875 0.029296875 0.0556640625
1 0.962890625 0.31640625 0.0625 0.078125
1 0.7421875 0.29296875 0.046875 0.0634765625
0 0.412109375 0.3984375 0.0185546875 0.01953125
0 0.8740234375 0.5517578125 0.123046875 0.05859375
1 0.65625 0.298828125 0.03125 0.05859375
0 0.443359375 0.568359375 0.0517578125 0.0361328125
0 0.5322265625 0.5400390625 0.1015625 0.0361328125
0 0.6806640625 0.44140625 0.0419921875 0.0224609375
0 0.38671875 0.5400390625 0.0546875 0.0361328125
1 0.8779296875 0.2919921875 0.025390625 0.0390625
0 0.357421875 0.3515625 0.0234375 0.025390625
0 0.48828125 0.3984375 0.029296875 0.01953125
1 0.9384765625 0.6298828125 0.123046875 0.306640625
0 0.1875 0.4287109375 0.03125 0.01953125
1 0.548828125 0.3427734375 0.033203125 0.05859375
1 0.1630859375 0.3857421875 0.0234375 0.033203125
0 0.5791015625 0.3515625 0.0205078125 0.013671875
1 0.30078125 0.328125 0.013671875 0.0224609375
1 0.529296875 0.294921875 0.0205078125 0.02734375
1 0.494140625 0.302734375 0.0185546875 0.0390625
1 0.96875 0.4287109375 0.0625 0.19140625
0 0.962890625 0.529296875 0.048828125 0.0302734375
0 0.779296875 0.3486328125 0.0185546875 0.01953125
1 0.3359375 0.34765625 0.0283203125 0.0556640625
0 0.609375 0.35546875 0.021484375 0.02734375
0 0.154296875 0.4306640625 0.017578125 0.0166015625
0 0.4248046875 0.431640625 0.03125 0.013671875
0 0.3017578125 0.3984375 0.021484375 0.01953125
0 0.755859375 0.4052734375 0.0263671875 0.02734375
2 0.255859375 0.7900390625 0.0498046875 0.091796875
1 0.654296875 0.34765625 0.0283203125 0.0556640625
0 0.630859375 0.392578125 0.029296875 0.01953125
0 0.8076171875 0.3544921875 0.0439453125 0.025390625
0 0.4677734375 0.3623046875 0.013671875 0.01953125
1 0.5986328125 0.3095703125 0.015625 0.01953125
0 0.5849609375 0.3740234375 0.0361328125 0.0419921875
1 0.75390625 0.3359375 0.017578125 0.044921875
0 0.779296875 0.3740234375 0.0263671875 0.0419921875
1 0.478515625 0.3037109375 0.015625 0.0361328125
2 0.7998046875 0.337890625 0.0185546875 0.01953125
1 0.06640625 0.404296875 0.0419921875 0.0751953125
0 0.9375 0.3193359375 0.025390625 0.02734375