2 0.833984375 0.923828125 0.166015625 0.080078125
1 0.673828125 0.66796875 0.419921875 0.3916015625
1 0.8505859375 0.4794921875 0.220703125 0.2529296875
1 0.712890625 0.404296875 0.1357421875 0.158203125
1 0.361328125 0.4990234375 0.166015625 0.169921875
1 0.6318359375 0.3125 0.017578125 0.01953125
1 0.0751953125 0.630859375 0.150390625 0.505859375
1 0.7353515625 0.3115234375 0.017578125 0.0224609375
1 0.5498046875 0.453125 0.1376953125 0.205078125
1 0.869140625 0.34765625 0.0439453125 0.033203125
1 0.4619140625 0.34765625 0.044921875 0.06640625
1 0.6728515625 0.318359375 0.0205078125 0.025390625
1 0.275390625 0.404296875 0.087890625 0.1748046875
1 0.2265625 0.3681640625 0.0283203125 0.0634765625
1 0.7177734375 0.3359375 0.029296875 0.0556640625
1 0.193359375 0.455078125 0.126953125 0.2333984375
1 0.2861328125 0.3388671875 0.021484375 0.0390625
0 0.86328125 0.6083984375 0.1298828125 0.06640625
1 0.59375 0.3388671875 0.0439453125 0.072265625
1 0.931640625 0.3447265625 0.037109375 0.0498046875
1 0.75 0.3291015625 0.03125 0.05859375
1 0.35546875 0.3447265625 0.0419921875 0.0615234375
1 0.4375 0.3291015625 0.0185546875 0.0302734375
1 0.818359375 0.33203125 0.0625 0.091796875
0 0.474609375 0.48046875 0.0439453125 0.0390625
1 0.5 0.328125 0.0185546875 0.044921875
0 0.40625 0.4365234375 0.025390625 0.044921875
1 0.32421875 0.345703125 0.0205078125 0.0361328125
1 0.9453125 0.66796875 0.099609375 0.341796875
1 0.482421875 0.3349609375 0.017578125 0.0302734375
0 0.5419921875 0.5693359375 0.1220703125 0.06640625
1 0.537109375 0.3681640625 0.033203125 0.0634765625
1 0.0673828125 0.4052734375 0.083984375 0.078125
1 0.1982421875 0.3662109375 0.03125 0.0498046875
0 0.4384765625 0.607421875 0.0546875 0.0419921875
0 0.3056640625 0.9150390625 0.2890625 0.158203125
1 0.642578125 0.3232421875 0.0107421875 0.01953125
1 0.693359375 0.4541015625 0.037109375 0.0302734375
0 0.494140625 0.4306640625 0.025390625 0.0224609375
0 0.3798828125 0.5859375 0.056640625 0.033203125
1 0.9013671875 0.298828125 0.0283203125 0.0302734375
1 0.9794921875 0.4072265625 0.041015625 0.0634765625
1 0.7744140625 0.3017578125 0.0234375 0.0361328125
1 0.9736328125 0.3544921875 0.052734375 0.056640625
1 0.6318359375 0.341796875 0.0361328125 0.0498046875
1 0.7822265625 0.3486328125 0.0263671875 0.0693359375
0 0.349609375 0.380859375 0.0185546875 0.0224609375
0 0.29296875 0.5654296875 0.048828125 0.025390625
1 0.673828125 0.359375 0.03125 0.0419921875
0 0.044921875 0.59375 0.08984375 0.06640625
0 0.603515625 0.39453125 0.0185546875 0.0166015625
0 0.41796875 0.4638671875 0.033203125 0.02734375
1 0.513671875 0.31640625 0.021484375 0.0390625
0 0.642578125 0.4248046875 0.041015625 0.0166015625
0 0.041015625 0.5458984375 0.08203125 0.056640625
1 0.904296875 0.3515625 0.025390625 0.046875
0 0.4677734375 0.390625 0.0205078125 0.01953125
1 0.486328125 0.404296875 0.0419921875 0.046875
0 0.283203125 0.4306640625 0.03125 0.0224609375
0 0.7685546875 0.443359375 0.025390625 0.0302734375
0 0.7978515625 0.3740234375 0.0205078125 0.01953125
1 0.025390625 0.4580078125 0.0498046875 0.0888671875
0 0.587890625 0.37890625 0.013671875 0.01953125
0 0.1064453125 0.9287109375 0.2060546875 0.130859375
0 0.232421875 0.4169921875 0.013671875 0.0166015625
0 0.1259765625 0.4609375 0.0234375 0.0166015625
2 0.7431640625 0.447265625 0.029296875 0.033203125
1 0.98828125 0.466796875 0.0205078125 0.0830078125
0 0.3291015625 0.427734375 0.029296875 0.06640625
0 0.4892578125 0.5302734375 0.021484375 0.0107421875
1 0.361328125 0.41796875 0.0205078125 0.0361328125
0 0.787109375 0.392578125 0.013671875 0.01953125