2 0.8046875 0.8623046875 0.1533203125 0.0751953125
1 0.6689453125 0.62890625 0.431640625 0.3583984375
1 0.2822265625 0.7294921875 0.361328125 0.5302734375
1 0.3857421875 0.4541015625 0.125 0.1865234375
1 0.537109375 0.443359375 0.15625 0.169921875
1 0.6904296875 0.404296875 0.119140625 0.1865234375
1 0.291015625 0.31640625 0.0205078125 0.0390625
1 0.201171875 0.4052734375 0.119140625 0.171875
1 0.6279296875 0.2900390625 0.0185546875 0.0302734375
1 0.248046875 0.3291015625 0.025390625 0.0419921875
1 0.9560546875 0.31640625 0.0810546875 0.078125
1 0.318359375 0.298828125 0.0126953125 0.01953125
1 0.8173828125 0.447265625 0.150390625 0.2333984375
1 0.09375 0.47265625 0.1748046875 0.244140625
1 0.6572265625 0.3056640625 0.033203125 0.0615234375
1 0.435546875 0.3359375 0.0732421875 0.10546875
1 0.873046875 0.3154296875 0.078125 0.1025390625
1 0.08203125 0.3662109375 0.0390625 0.044921875
1 0.9345703125 0.4248046875 0.130859375 0.205078125
1 0.6181640625 0.3291015625 0.0732421875 0.09765625
1 0.486328125 0.3134765625 0.0361328125 0.072265625
1 0.7490234375 0.29296875 0.0517578125 0.0634765625
1 0.359375 0.318359375 0.0283203125 0.0419921875
1 0.310546875 0.328125 0.0234375 0.0390625
1 0.26953125 0.361328125 0.044921875 0.078125
1 0.69921875 0.3212890625 0.0234375 0.05859375
1 0.212890625 0.337890625 0.03125 0.0302734375
0 0.478515625 0.451171875 0.0419921875 0.0361328125
0 0.443359375 0.568359375 0.0546875 0.0361328125
1 0.599609375 0.3017578125 0.017578125 0.0361328125
0 0.91796875 0.5361328125 0.0986328125 0.044921875
0 0.3603515625 0.9306640625 0.1357421875 0.1279296875
1 0.5732421875 0.3134765625 0.015625 0.02734375
2 0.541015625 0.5498046875 0.0673828125 0.044921875
0 0.4873046875 0.400390625 0.025390625 0.0166015625
0 0.4072265625 0.39453125 0.029296875 0.0224609375
1 0.548828125 0.341796875 0.033203125 0.0556640625
0 0.25 0.85546875 0.119140625 0.0947265625
0 0.6044921875 0.365234375 0.0283203125 0.01953125
0 0.47265625 0.359375 0.0205078125 0.01953125
1 0.3310546875 0.35546875 0.025390625 0.0390625
0 0.3876953125 0.544921875 0.0439453125 0.0224609375
0 0.2939453125 0.3955078125 0.0439453125 0.025390625
1 0.5830078125 0.2919921875 0.015625 0.02734375
1 0.8173828125 0.3154296875 0.0126953125 0.0361328125
0 0.9326171875 0.357421875 0.0283203125 0.025390625
0 0.599609375 0.5263671875 0.0625 0.0361328125
0 0.357421875 0.349609375 0.0205078125 0.033203125
1 0.2373046875 0.3525390625 0.0185546875 0.033203125
1 0.7373046875 0.404296875 0.0439453125 0.046875
1 0.330078125 0.318359375 0.0234375 0.0361328125
1 0.5 0.3037109375 0.0126953125 0.01953125
1 0.7353515625 0.279296875 0.0078125 0.025390625
0 0.962890625 0.5302734375 0.0419921875 0.0166015625