2 0.8349609375 0.923828125 0.1640625 0.080078125
1 0.705078125 0.6357421875 0.4765625 0.455078125
1 0.447265625 0.3974609375 0.0859375 0.1552734375
1 0.2421875 0.7275390625 0.375 0.544921875
1 0.9560546875 0.41796875 0.087890625 0.197265625
1 0.2421875 0.3720703125 0.046875 0.06640625
1 0.73828125 0.3134765625 0.013671875 0.02734375
1 0.7197265625 0.40234375 0.0830078125 0.1279296875
1 0.310546875 0.39453125 0.0595703125 0.1669921875
1 0.56640625 0.3681640625 0.0361328125 0.0361328125
1 0.650390625 0.384765625 0.0810546875 0.1083984375
1 0.59375 0.345703125 0.0439453125 0.0859375
1 0.669921875 0.3291015625 0.0361328125 0.052734375
1 0.2939453125 0.341796875 0.0126953125 0.0224609375
1 0.818359375 0.33203125 0.068359375 0.0859375
1 0.0556640625 0.4501953125 0.111328125 0.1552734375
1 0.185546875 0.3583984375 0.0810546875 0.099609375
1 0.9130859375 0.3251953125 0.0263671875 0.0556640625
1 0.0166015625 0.37890625 0.033203125 0.0361328125
1 0.7109375 0.3349609375 0.025390625 0.05859375
1 0.53125 0.341796875 0.037109375 0.072265625
1 0.3447265625 0.330078125 0.0205078125 0.033203125
0 0.478515625 0.482421875 0.0439453125 0.0361328125
0 0.5322265625 0.5791015625 0.107421875 0.046875
1 0.6435546875 0.318359375 0.0185546875 0.0302734375
1 0.462890625 0.349609375 0.025390625 0.044921875
1 0.486328125 0.3291015625 0.013671875 0.0302734375
0 0.8779296875 0.6240234375 0.099609375 0.080078125
0 0.439453125 0.6083984375 0.052734375 0.0390625
1 0.880859375 0.31640625 0.0439453125 0.0556640625
0 0.392578125 0.580078125 0.0419921875 0.0390625
1 0.775390625 0.4013671875 0.0419921875 0.0634765625
1 0.400390625 0.3037109375 0.048828125 0.1748046875
1 0.9560546875 0.6552734375 0.087890625 0.361328125
1 0.763671875 0.31640625 0.03125 0.0615234375
0 0.2119140625 0.45703125 0.033203125 0.0419921875
0 0.4873046875 0.4287109375 0.025390625 0.025390625
1 0.5927734375 0.328125 0.013671875 0.0224609375
0 0.349609375 0.37890625 0.0234375 0.025390625
1 0.3095703125 0.33203125 0.025390625 0.0361328125
0 0.798828125 0.37890625 0.025390625 0.01953125
0 0.841796875 0.3740234375 0.0205078125 0.01953125
0 0.6875 0.3681640625 0.025390625 0.0419921875
0 0.2548828125 0.41015625 0.021484375 0.01953125
0 0.044921875 0.56640625 0.0888671875 0.1220703125
0 0.6064453125 0.4677734375 0.025390625 0.0361328125
0 0.763671875 0.44140625 0.0185546875 0.02734375
0 0.4228515625 0.4501953125 0.013671875 0.044921875
2 0.291015625 0.400390625 0.0126953125 0.033203125
0 0.1494140625 0.4384765625 0.0234375 0.0224609375
0 0.60546875 0.3955078125 0.0234375 0.025390625
1 0.634765625 0.3662109375 0.0205078125 0.0224609375
1 0.462890625 0.37890625 0.029296875 0.025390625
1 0.53515625 0.4052734375 0.0263671875 0.0615234375
0 0.8701171875 0.35546875 0.0439453125 0.0224609375
1 0.400390625 0.234375 0.0126953125 0.0302734375
0 0.9267578125 0.3681640625 0.0283203125 0.0361328125
0 0.119140625 0.4677734375 0.0546875 0.0634765625
2 0.4306640625 0.4697265625 0.0234375 0.0107421875
2 0.04296875 0.94140625 0.0390625 0.0498046875
1 0.267578125 0.392578125 0.017578125 0.0361328125
0 0.5048828125 0.384765625 0.03125 0.0302734375