2 0.833984375 0.927734375 0.166015625 0.0830078125
1 0.6728515625 0.654296875 0.419921875 0.419921875
1 0.0625 0.625 0.125 0.5166015625
1 0.1875 0.404296875 0.1123046875 0.1357421875
1 0.4365234375 0.4013671875 0.0986328125 0.1640625
1 0.556640625 0.4599609375 0.126953125 0.1806640625
1 0.8310546875 0.4677734375 0.150390625 0.224609375
1 0.486328125 0.33984375 0.0390625 0.080078125
1 0.7197265625 0.39453125 0.111328125 0.14453125
1 0.7666015625 0.318359375 0.0419921875 0.0693359375
1 0.9482421875 0.4501953125 0.103515625 0.2333984375
1 0.3115234375 0.392578125 0.0576171875 0.1416015625
1 0.884765625 0.3251953125 0.0576171875 0.0830078125
1 0.560546875 0.3681640625 0.0341796875 0.046875
0 0.20703125 0.9306640625 0.2607421875 0.1337890625
1 0.4306640625 0.326171875 0.0205078125 0.025390625
1 0.298828125 0.330078125 0.015625 0.02734375
1 0.58203125 0.33203125 0.029296875 0.0634765625
0 0.8857421875 0.59765625 0.1591796875 0.0830078125
1 0.357421875 0.341796875 0.029296875 0.0556640625
1 0.283203125 0.3427734375 0.025390625 0.0419921875
1 0.6376953125 0.3349609375 0.0498046875 0.080078125
1 0.7294921875 0.318359375 0.021484375 0.0361328125
1 0.818359375 0.3359375 0.048828125 0.0830078125
0 0.4814453125 0.4833984375 0.0498046875 0.0390625
1 0.1865234375 0.35546875 0.0205078125 0.0390625
1 0.6689453125 0.318359375 0.0185546875 0.0361328125
0 0.380859375 0.94140625 0.1015625 0.1162109375
2 0.537109375 0.591796875 0.0576171875 0.044921875
0 0.419921875 0.4501953125 0.0205078125 0.033203125
0 0.439453125 0.6083984375 0.052734375 0.0390625
1 0.4560546875 0.3330078125 0.025390625 0.0390625
1 0.609375 0.3232421875 0.021484375 0.0419921875
0 0.37890625 0.56640625 0.0888671875 0.0615234375
0 0.404296875 0.4306640625 0.033203125 0.0224609375
1 0.0224609375 0.4482421875 0.044921875 0.119140625
1 0.84375 0.330078125 0.0185546875 0.0498046875
0 0.0380859375 0.544921875 0.076171875 0.0498046875
0 0.4921875 0.4287109375 0.021484375 0.01953125
0 0.474609375 0.390625 0.0234375 0.01953125
0 0.7978515625 0.380859375 0.0263671875 0.0224609375
0 0.6123046875 0.392578125 0.025390625 0.01953125
1 0.5205078125 0.3349609375 0.0283203125 0.0419921875
0 0.0439453125 0.5947265625 0.087890625 0.0615234375
0 0.287109375 0.5322265625 0.0498046875 0.0419921875
1 0.923828125 0.3544921875 0.033203125 0.05859375
0 0.4287109375 0.4677734375 0.013671875 0.013671875
1 0.2626953125 0.3818359375 0.025390625 0.0361328125
0 0.3291015625 0.4052734375 0.0234375 0.0224609375
1 0.83203125 0.31640625 0.013671875 0.0224609375
1 0.6630859375 0.361328125 0.0205078125 0.033203125
0 0.642578125 0.423828125 0.0419921875 0.0302734375
0 0.291015625 0.4287109375 0.0263671875 0.01953125
0 0.0107421875 0.50390625 0.021484375 0.0302734375
1 0.787109375 0.361328125 0.0234375 0.033203125
0 0.244140625 0.412109375 0.025390625 0.01953125
0 0.923828125 0.412109375 0.033203125 0.025390625
0 0.591796875 0.455078125 0.0185546875 0.02734375
0 0.9541015625 0.3525390625 0.029296875 0.0224609375
1 0.71875 0.359375 0.0185546875 0.0302734375
2 0.474609375 0.455078125 0.013671875 0.02734375
1 0.3154296875 0.3427734375 0.0185546875 0.0302734375
1 0.326171875 0.474609375 0.029296875 0.06640625
1 0.599609375 0.3583984375 0.0185546875 0.033203125
0 0.806640625 0.5654296875 0.0361328125 0.0634765625