2 0.833984375 0.9248046875 0.166015625 0.0830078125
1 0.638671875 0.5927734375 0.349609375 0.513671875
1 0.080078125 0.630859375 0.16015625 0.5390625
1 0.7353515625 0.3115234375 0.017578125 0.0224609375
1 0.4814453125 0.341796875 0.037109375 0.078125
1 0.380859375 0.4794921875 0.1064453125 0.169921875
1 0.408203125 0.3779296875 0.041015625 0.0830078125
1 0.306640625 0.318359375 0.013671875 0.01953125
1 0.3564453125 0.33984375 0.037109375 0.0634765625
1 0.669921875 0.3154296875 0.0205078125 0.0361328125
1 0.28125 0.35546875 0.03125 0.0615234375
1 0.94140625 0.4365234375 0.1171875 0.255859375
1 0.2294921875 0.3486328125 0.0439453125 0.0693359375
1 0.71875 0.39453125 0.0810546875 0.138671875
1 0.9072265625 0.298828125 0.0263671875 0.0419921875
1 0.16015625 0.404296875 0.064453125 0.1142578125
1 0.8359375 0.330078125 0.0283203125 0.0556640625
1 0.546875 0.3779296875 0.072265625 0.14453125
1 0.7626953125 0.318359375 0.037109375 0.0693359375
1 0.880859375 0.318359375 0.025390625 0.046875
1 0.6435546875 0.3056640625 0.0126953125 0.0166015625
1 0.591796875 0.330078125 0.044921875 0.06640625
0 0.474609375 0.482421875 0.048828125 0.0361328125
0 0.8916015625 0.5947265625 0.1669921875 0.072265625
1 0.431640625 0.328125 0.0185546875 0.044921875
1 0.630859375 0.31640625 0.0263671875 0.033203125
1 0.0302734375 0.41015625 0.060546875 0.080078125
1 0.9853515625 0.302734375 0.029296875 0.0556640625
0 0.41796875 0.4541015625 0.0205078125 0.0361328125
1 0.5 0.3291015625 0.0126953125 0.0302734375
0 0.4375 0.6083984375 0.056640625 0.0390625
2 0.51953125 0.5791015625 0.0234375 0.01953125
0 0.16796875 0.4697265625 0.029296875 0.0390625
1 0.3056640625 0.3544921875 0.0205078125 0.0302734375
1 0.3251953125 0.3779296875 0.025390625 0.0556640625
0 0.3935546875 0.9365234375 0.09375 0.1162109375
0 0.3994140625 0.5791015625 0.0361328125 0.0419921875
0 0.349609375 0.37890625 0.0205078125 0.025390625
0 0.23828125 0.9072265625 0.3076171875 0.1748046875
0 0.705078125 0.48046875 0.03125 0.0224609375
0 0.4619140625 0.388671875 0.029296875 0.0224609375
0 0.900390625 0.408203125 0.025390625 0.0166015625
1 0.181640625 0.365234375 0.0185546875 0.0302734375
1 0.513671875 0.337890625 0.0283203125 0.0419921875
0 0.4111328125 0.4287109375 0.0185546875 0.025390625
1 0.5556640625 0.3193359375 0.0234375 0.0390625
0 0.0234375 0.4931640625 0.041015625 0.025390625
0 0.138671875 0.66015625 0.0673828125 0.0693359375
0 0.89453125 0.51953125 0.0703125 0.033203125
0 0.794921875 0.4052734375 0.044921875 0.044921875
2 0.4931640625 0.4306640625 0.013671875 0.0224609375
1 0.2001953125 0.392578125 0.025390625 0.046875
1 0.5498046875 0.359375 0.025390625 0.0302734375
1 0.681640625 0.3642578125 0.029296875 0.0498046875
0 0.76171875 0.3740234375 0.017578125 0.0419921875