2 0.806640625 0.859375 0.15625 0.080078125
1 0.8310546875 0.4462890625 0.224609375 0.224609375
1 0.4619140625 0.2919921875 0.0234375 0.0224609375
1 0.525390625 0.443359375 0.1513671875 0.1865234375
1 0.259765625 0.720703125 0.4091796875 0.4638671875
1 0.443359375 0.3779296875 0.087890625 0.1220703125
1 0.701171875 0.392578125 0.1064453125 0.158203125
1 0.373046875 0.4541015625 0.1328125 0.158203125
1 0.666015625 0.642578125 0.40625 0.3193359375
1 0.630859375 0.2919921875 0.0185546875 0.02734375
1 0.6064453125 0.31640625 0.0498046875 0.072265625
1 0.8134765625 0.2900390625 0.0205078125 0.0419921875
1 0.2177734375 0.4111328125 0.123046875 0.1943359375
1 0.306640625 0.3037109375 0.0126953125 0.0302734375
1 0.0859375 0.4677734375 0.1689453125 0.263671875
0 0.380859375 0.5322265625 0.0673828125 0.046875
0 0.2490234375 0.85546875 0.1484375 0.1279296875
1 0.705078125 0.3056640625 0.0419921875 0.0615234375
1 0.900390625 0.31640625 0.068359375 0.078125
1 0.8359375 0.3427734375 0.037109375 0.0419921875
1 0.494140625 0.31640625 0.0126953125 0.02734375
1 0.984375 0.3056640625 0.03125 0.0615234375
1 0.201171875 0.3291015625 0.029296875 0.0419921875
1 0.548828125 0.33984375 0.033203125 0.052734375
1 0.6572265625 0.3037109375 0.0517578125 0.080078125
0 0.84375 0.5595703125 0.056640625 0.0302734375
0 0.421875 0.4169921875 0.021484375 0.033203125
1 0.9619140625 0.40625 0.076171875 0.21484375
1 0.3310546875 0.341796875 0.037109375 0.06640625
0 0.4755859375 0.451171875 0.0361328125 0.0361328125
0 0.4111328125 0.39453125 0.025390625 0.0224609375
0 0.443359375 0.568359375 0.0546875 0.0361328125
1 0.5009765625 0.3017578125 0.0107421875 0.025390625
1 0.228515625 0.3544921875 0.037109375 0.0419921875
1 0.9443359375 0.6552734375 0.1044921875 0.2607421875
1 0.2626953125 0.345703125 0.03125 0.05859375
1 0.7509765625 0.27734375 0.0205078125 0.033203125
1 0.8505859375 0.3056640625 0.0390625 0.0556640625
0 0.685546875 0.443359375 0.0498046875 0.025390625
1 0.42578125 0.3427734375 0.0205078125 0.046875
1 0.775390625 0.3095703125 0.056640625 0.0693359375
1 0.5859375 0.29296875 0.015625 0.025390625
0 0.63671875 0.392578125 0.0361328125 0.01953125
0 0.4873046875 0.404296875 0.0185546875 0.01953125
0 0.966796875 0.5302734375 0.052734375 0.02734375
0 0.357421875 0.3486328125 0.0205078125 0.01953125
1 0.8076171875 0.3193359375 0.0185546875 0.02734375
1 0.3759765625 0.3447265625 0.0234375 0.0615234375
1 0.7451171875 0.3056640625 0.0185546875 0.0224609375
0 0.3037109375 0.3955078125 0.0205078125 0.013671875
2 0.541015625 0.5498046875 0.0654296875 0.044921875
0 0.78125 0.345703125 0.0185546875 0.013671875
0 0.5810546875 0.427734375 0.025390625 0.033203125
0 0.7509765625 0.404296875 0.0205078125 0.01953125
2 0.6005859375 0.44140625 0.0234375 0.0224609375
0 0.599609375 0.3662109375 0.025390625 0.0224609375
1 0.46875 0.341796875 0.03125 0.033203125
0 0.0166015625 0.4609375 0.029296875 0.0166015625
0 0.162109375 0.4306640625 0.0234375 0.0166015625
0 0.3125 0.466796875 0.0185546875 0.02734375
0 0.3037109375 0.9345703125 0.0361328125 0.130859375
0 0.3876953125 0.37109375 0.0126953125 0.025390625
0 0.4970703125 0.5419921875 0.0283203125 0.033203125
0 0.576171875 0.3525390625 0.013671875 0.0166015625
0 0.443359375 0.4404296875 0.0390625 0.01953125
1 0.3369140625 0.4169921875 0.013671875 0.0498046875