2 0.8349609375 0.923828125 0.1640625 0.080078125
1 0.6884765625 0.6416015625 0.4423828125 0.43359375
1 0.25390625 0.767578125 0.345703125 0.44140625
1 0.736328125 0.306640625 0.0185546875 0.025390625
1 0.638671875 0.318359375 0.0205078125 0.025390625
1 0.431640625 0.412109375 0.095703125 0.1416015625
1 0.8359375 0.3115234375 0.0185546875 0.033203125
1 0.275390625 0.345703125 0.0234375 0.0361328125
1 0.224609375 0.357421875 0.0234375 0.0419921875
1 0.5947265625 0.341796875 0.0419921875 0.078125
1 0.5302734375 0.3447265625 0.0234375 0.0498046875
1 0.97265625 0.431640625 0.0546875 0.19140625
1 0.888671875 0.3134765625 0.0419921875 0.072265625
0 0.3330078125 0.9599609375 0.1748046875 0.080078125
1 0.201171875 0.453125 0.1201171875 0.216796875
1 0.923828125 0.359375 0.0517578125 0.080078125
1 0.076171875 0.5439453125 0.15234375 0.337890625
1 0.716796875 0.3427734375 0.037109375 0.0693359375
1 0.287109375 0.4111328125 0.068359375 0.177734375
1 0.341796875 0.3359375 0.0283203125 0.044921875
1 0.8671875 0.3662109375 0.056640625 0.072265625
1 0.4423828125 0.330078125 0.03125 0.0390625
1 0.654296875 0.37890625 0.0908203125 0.1083984375
1 0.48828125 0.341796875 0.013671875 0.033203125
0 0.478515625 0.4833984375 0.0419921875 0.0390625
0 0.3759765625 0.578125 0.064453125 0.0390625
1 0.810546875 0.345703125 0.060546875 0.091796875
1 0.76953125 0.3154296875 0.0361328125 0.05859375
1 0.310546875 0.3427734375 0.03125 0.046875
1 0.560546875 0.3916015625 0.0517578125 0.099609375
1 0.044921875 0.392578125 0.048828125 0.05859375
1 0.2451171875 0.3779296875 0.0341796875 0.0615234375
0 0.5126953125 0.5849609375 0.119140625 0.05859375
1 0.666015625 0.328125 0.0283203125 0.0556640625
0 0.439453125 0.611328125 0.052734375 0.044921875
1 0.169921875 0.33203125 0.0390625 0.052734375
1 0.630859375 0.365234375 0.0234375 0.0361328125
0 0.8759765625 0.6162109375 0.044921875 0.02734375
0 0.294921875 0.5654296875 0.044921875 0.025390625
0 0.568359375 0.5537109375 0.0361328125 0.0302734375
1 0.9580078125 0.716796875 0.078125 0.244140625
0 0.4619140625 0.3876953125 0.029296875 0.025390625
0 0.3876953125 0.892578125 0.1376953125 0.091796875
1 0.509765625 0.3037109375 0.013671875 0.013671875
0 0.494140625 0.4287109375 0.025390625 0.01953125
0 0.634765625 0.4267578125 0.0419921875 0.025390625
1 0.3642578125 0.3544921875 0.0185546875 0.025390625
2 0.787109375 0.4072265625 0.025390625 0.025390625
2 0.798828125 0.4306640625 0.029296875 0.02734375
0 0.4443359375 0.4736328125 0.0361328125 0.01953125
0 0.6103515625 0.392578125 0.013671875 0.0302734375
0 0.244140625 0.4169921875 0.0263671875 0.0224609375
0 0.30078125 0.5 0.0205078125 0.033203125
1 0.1435546875 0.4208984375 0.0185546875 0.025390625
0 0.4189453125 0.4462890625 0.0185546875 0.0419921875
1 0.3408203125 0.408203125 0.056640625 0.138671875
0 0.798828125 0.37890625 0.017578125 0.013671875
0 0.962890625 0.3544921875 0.0234375 0.025390625
0 0.76953125 0.4794921875 0.0390625 0.046875