2 0.8056640625 0.8623046875 0.1513671875 0.0751953125
1 0.82421875 0.4541015625 0.2265625 0.2138671875
1 0.5439453125 0.4404296875 0.15625 0.158203125
1 0.498046875 0.298828125 0.017578125 0.0302734375
1 0.7177734375 0.2822265625 0.017578125 0.0361328125
1 0.0947265625 0.5859375 0.1826171875 0.4833984375
1 0.392578125 0.4384765625 0.111328125 0.177734375
1 0.3193359375 0.3349609375 0.0576171875 0.080078125
1 0.466796875 0.3251953125 0.029296875 0.06640625
1 0.287109375 0.3037109375 0.025390625 0.0419921875
1 0.65625 0.642578125 0.40625 0.3193359375
1 0.2861328125 0.56640625 0.2470703125 0.4892578125
1 0.662109375 0.306640625 0.048828125 0.0751953125
1 0.1865234375 0.37109375 0.0859375 0.125
1 0.244140625 0.328125 0.0205078125 0.033203125
1 0.6103515625 0.31640625 0.0546875 0.078125
1 0.869140625 0.35546875 0.056640625 0.072265625
1 0.5791015625 0.3056640625 0.013671875 0.033203125
1 0.791015625 0.3125 0.0673828125 0.080078125
1 0.982421875 0.3056640625 0.0234375 0.0390625
1 0.912109375 0.31640625 0.044921875 0.072265625
1 0.7373046875 0.302734375 0.0439453125 0.0615234375
0 0.861328125 0.56640625 0.0810546875 0.0390625
1 0.37890625 0.33203125 0.017578125 0.0419921875
1 0.6923828125 0.31640625 0.0283203125 0.0556640625
0 0.54296875 0.529296875 0.1201171875 0.046875
0 0.423828125 0.4169921875 0.0205078125 0.033203125
1 0.9560546875 0.330078125 0.0439453125 0.0615234375
1 0.943359375 0.6318359375 0.111328125 0.302734375
0 0.158203125 0.892578125 0.306640625 0.203125
0 0.474609375 0.4482421875 0.037109375 0.0419921875
0 0.443359375 0.568359375 0.0517578125 0.0361328125
0 0.4072265625 0.3974609375 0.0263671875 0.0166015625
0 0.47265625 0.3583984375 0.0234375 0.0166015625
1 0.8779296875 0.3017578125 0.0283203125 0.0419921875
0 0.6923828125 0.443359375 0.037109375 0.0361328125
1 0.5634765625 0.349609375 0.0361328125 0.0556640625
1 0.521484375 0.2919921875 0.025390625 0.044921875
1 0.41015625 0.359375 0.0361328125 0.05859375
0 0.494140625 0.400390625 0.0263671875 0.0166015625
0 0.38671875 0.5302734375 0.048828125 0.0556640625
0 0.1943359375 0.4365234375 0.0517578125 0.044921875
0 0.607421875 0.35546875 0.0205078125 0.0224609375
0 0.3740234375 0.8916015625 0.1357421875 0.216796875
1 0.318359375 0.3154296875 0.0126953125 0.025390625
0 0.625 0.3916015625 0.03125 0.0224609375
0 0.7802734375 0.34765625 0.0205078125 0.0166015625
1 0.634765625 0.3017578125 0.015625 0.025390625
0 0.0556640625 0.5556640625 0.107421875 0.0556640625
1 0.728515625 0.3544921875 0.0439453125 0.0693359375
0 0.9677734375 0.509765625 0.060546875 0.0419921875
0 0.3330078125 0.3759765625 0.021484375 0.013671875
0 0.6806640625 0.345703125 0.017578125 0.025390625
0 0.6005859375 0.44140625 0.0263671875 0.0224609375
1 0.5966796875 0.294921875 0.015625 0.0224609375
1 0.337890625 0.4150390625 0.0185546875 0.0634765625
0 0.587890625 0.427734375 0.0126953125 0.033203125
0 0.056640625 0.48046875 0.0576171875 0.0556640625