2 0.833984375 0.927734375 0.166015625 0.0830078125
1 0.6611328125 0.625 0.3876953125 0.455078125
1 0.0791015625 0.6640625 0.1513671875 0.5888671875
1 0.4560546875 0.4111328125 0.09375 0.14453125
1 0.232421875 0.357421875 0.048828125 0.0751953125
1 0.169921875 0.40234375 0.091796875 0.1162109375
1 0.431640625 0.330078125 0.0185546875 0.033203125
1 0.6416015625 0.31640625 0.017578125 0.0390625
1 0.7666015625 0.3232421875 0.044921875 0.080078125
1 0.40625 0.3681640625 0.0439453125 0.080078125
1 0.8359375 0.3154296875 0.0283203125 0.0302734375
1 0.5791015625 0.4013671875 0.0986328125 0.1474609375
1 0.3115234375 0.3779296875 0.0703125 0.1220703125
1 0.962890625 0.4365234375 0.0703125 0.1943359375
1 0.39453125 0.482421875 0.0830078125 0.1748046875
0 0.2041015625 0.9326171875 0.212890625 0.134765625
1 0.4697265625 0.3427734375 0.033203125 0.0751953125
1 0.28125 0.345703125 0.025390625 0.046875
1 0.888671875 0.361328125 0.0732421875 0.0830078125
1 0.7314453125 0.3984375 0.0810546875 0.130859375
0 0.478515625 0.4833984375 0.0419921875 0.0390625
1 0.5302734375 0.3486328125 0.0205078125 0.05859375
1 0.724609375 0.3232421875 0.0419921875 0.0693359375
1 0.041015625 0.4013671875 0.0498046875 0.0634765625
1 0.591796875 0.31640625 0.0361328125 0.06640625
1 0.693359375 0.359375 0.0361328125 0.0693359375
1 0.498046875 0.3291015625 0.017578125 0.0302734375
1 0.810546875 0.3427734375 0.060546875 0.091796875
0 0.3876953125 0.9345703125 0.1376953125 0.130859375
1 0.361328125 0.33984375 0.0234375 0.052734375
0 0.4248046875 0.4677734375 0.025390625 0.01953125
0 0.4375 0.611328125 0.056640625 0.044921875
0 0.400390625 0.578125 0.03125 0.0390625
1 0.6728515625 0.3212890625 0.0205078125 0.0361328125
1 0.654296875 0.341796875 0.0205078125 0.02734375
1 0.189453125 0.365234375 0.021484375 0.0302734375
1 0.9501953125 0.7109375 0.087890625 0.244140625
0 0.611328125 0.390625 0.025390625 0.025390625
0 0.54296875 0.5654296875 0.064453125 0.025390625
2 0.7978515625 0.4345703125 0.0234375 0.01953125
0 0.46875 0.3876953125 0.0185546875 0.01953125
2 0.5302734375 0.595703125 0.048828125 0.0419921875
0 0.1787109375 0.4677734375 0.0576171875 0.046875
0 0.7412109375 0.4580078125 0.029296875 0.0107421875
1 0.880859375 0.3330078125 0.013671875 0.0390625
1 0.5966796875 0.365234375 0.0185546875 0.0361328125
0 0.8681640625 0.59765625 0.0673828125 0.06640625
1 0.94140625 0.35546875 0.0205078125 0.033203125
0 0.5556640625 0.5361328125 0.0673828125 0.033203125
0 0.7685546875 0.380859375 0.0185546875 0.0498046875
0 0.5 0.4306640625 0.0126953125 0.0166015625
0 0.224609375 0.380859375 0.0126953125 0.0224609375
1 0.337890625 0.3525390625 0.0126953125 0.0224609375
0 0.6103515625 0.48046875 0.0205078125 0.0224609375
0 0.966796875 0.3525390625 0.025390625 0.0224609375
0 0.3447265625 0.4111328125 0.0234375 0.0556640625