2 0.8056640625 0.859375 0.154296875 0.080078125
1 0.673828125 0.630859375 0.412109375 0.35546875
1 0.279296875 0.7177734375 0.3623046875 0.513671875
1 0.541015625 0.4365234375 0.1484375 0.171875
1 0.375 0.453125 0.1435546875 0.18359375
1 0.8037109375 0.4384765625 0.173828125 0.22265625
1 0.2109375 0.3916015625 0.109375 0.18359375
1 0.4873046875 0.318359375 0.0185546875 0.0302734375
1 0.935546875 0.4169921875 0.1279296875 0.216796875
1 0.087890625 0.4443359375 0.169921875 0.25
1 0.701171875 0.3544921875 0.1123046875 0.169921875
1 0.4677734375 0.3291015625 0.0517578125 0.091796875
1 0.5302734375 0.298828125 0.017578125 0.0302734375
1 0.9814453125 0.29296875 0.03125 0.0419921875
1 0.2490234375 0.330078125 0.0263671875 0.044921875
1 0.623046875 0.318359375 0.064453125 0.080078125
1 0.580078125 0.3037109375 0.029296875 0.0693359375
1 0.0849609375 0.365234375 0.0390625 0.046875
1 0.7939453125 0.2919921875 0.0498046875 0.072265625
1 0.267578125 0.361328125 0.037109375 0.0556640625
1 0.2880859375 0.31640625 0.0234375 0.044921875
1 0.3759765625 0.3388671875 0.0234375 0.0498046875
1 0.8662109375 0.302734375 0.0546875 0.078125
1 0.9072265625 0.3134765625 0.048828125 0.072265625
1 0.662109375 0.3134765625 0.0185546875 0.02734375
1 0.3125 0.3291015625 0.03125 0.046875
0 0.443359375 0.568359375 0.0498046875 0.0361328125
0 0.875 0.5537109375 0.1875 0.0751953125
1 0.55078125 0.345703125 0.033203125 0.0634765625
1 0.662109375 0.3544921875 0.025390625 0.0419921875
1 0.7451171875 0.345703125 0.021484375 0.05859375
0 0.478515625 0.451171875 0.0419921875 0.0361328125
0 0.5302734375 0.5419921875 0.1142578125 0.0498046875
1 0.744140625 0.2900390625 0.03125 0.05859375
0 0.380859375 0.5419921875 0.060546875 0.02734375
0 0.412109375 0.3974609375 0.0234375 0.0166015625
1 0.3310546875 0.3525390625 0.025390625 0.044921875
0 0.4267578125 0.4169921875 0.0283203125 0.033203125
0 0.3544921875 0.35546875 0.0283203125 0.033203125
1 0.9423828125 0.330078125 0.0341796875 0.0390625
1 0.42578125 0.31640625 0.0205078125 0.0390625
2 0.3955078125 0.9765625 0.0341796875 0.046875
0 0.9697265625 0.5263671875 0.060546875 0.0361328125
0 0.162109375 0.4306640625 0.025390625 0.0224609375
0 0.490234375 0.3984375 0.025390625 0.01953125
1 0.6875 0.326171875 0.0185546875 0.0361328125
0 0.2880859375 0.3955078125 0.0390625 0.025390625
1 0.775390625 0.3447265625 0.0390625 0.06640625
0 0.744140625 0.404296875 0.029296875 0.046875
0 0.630859375 0.390625 0.0439453125 0.0302734375
0 0.716796875 0.421875 0.044921875 0.033203125
0 0.611328125 0.35546875 0.021484375 0.0224609375
0 0.443359375 0.4404296875 0.03125 0.01953125
0 0.7666015625 0.302734375 0.0205078125 0.0224609375
0 0.3115234375 0.46484375 0.0205078125 0.01953125
1 0.349609375 0.31640625 0.025390625 0.044921875