2 0.8056640625 0.8623046875 0.1513671875 0.0751953125
1 0.6279296875 0.2919921875 0.0185546875 0.02734375
1 0.724609375 0.2822265625 0.017578125 0.025390625
1 0.375 0.4482421875 0.1435546875 0.19140625
1 0.2802734375 0.6669921875 0.3857421875 0.43359375
1 0.64453125 0.40234375 0.0732421875 0.2001953125
1 0.537109375 0.44140625 0.1484375 0.1611328125
1 0.8037109375 0.28515625 0.0205078125 0.0302734375
1 0.685546875 0.66796875 0.4140625 0.2587890625
1 0.80078125 0.4541015625 0.1796875 0.2197265625
1 0.322265625 0.3427734375 0.0546875 0.0693359375
1 0.2041015625 0.3818359375 0.0986328125 0.1474609375
1 0.083984375 0.455078125 0.1591796875 0.216796875
1 0.4931640625 0.3154296875 0.0205078125 0.0302734375
1 0.8798828125 0.294921875 0.025390625 0.0498046875
1 0.25 0.3232421875 0.025390625 0.0419921875
1 0.931640625 0.4169921875 0.1142578125 0.2109375
1 0.1943359375 0.3291015625 0.0234375 0.0302734375
1 0.509765625 0.330078125 0.060546875 0.1279296875
1 0.275390625 0.390625 0.076171875 0.1474609375
1 0.5966796875 0.3037109375 0.0185546875 0.025390625
1 0.310546875 0.3056640625 0.017578125 0.02734375
1 0.580078125 0.3037109375 0.015625 0.0302734375
0 0.169921875 0.89453125 0.220703125 0.2001953125
1 0.7001953125 0.3134765625 0.025390625 0.0498046875
1 0.466796875 0.3291015625 0.0361328125 0.0751953125
1 0.412109375 0.3447265625 0.033203125 0.072265625
0 0.869140625 0.5419921875 0.0810546875 0.0615234375
0 0.474609375 0.4482421875 0.037109375 0.0419921875
1 0.853515625 0.3212890625 0.046875 0.0859375
1 0.369140625 0.3212890625 0.025390625 0.0419921875
1 0.7451171875 0.2919921875 0.0341796875 0.072265625
1 0.65625 0.29296875 0.03125 0.05859375
1 0.080078125 0.3681640625 0.037109375 0.052734375
1 0.2939453125 0.3193359375 0.0185546875 0.02734375
0 0.443359375 0.568359375 0.0498046875 0.0361328125
0 0.7119140625 0.443359375 0.076171875 0.0419921875
0 0.412109375 0.3984375 0.0263671875 0.0302734375
1 0.90625 0.3095703125 0.025390625 0.0419921875
1 0.9853515625 0.3056640625 0.0263671875 0.0556640625
0 0.6162109375 0.52734375 0.0732421875 0.0390625
0 0.42578125 0.4169921875 0.0263671875 0.033203125
2 0.54296875 0.552734375 0.064453125 0.044921875
0 0.7451171875 0.4140625 0.03125 0.0390625
0 0.3994140625 0.5458984375 0.044921875 0.025390625
1 0.880859375 0.3427734375 0.025390625 0.0419921875
1 0.55078125 0.3427734375 0.033203125 0.052734375
1 0.5888671875 0.341796875 0.021484375 0.033203125
0 0.580078125 0.4287109375 0.029296875 0.0419921875
0 0.4931640625 0.400390625 0.0205078125 0.0166015625
1 0.78125 0.3037109375 0.025390625 0.0419921875
0 0.373046875 0.90234375 0.15625 0.1943359375
0 0.359375 0.3486328125 0.021484375 0.01953125
1 0.236328125 0.3447265625 0.0205078125 0.02734375
0 0.9287109375 0.359375 0.029296875 0.0302734375
1 0.0166015625 0.4794921875 0.033203125 0.0751953125
0 0.6064453125 0.35546875 0.0185546875 0.0224609375
1 0.947265625 0.3291015625 0.0498046875 0.046875
2 0.3984375 0.95703125 0.037109375 0.0751953125
0 0.62890625 0.4013671875 0.029296875 0.0361328125
0 0.75 0.3486328125 0.025390625 0.0419921875
1 0.7998046875 0.345703125 0.068359375 0.0859375
2 0.6689453125 0.517578125 0.0185546875 0.0302734375
0 0.33203125 0.390625 0.029296875 0.046875