2 0.8349609375 0.927734375 0.1669921875 0.0830078125
1 0.67578125 0.654296875 0.4296875 0.4140625
1 0.2568359375 0.732421875 0.4169921875 0.4365234375
1 0.8349609375 0.3095703125 0.0205078125 0.0302734375
0 0.212890625 0.9404296875 0.216796875 0.1142578125
1 0.298828125 0.326171875 0.017578125 0.025390625
1 0.3720703125 0.484375 0.134765625 0.169921875
1 0.548828125 0.45703125 0.1435546875 0.1865234375
1 0.837890625 0.462890625 0.1611328125 0.2197265625
1 0.2744140625 0.3525390625 0.0234375 0.033203125
1 0.7353515625 0.298828125 0.0205078125 0.0302734375
1 0.462890625 0.341796875 0.0439453125 0.0830078125
1 0.3134765625 0.3974609375 0.060546875 0.14453125
1 0.189453125 0.43359375 0.125 0.2001953125
1 0.712890625 0.41015625 0.099609375 0.158203125
1 0.076171875 0.5068359375 0.1484375 0.275390625
1 0.2177734375 0.3583984375 0.0234375 0.0390625
1 0.5625 0.3662109375 0.037109375 0.0390625
1 0.8984375 0.3291015625 0.056640625 0.0751953125
1 0.9375 0.341796875 0.03125 0.0498046875
1 0.732421875 0.3330078125 0.0263671875 0.0498046875
1 0.162109375 0.3544921875 0.037109375 0.052734375
1 0.6064453125 0.3447265625 0.0439453125 0.078125
1 0.529296875 0.341796875 0.015625 0.0390625
1 0.3232421875 0.337890625 0.0185546875 0.0302734375
1 0.3564453125 0.33984375 0.0185546875 0.0361328125
1 0.8134765625 0.341796875 0.0673828125 0.0830078125
1 0.85546875 0.3681640625 0.0419921875 0.046875
1 0.6435546875 0.322265625 0.0185546875 0.044921875
1 0.9541015625 0.4287109375 0.091796875 0.19140625
1 0.244140625 0.380859375 0.0390625 0.06640625
1 0.4990234375 0.322265625 0.0107421875 0.0166015625
1 0.044921875 0.390625 0.044921875 0.05859375
0 0.3935546875 0.9287109375 0.1435546875 0.1416015625
1 0.4072265625 0.3720703125 0.0517578125 0.0947265625
1 0.7734375 0.3193359375 0.037109375 0.06640625
1 0.4892578125 0.3427734375 0.021484375 0.0361328125
1 0.7109375 0.341796875 0.0283203125 0.0556640625
0 0.478515625 0.4833984375 0.044921875 0.0390625
0 0.869140625 0.5927734375 0.099609375 0.0693359375
0 0.439453125 0.609375 0.052734375 0.0419921875
0 0.546875 0.5625 0.09375 0.0302734375
0 0.4921875 0.4306640625 0.03125 0.0224609375
0 0.796875 0.3818359375 0.0283203125 0.025390625
0 0.380859375 0.568359375 0.068359375 0.052734375
1 0.59375 0.3125 0.0126953125 0.0302734375
0 0.2939453125 0.5732421875 0.0498046875 0.0419921875
0 0.6123046875 0.39453125 0.025390625 0.0166015625
1 0.287109375 0.3662109375 0.0126953125 0.0224609375
2 0.447265625 0.4736328125 0.03125 0.01953125
0 0.3291015625 0.404296875 0.0263671875 0.013671875
0 0.787109375 0.404296875 0.029296875 0.013671875
0 0.677734375 0.474609375 0.021484375 0.0166015625
0 0.494140625 0.5849609375 0.033203125 0.05859375
1 0.369140625 0.380859375 0.0185546875 0.078125
0 0.6435546875 0.4169921875 0.0439453125 0.0390625
1 0.673828125 0.3291015625 0.029296875 0.0302734375
0 0.6171875 0.48046875 0.0283203125 0.033203125
0 0.9248046875 0.392578125 0.0185546875 0.0361328125
0 0.818359375 0.4052734375 0.0498046875 0.044921875
0 0.4609375 0.388671875 0.021484375 0.02734375
0 0.28515625 0.4287109375 0.0419921875 0.025390625
0 0.380859375 0.4052734375 0.0126953125 0.02734375
1 0.9853515625 0.419921875 0.0263671875 0.0615234375
0 0.373046875 0.4345703125 0.017578125 0.01953125
0 0.962890625 0.349609375 0.0263671875 0.0166015625
1 0.6259765625 0.3623046875 0.013671875 0.025390625
0 0.5322265625 0.404296875 0.0205078125 0.052734375
2 0.818359375 0.3662109375 0.025390625 0.0224609375
0 0.30078125 0.50390625 0.0234375 0.0361328125
0 0.1220703125 0.412109375 0.0185546875 0.0419921875
1 0.181640625 0.3623046875 0.0126953125 0.025390625