2 0.8359375 0.927734375 0.166015625 0.0830078125
1 0.685546875 0.669921875 0.443359375 0.3720703125
1 0.8759765625 0.4970703125 0.236328125 0.244140625
1 0.4384765625 0.4169921875 0.111328125 0.14453125
1 0.7138671875 0.421875 0.1376953125 0.1669921875
1 0.736328125 0.3125 0.0205078125 0.0302734375
1 0.83203125 0.3095703125 0.0205078125 0.0302734375
1 0.2548828125 0.765625 0.3466796875 0.44140625
1 0.4541015625 0.3427734375 0.048828125 0.0693359375
1 0.548828125 0.451171875 0.1669921875 0.2138671875
1 0.48828125 0.31640625 0.013671875 0.02734375
1 0.1982421875 0.4482421875 0.1220703125 0.2080078125
1 0.638671875 0.31640625 0.0185546875 0.02734375
1 0.2236328125 0.357421875 0.021484375 0.0361328125
1 0.529296875 0.34765625 0.0205078125 0.044921875
1 0.07421875 0.5029296875 0.1484375 0.25
1 0.275390625 0.3486328125 0.0234375 0.0302734375
1 0.81640625 0.34765625 0.0673828125 0.0947265625
1 0.90625 0.3251953125 0.03125 0.044921875
1 0.310546875 0.361328125 0.0576171875 0.0947265625
1 0.8701171875 0.365234375 0.0498046875 0.0751953125
1 0.431640625 0.3291015625 0.013671875 0.025390625
0 0.33203125 0.9599609375 0.1767578125 0.080078125
1 0.7685546875 0.318359375 0.037109375 0.05859375
1 0.7177734375 0.3486328125 0.0361328125 0.0693359375
0 0.478515625 0.482421875 0.044921875 0.0419921875
1 0.669921875 0.330078125 0.0361328125 0.0615234375
1 0.5810546875 0.328125 0.025390625 0.044921875
1 0.341796875 0.3330078125 0.0234375 0.0390625
1 0.94140625 0.345703125 0.0234375 0.046875
0 0.884765625 0.60546875 0.0703125 0.0498046875
0 0.439453125 0.6083984375 0.052734375 0.0390625
1 0.630859375 0.3662109375 0.0263671875 0.0390625
1 0.046875 0.392578125 0.046875 0.05859375
0 0.3759765625 0.578125 0.060546875 0.0390625
0 0.513671875 0.580078125 0.123046875 0.06640625
0 0.4189453125 0.4482421875 0.025390625 0.0419921875
1 0.9599609375 0.703125 0.076171875 0.255859375
0 0.5810546875 0.5537109375 0.0625 0.046875
1 0.9736328125 0.3544921875 0.046875 0.05859375
0 0.3876953125 0.892578125 0.1376953125 0.091796875
0 0.78125 0.443359375 0.0439453125 0.0361328125
0 0.4970703125 0.4287109375 0.025390625 0.01953125
0 0.3037109375 0.5615234375 0.033203125 0.0166015625
0 0.4091796875 0.4208984375 0.0185546875 0.025390625
1 0.169921875 0.3330078125 0.0361328125 0.0498046875
0 0.4599609375 0.3876953125 0.029296875 0.025390625
1 0.36328125 0.3544921875 0.0205078125 0.0302734375
0 0.650390625 0.4248046875 0.03125 0.0166015625
1 0.244140625 0.37890625 0.025390625 0.0419921875
0 0.30078125 0.50390625 0.0234375 0.0361328125
1 0.3017578125 0.3486328125 0.0126953125 0.01953125
1 0.8193359375 0.341796875 0.0234375 0.02734375
0 0.248046875 0.4169921875 0.025390625 0.0166015625
2 0.787109375 0.4140625 0.0234375 0.02734375
0 0.6064453125 0.400390625 0.0185546875 0.033203125
1 0.1435546875 0.423828125 0.0185546875 0.01953125
0 0.798828125 0.37890625 0.017578125 0.013671875
0 0.6240234375 0.4912109375 0.0263671875 0.0498046875
0 0.4287109375 0.4677734375 0.013671875 0.013671875
0 0.2822265625 0.4287109375 0.0390625 0.025390625
0 0.94921875 0.404296875 0.0205078125 0.025390625
1 0.4921875 0.455078125 0.025390625 0.0390625
1 0.26171875 0.3642578125 0.0107421875 0.0224609375