2 0.833984375 0.923828125 0.166015625 0.080078125
1 0.681640625 0.6787109375 0.4501953125 0.3642578125
1 0.6669921875 0.322265625 0.0185546875 0.033203125
1 0.64453125 0.3193359375 0.013671875 0.02734375
1 0.822265625 0.4697265625 0.185546875 0.2001953125
1 0.48828125 0.341796875 0.0205078125 0.0390625
1 0.4375 0.3955078125 0.1064453125 0.1640625
1 0.537109375 0.4765625 0.154296875 0.1748046875
1 0.298828125 0.3359375 0.0126953125 0.033203125
1 0.7294921875 0.3037109375 0.0185546875 0.025390625
1 0.8994140625 0.3427734375 0.064453125 0.091796875
1 0.181640625 0.431640625 0.130859375 0.2197265625
1 0.744140625 0.3291015625 0.025390625 0.0419921875
1 0.2822265625 0.4287109375 0.0888671875 0.2197265625
1 0.212890625 0.7314453125 0.4140625 0.537109375
1 0.8349609375 0.3115234375 0.0205078125 0.033203125
1 0.70703125 0.4052734375 0.095703125 0.150390625
0 0.478515625 0.482421875 0.0439453125 0.0419921875
1 0.9501953125 0.439453125 0.099609375 0.21484375
1 0.806640625 0.3037109375 0.037109375 0.0751953125
1 0.3671875 0.35546875 0.0283203125 0.072265625
1 0.9404296875 0.3359375 0.0341796875 0.0556640625
1 0.28125 0.341796875 0.025390625 0.0498046875
1 0.623046875 0.345703125 0.064453125 0.0859375
1 0.2255859375 0.3681640625 0.0390625 0.052734375
1 0.06640625 0.4462890625 0.1328125 0.1416015625
1 0.173828125 0.34765625 0.0341796875 0.0556640625
1 0.7685546875 0.3037109375 0.025390625 0.0419921875
1 0.580078125 0.318359375 0.0263671875 0.0419921875
0 0.376953125 0.580078125 0.052734375 0.033203125
0 0.869140625 0.5986328125 0.09375 0.05859375
0 0.53125 0.5791015625 0.1123046875 0.052734375
0 0.40625 0.4384765625 0.025390625 0.0390625
1 0.556640625 0.37890625 0.037109375 0.052734375
0 0.4931640625 0.4287109375 0.0263671875 0.01953125
1 0.9560546875 0.6943359375 0.0810546875 0.283203125
0 0.439453125 0.607421875 0.052734375 0.0419921875
1 0.6982421875 0.35546875 0.0185546875 0.0390625
0 0.6435546875 0.427734375 0.037109375 0.0224609375
0 0.7724609375 0.4384765625 0.0263671875 0.0224609375
1 0.337890625 0.3349609375 0.0234375 0.0419921875
0 0.69921875 0.4775390625 0.048828125 0.02734375
1 0.517578125 0.341796875 0.0361328125 0.0615234375
1 0.8447265625 0.341796875 0.0205078125 0.033203125
1 0.5380859375 0.3544921875 0.0107421875 0.025390625
0 0.724609375 0.462890625 0.03125 0.01953125
1 0.3134765625 0.34765625 0.0205078125 0.033203125
0 0.5888671875 0.37890625 0.021484375 0.01953125
1 0.6005859375 0.4208984375 0.0361328125 0.091796875
0 0.29296875 0.427734375 0.0234375 0.0166015625
2 0.6103515625 0.4794921875 0.0205078125 0.025390625
0 0.294921875 0.568359375 0.048828125 0.0361328125
0 0.796875 0.3740234375 0.0185546875 0.0087890625
0 0.45703125 0.3818359375 0.013671875 0.013671875
1 0.60546875 0.3359375 0.013671875 0.02734375
0 0.3017578125 0.494140625 0.021484375 0.02734375
2 0.486328125 0.4599609375 0.0205078125 0.01953125
0 0.4365234375 0.4677734375 0.0419921875 0.025390625
0 0.59765625 0.4638671875 0.0078125 0.0390625
0 0.3125 0.380859375 0.0126953125 0.044921875
2 0.8193359375 0.3681640625 0.0234375 0.013671875
1 0.330078125 0.37890625 0.0205078125 0.046875
0 0.9697265625 0.3486328125 0.0263671875 0.01953125
0 0.326171875 0.412109375 0.025390625 0.025390625