2 0.833984375 0.9267578125 0.166015625 0.0859375
1 0.6884765625 0.703125 0.4580078125 0.31640625
1 0.7099609375 0.3984375 0.1171875 0.158203125
1 0.677734375 0.318359375 0.021484375 0.0302734375
1 0.4609375 0.404296875 0.087890625 0.1416015625
1 0.5859375 0.341796875 0.0439453125 0.072265625
1 0.3623046875 0.341796875 0.037109375 0.06640625
1 0.279296875 0.33984375 0.0185546875 0.025390625
1 0.212890625 0.35546875 0.025390625 0.02734375
1 0.2998046875 0.3349609375 0.0185546875 0.0302734375
1 0.9560546875 0.455078125 0.087890625 0.2001953125
1 0.724609375 0.3232421875 0.0361328125 0.0419921875
1 0.380859375 0.466796875 0.1123046875 0.1943359375
1 0.888671875 0.33203125 0.0625 0.0751953125
1 0.818359375 0.3359375 0.0751953125 0.0947265625
1 0.287109375 0.3974609375 0.091796875 0.1162109375
1 0.466796875 0.3486328125 0.0263671875 0.052734375
1 0.6376953125 0.3359375 0.0498046875 0.0830078125
1 0.04296875 0.3955078125 0.0390625 0.05859375
1 0.767578125 0.328125 0.041015625 0.10546875
1 0.166015625 0.361328125 0.048828125 0.0556640625
1 0.22265625 0.6240234375 0.3828125 0.51953125
0 0.4755859375 0.482421875 0.0419921875 0.0419921875
0 0.3125 0.9453125 0.1953125 0.109375
0 0.8759765625 0.5927734375 0.1044921875 0.0751953125
0 0.54296875 0.5791015625 0.1142578125 0.05859375
1 0.9638671875 0.681640625 0.072265625 0.30859375
1 0.544921875 0.3818359375 0.0732421875 0.1357421875
1 0.033203125 0.6513671875 0.06640625 0.521484375
0 0.439453125 0.611328125 0.052734375 0.044921875
1 0.9736328125 0.3544921875 0.0498046875 0.052734375
1 0.7734375 0.3955078125 0.041015625 0.0634765625
1 0.3330078125 0.3544921875 0.0185546875 0.0302734375
1 0.693359375 0.357421875 0.0185546875 0.0419921875
0 0.388671875 0.56640625 0.0419921875 0.0390625
1 0.6103515625 0.3291015625 0.017578125 0.025390625
1 0.0673828125 0.380859375 0.021484375 0.0224609375
1 0.416015625 0.31640625 0.0263671875 0.0390625
0 0.7001953125 0.4794921875 0.0498046875 0.0302734375
1 0.443359375 0.3037109375 0.0498046875 0.1025390625
0 0.76953125 0.44140625 0.0263671875 0.02734375
1 0.6103515625 0.4306640625 0.029296875 0.06640625
0 0.9541015625 0.5556640625 0.0703125 0.02734375
0 0.330078125 0.404296875 0.0205078125 0.013671875
0 0.6181640625 0.55859375 0.0263671875 0.0166015625
0 0.474609375 0.388671875 0.025390625 0.0224609375
0 0.0263671875 0.5556640625 0.052734375 0.0390625
1 0.21875 0.4140625 0.056640625 0.072265625
0 0.96875 0.388671875 0.0439453125 0.0224609375
1 0.224609375 0.37890625 0.025390625 0.0302734375
0 0.451171875 0.4736328125 0.0263671875 0.01953125
0 0.85546875 0.3779296875 0.0263671875 0.0224609375
0 0.6181640625 0.484375 0.0263671875 0.0302734375
1 0.6689453125 0.3662109375 0.03125 0.044921875
0 0.7998046875 0.37890625 0.025390625 0.013671875
0 0.5810546875 0.375 0.03125 0.0166015625
0 0.34375 0.380859375 0.037109375 0.02734375
1 0.791015625 0.427734375 0.0205078125 0.0224609375
2 0.275390625 0.421875 0.033203125 0.033203125
1 0.330078125 0.4365234375 0.013671875 0.0556640625
0 0.9423828125 0.4111328125 0.025390625 0.033203125
1 0.556640625 0.31640625 0.0185546875 0.02734375