2 0.833984375 0.927734375 0.166015625 0.0830078125
1 0.685546875 0.6669921875 0.451171875 0.3837890625
1 0.369140625 0.490234375 0.1435546875 0.1748046875
1 0.8134765625 0.46484375 0.1669921875 0.224609375
0 0.228515625 0.9375 0.1953125 0.125
1 0.546875 0.4697265625 0.1376953125 0.18359375
1 0.701171875 0.4169921875 0.115234375 0.1552734375
1 0.6728515625 0.3134765625 0.0205078125 0.02734375
1 0.4580078125 0.341796875 0.046875 0.078125
1 0.763671875 0.326171875 0.0517578125 0.0751953125
1 0.28125 0.3447265625 0.025390625 0.044921875
1 0.076171875 0.5087890625 0.15234375 0.279296875
1 0.310546875 0.3984375 0.056640625 0.15234375
1 0.224609375 0.3544921875 0.0419921875 0.0751953125
1 0.8369140625 0.3037109375 0.0205078125 0.0302734375
1 0.529296875 0.3359375 0.017578125 0.044921875
1 0.6455078125 0.31640625 0.015625 0.02734375
1 0.3037109375 0.3291015625 0.013671875 0.0302734375
1 0.9443359375 0.451171875 0.111328125 0.224609375
1 0.8935546875 0.3486328125 0.056640625 0.1083984375
1 0.2060546875 0.4443359375 0.1064453125 0.2109375
1 0.619140625 0.3544921875 0.0625 0.09765625
1 0.369140625 0.361328125 0.0205078125 0.033203125
1 0.166015625 0.3515625 0.0390625 0.05859375
1 0.8203125 0.3427734375 0.056640625 0.080078125
0 0.3818359375 0.94140625 0.1044921875 0.1162109375
1 0.5498046875 0.37109375 0.037109375 0.0634765625
0 0.380859375 0.578125 0.068359375 0.044921875
0 0.47265625 0.4833984375 0.033203125 0.0390625
1 0.412109375 0.37890625 0.037109375 0.0859375
1 0.712890625 0.3447265625 0.03125 0.0615234375
0 0.935546875 0.5791015625 0.1201171875 0.052734375
0 0.439453125 0.607421875 0.052734375 0.0419921875
1 0.4873046875 0.318359375 0.0185546875 0.0361328125
1 0.58203125 0.3291015625 0.033203125 0.0634765625
0 0.53515625 0.5751953125 0.1142578125 0.0556640625
0 0.4619140625 0.392578125 0.033203125 0.0302734375
1 0.3427734375 0.34765625 0.0234375 0.044921875
2 0.494140625 0.4306640625 0.017578125 0.0166015625
0 0.7939453125 0.380859375 0.03125 0.0166015625
1 0.1943359375 0.3681640625 0.033203125 0.0419921875
0 0.5888671875 0.37890625 0.0185546875 0.013671875
1 0.63671875 0.255859375 0.013671875 0.0107421875
0 0.423828125 0.4541015625 0.015625 0.0361328125
1 0.5107421875 0.328125 0.0283203125 0.0615234375
0 0.326171875 0.404296875 0.0234375 0.013671875
0 0.0361328125 0.5986328125 0.072265625 0.05859375
0 0.0126953125 0.50390625 0.025390625 0.0419921875
1 0.1298828125 0.4208984375 0.021484375 0.025390625
0 0.587890625 0.45703125 0.0234375 0.0361328125
0 0.0400390625 0.5458984375 0.080078125 0.046875
0 0.23046875 0.404296875 0.0205078125 0.025390625
0 0.248046875 0.41796875 0.017578125 0.01953125
0 0.58203125 0.40234375 0.033203125 0.0498046875
1 0.3154296875 0.345703125 0.0185546875 0.025390625
0 0.287109375 0.4287109375 0.03125 0.01953125
0 0.30078125 0.505859375 0.0205078125 0.033203125
0 0.9091796875 0.4052734375 0.025390625 0.0166015625
0 0.919921875 0.3837890625 0.033203125 0.0390625
1 0.6806640625 0.361328125 0.029296875 0.044921875
0 0.9423828125 0.349609375 0.0498046875 0.0166015625
1 0.5966796875 0.3232421875 0.0126953125 0.01953125
0 0.7724609375 0.37890625 0.013671875 0.046875
2 0.0205078125 0.9541015625 0.041015625 0.080078125