2 0.8056640625 0.8642578125 0.1513671875 0.078125
1 0.6796875 0.5712890625 0.400390625 0.4580078125
1 0.3818359375 0.455078125 0.1201171875 0.1943359375
1 0.654296875 0.298828125 0.037109375 0.0693359375
1 0.466796875 0.318359375 0.044921875 0.080078125
1 0.275390625 0.6572265625 0.388671875 0.486328125
1 0.2919921875 0.3134765625 0.021484375 0.0390625
1 0.1923828125 0.3759765625 0.1064453125 0.125
1 0.2548828125 0.318359375 0.025390625 0.0361328125
1 0.6279296875 0.2900390625 0.0185546875 0.025390625
1 0.537109375 0.3779296875 0.0673828125 0.1220703125
1 0.087890625 0.453125 0.162109375 0.216796875
1 0.935546875 0.412109375 0.123046875 0.2197265625
1 0.421875 0.337890625 0.0498046875 0.091796875
1 0.716796875 0.2998046875 0.025390625 0.044921875
1 0.322265625 0.33984375 0.048828125 0.0693359375
1 0.26953125 0.35546875 0.0703125 0.0888671875
1 0.755859375 0.27734375 0.0205078125 0.033203125
1 0.58203125 0.318359375 0.0419921875 0.0693359375
1 0.4931640625 0.3037109375 0.0205078125 0.0302734375
1 0.36328125 0.3115234375 0.017578125 0.033203125
1 0.810546875 0.29296875 0.0283203125 0.052734375
0 0.8876953125 0.5458984375 0.1123046875 0.05859375
0 0.193359375 0.892578125 0.212890625 0.1748046875
1 0.78125 0.3359375 0.0625 0.1162109375
1 0.6240234375 0.3232421875 0.044921875 0.0693359375
1 0.873046875 0.30859375 0.044921875 0.0830078125
1 0.599609375 0.3056640625 0.013671875 0.02734375
1 0.080078125 0.357421875 0.041015625 0.046875
0 0.525390625 0.5361328125 0.099609375 0.0556640625
0 0.404296875 0.5419921875 0.0625 0.02734375
0 0.443359375 0.568359375 0.0498046875 0.0361328125
0 0.48046875 0.451171875 0.044921875 0.0361328125
1 0.9609375 0.3017578125 0.021484375 0.0361328125
0 0.40625 0.404296875 0.037109375 0.0361328125
0 0.4921875 0.3984375 0.0283203125 0.01953125
1 0.6484375 0.3486328125 0.0283203125 0.0302734375
1 0.23828125 0.349609375 0.0234375 0.044921875
1 0.521484375 0.322265625 0.025390625 0.044921875
1 0.20703125 0.3359375 0.0263671875 0.033203125
1 0.9423828125 0.326171875 0.041015625 0.052734375
0 0.373046875 0.900390625 0.15625 0.1943359375
0 0.4736328125 0.359375 0.025390625 0.01953125
1 0.57421875 0.279296875 0.013671875 0.01953125
2 0.3984375 0.9599609375 0.037109375 0.0693359375
1 0.0146484375 0.4912109375 0.029296875 0.0498046875
1 0.3759765625 0.326171875 0.013671875 0.025390625
0 0.361328125 0.3486328125 0.017578125 0.01953125
1 0.60546875 0.44140625 0.0517578125 0.078125
0 0.2919921875 0.4013671875 0.0439453125 0.025390625
0 0.931640625 0.3544921875 0.0263671875 0.025390625
0 0.94140625 0.5302734375 0.033203125 0.0224609375
1 0.7802734375 0.3017578125 0.0234375 0.025390625
1 0.994140625 0.3291015625 0.0107421875 0.025390625
0 0.8994140625 0.3544921875 0.033203125 0.046875
0 0.607421875 0.35546875 0.017578125 0.0224609375
1 0.943359375 0.62890625 0.1123046875 0.3134765625
1 0.310546875 0.3291015625 0.013671875 0.01953125
0 0.603515625 0.390625 0.0263671875 0.05859375
0 0.443359375 0.4384765625 0.0439453125 0.0224609375