2 0.8349609375 0.927734375 0.1640625 0.0830078125
1 0.681640625 0.6748046875 0.443359375 0.3837890625
1 0.869140625 0.451171875 0.21875 0.3134765625
1 0.37890625 0.482421875 0.1484375 0.2080078125
1 0.572265625 0.412109375 0.111328125 0.1416015625
1 0.076171875 0.6416015625 0.1513671875 0.533203125
1 0.7041015625 0.4169921875 0.126953125 0.1669921875
1 0.57421875 0.357421875 0.0361328125 0.046875
1 0.462890625 0.3427734375 0.037109375 0.0693359375
1 0.494140625 0.341796875 0.0185546875 0.033203125
0 0.3359375 0.9580078125 0.171875 0.0830078125
1 0.8291015625 0.3330078125 0.060546875 0.0830078125
1 0.275390625 0.3515625 0.025390625 0.0361328125
1 0.623046875 0.33984375 0.052734375 0.080078125
1 0.1748046875 0.3984375 0.09375 0.130859375
1 0.2568359375 0.35546875 0.0205078125 0.02734375
1 0.73828125 0.318359375 0.0234375 0.0419921875
1 0.5361328125 0.3427734375 0.0185546875 0.0419921875
1 0.693359375 0.341796875 0.037109375 0.078125
1 0.220703125 0.3623046875 0.025390625 0.0419921875
1 0.2880859375 0.4248046875 0.0703125 0.18359375
1 0.341796875 0.3525390625 0.046875 0.078125
1 0.763671875 0.3232421875 0.041015625 0.0693359375
1 0.6689453125 0.3193359375 0.0185546875 0.033203125
1 0.5927734375 0.318359375 0.0234375 0.0419921875
0 0.478515625 0.4833984375 0.044921875 0.0390625
1 0.4248046875 0.3740234375 0.068359375 0.091796875
0 0.439453125 0.611328125 0.052734375 0.044921875
0 0.5869140625 0.556640625 0.064453125 0.046875
1 0.64453125 0.3193359375 0.017578125 0.033203125
1 0.3017578125 0.341796875 0.025390625 0.0390625
0 0.505859375 0.5859375 0.1123046875 0.0556640625
0 0.38671875 0.5791015625 0.044921875 0.0302734375
0 0.193359375 0.9287109375 0.1689453125 0.130859375
0 0.294921875 0.56640625 0.048828125 0.02734375
1 0.0205078125 0.447265625 0.041015625 0.10546875
0 0.767578125 0.44140625 0.021484375 0.0390625
0 0.4111328125 0.4306640625 0.021484375 0.02734375
1 0.94921875 0.6982421875 0.095703125 0.2802734375
0 0.4638671875 0.3876953125 0.0283203125 0.025390625
1 0.974609375 0.35546875 0.0498046875 0.0556640625
1 0.3173828125 0.349609375 0.0126953125 0.0166015625
0 0.5 0.4287109375 0.025390625 0.025390625
1 0.275390625 0.3818359375 0.0263671875 0.0419921875
0 0.642578125 0.423828125 0.033203125 0.01953125
0 0.0380859375 0.544921875 0.076171875 0.0498046875
0 0.986328125 0.56640625 0.0234375 0.02734375
0 0.037109375 0.59765625 0.07421875 0.05859375
0 0.3818359375 0.8916015625 0.142578125 0.0888671875
0 0.349609375 0.390625 0.0185546875 0.0302734375
1 0.3623046875 0.35546875 0.0126953125 0.0224609375
0 0.6181640625 0.37890625 0.0234375 0.01953125
1 0.2412109375 0.412109375 0.0234375 0.025390625
0 0.3017578125 0.5068359375 0.025390625 0.046875
0 0.447265625 0.4736328125 0.0283203125 0.01953125
1 0.2431640625 0.529296875 0.048828125 0.1025390625
1 0.7724609375 0.380859375 0.013671875 0.044921875
0 0.80078125 0.390625 0.0234375 0.0302734375
1 0.787109375 0.41015625 0.029296875 0.0302734375
2 0.4599609375 0.9541015625 0.0234375 0.0859375
0 0.4912109375 0.4052734375 0.013671875 0.0224609375