1 0.4677734375 0.2802734375 0.0263671875 0.044921875
1 0.505859375 0.3681640625 0.080078125 0.1357421875
1 0.41796875 0.4052734375 0.107421875 0.2001953125
1 0.34375 0.31640625 0.0439453125 0.099609375
1 0.07421875 0.509765625 0.142578125 0.44140625
1 0.2548828125 0.3193359375 0.0595703125 0.1337890625
1 0.6865234375 0.2529296875 0.0234375 0.02734375
1 0.7451171875 0.265625 0.03125 0.0751953125
1 0.935546875 0.3056640625 0.083984375 0.1611328125
1 0.576171875 0.3017578125 0.048828125 0.09765625
1 0.8779296875 0.255859375 0.0654296875 0.111328125
1 0.662109375 0.2822265625 0.0390625 0.091796875
1 0.193359375 0.4931640625 0.1123046875 0.4306640625
1 0.630859375 0.2734375 0.033203125 0.080078125
1 0.818359375 0.2626953125 0.0517578125 0.1083984375
1 0.7197265625 0.3525390625 0.0986328125 0.2275390625
1 0.572265625 0.6259765625 0.357421875 0.1748046875
1 0.380859375 0.3037109375 0.0361328125 0.080078125
1 0.9345703125 0.529296875 0.130859375 0.3671875
0 0.4375 0.5302734375 0.0498046875 0.033203125
2 0.181640625 0.779296875 0.1015625 0.091796875
1 0.3095703125 0.2919921875 0.021484375 0.033203125
0 0.8505859375 0.517578125 0.111328125 0.05859375
0 0.447265625 0.3818359375 0.029296875 0.025390625
0 0.6240234375 0.50390625 0.0888671875 0.05859375
1 0.775390625 0.29296875 0.0419921875 0.0859375
1 0.361328125 0.3037109375 0.015625 0.0302734375
1 0.3984375 0.2890625 0.015625 0.02734375
0 0.0302734375 0.4990234375 0.060546875 0.0419921875
0 0.138671875 0.859375 0.1484375 0.119140625
1 0.568359375 0.279296875 0.0185546875 0.025390625
1 0.509765625 0.287109375 0.0205078125 0.0302734375
1 0.87890625 0.21484375 0.0234375 0.0302734375
1 0.6875 0.3056640625 0.025390625 0.0390625
0 0.716796875 0.830078125 0.4296875 0.328125
0 0.10546875 0.947265625 0.123046875 0.0947265625
0 0.54296875 0.505859375 0.060546875 0.0166015625
1 0.9228515625 0.2666015625 0.0234375 0.0498046875
0 0.623046875 0.4140625 0.0185546875 0.0224609375
1 0.4287109375 0.3515625 0.0205078125 0.046875
2 0.5576171875 0.763671875 0.1220703125 0.0615234375
0 0.3125 0.3232421875 0.03125 0.0302734375
0 0.1494140625 0.4375 0.048828125 0.0419921875
0 0.619140625 0.30859375 0.0126953125 0.0107421875
0 0.349609375 0.375 0.03125 0.0166015625
0 0.630859375 0.337890625 0.03125 0.0419921875
0 0.580078125 0.505859375 0.0283203125 0.0166015625
0 0.69921875 0.4365234375 0.033203125 0.0556640625
0 0.98046875 0.794921875 0.0390625 0.099609375
2 0.513671875 0.4462890625 0.0419921875 0.0361328125
0 0.654296875 0.330078125 0.013671875 0.02734375