2 0.83203125 0.923828125 0.1669921875 0.080078125
1 0.6767578125 0.6513671875 0.4404296875 0.4248046875
1 0.0751953125 0.60546875 0.1435546875 0.4775390625
1 0.28125 0.33984375 0.0185546875 0.0419921875
1 0.373046875 0.484375 0.150390625 0.1806640625
1 0.525390625 0.337890625 0.0185546875 0.0302734375
1 0.201171875 0.4306640625 0.1328125 0.1884765625
1 0.7109375 0.404296875 0.115234375 0.119140625
1 0.7314453125 0.318359375 0.0185546875 0.0361328125
1 0.4814453125 0.3427734375 0.0185546875 0.0302734375
1 0.9609375 0.421875 0.078125 0.1943359375
1 0.880859375 0.3681640625 0.0498046875 0.0419921875
1 0.3134765625 0.3662109375 0.0517578125 0.0830078125
1 0.4599609375 0.3447265625 0.044921875 0.072265625
1 0.669921875 0.322265625 0.0205078125 0.033203125
1 0.5810546875 0.3984375 0.068359375 0.130859375
1 0.5 0.37109375 0.068359375 0.1416015625
0 0.478515625 0.48046875 0.0439453125 0.0390625
1 0.9130859375 0.357421875 0.033203125 0.052734375
1 0.6484375 0.330078125 0.025390625 0.0556640625
1 0.228515625 0.3515625 0.025390625 0.0361328125
1 0.412109375 0.3662109375 0.056640625 0.099609375
1 0.357421875 0.341796875 0.029296875 0.0498046875
1 0.82421875 0.3359375 0.0673828125 0.0830078125
1 0.755859375 0.345703125 0.037109375 0.05859375
0 0.873046875 0.625 0.0830078125 0.06640625
1 0.9541015625 0.6962890625 0.091796875 0.2861328125
1 0.1748046875 0.3544921875 0.03125 0.046875
0 0.4853515625 0.4306640625 0.029296875 0.0166015625
0 0.537109375 0.5751953125 0.1123046875 0.0556640625
0 0.40625 0.4404296875 0.025390625 0.0419921875
0 0.380859375 0.91796875 0.1435546875 0.158203125
0 0.4384765625 0.6083984375 0.0546875 0.0390625
1 0.59375 0.322265625 0.0185546875 0.044921875
1 0.76953125 0.3056640625 0.033203125 0.0498046875
1 0.701171875 0.3525390625 0.025390625 0.0390625
0 0.6435546875 0.4267578125 0.0439453125 0.025390625
0 0.76953125 0.44140625 0.029296875 0.02734375
0 0.6064453125 0.39453125 0.025390625 0.0166015625
0 0.421875 0.466796875 0.0283203125 0.0166015625
0 0.4599609375 0.390625 0.029296875 0.01953125
0 0.38671875 0.576171875 0.060546875 0.046875
0 0.5859375 0.3681640625 0.0185546875 0.01953125
0 0.1865234375 0.4541015625 0.0703125 0.0361328125
1 0.943359375 0.3681640625 0.0185546875 0.0361328125
1 0.6884765625 0.3779296875 0.0234375 0.044921875
0 0.7978515625 0.3759765625 0.0205078125 0.013671875
1 0.849609375 0.328125 0.017578125 0.02734375
2 0.607421875 0.4794921875 0.0205078125 0.025390625
0 0.068359375 0.966796875 0.0888671875 0.0615234375
0 0.7607421875 0.380859375 0.025390625 0.033203125
0 0.3037109375 0.4931640625 0.0234375 0.025390625
0 0.587890625 0.4609375 0.0234375 0.044921875
1 0.3310546875 0.4482421875 0.025390625 0.05859375
1 0.7841796875 0.3330078125 0.021484375 0.033203125
0 0.205078125 0.48046875 0.046875 0.02734375
0 0.2822265625 0.4287109375 0.0419921875 0.025390625
0 0.322265625 0.4052734375 0.0234375 0.0166015625
1 0.3671875 0.3779296875 0.0185546875 0.044921875
1 0.853515625 0.37890625 0.013671875 0.025390625
1 0.06640625 0.4111328125 0.017578125 0.033203125
1 0.349609375 0.3740234375 0.0263671875 0.0302734375