2 0.833984375 0.927734375 0.166015625 0.0830078125
1 0.662109375 0.6357421875 0.412109375 0.455078125
1 0.373046875 0.490234375 0.1357421875 0.1748046875
1 0.5439453125 0.4736328125 0.119140625 0.169921875
1 0.34765625 0.341796875 0.0234375 0.044921875
1 0.826171875 0.474609375 0.150390625 0.205078125
1 0.4619140625 0.34765625 0.0390625 0.06640625
1 0.6455078125 0.31640625 0.015625 0.02734375
1 0.2998046875 0.3427734375 0.025390625 0.046875
1 0.7666015625 0.3193359375 0.044921875 0.072265625
1 0.076171875 0.5029296875 0.15234375 0.251953125
1 0.232421875 0.3662109375 0.044921875 0.078125
1 0.8203125 0.3359375 0.072265625 0.0947265625
1 0.623046875 0.3427734375 0.056640625 0.080078125
1 0.8642578125 0.3681640625 0.046875 0.052734375
1 0.9443359375 0.4482421875 0.111328125 0.2197265625
1 0.298828125 0.4111328125 0.064453125 0.1669921875
1 0.5244140625 0.35546875 0.029296875 0.078125
1 0.193359375 0.3544921875 0.0419921875 0.0634765625
1 0.880859375 0.318359375 0.0263671875 0.0419921875
1 0.236328125 0.759765625 0.404296875 0.4697265625
1 0.66796875 0.318359375 0.013671875 0.025390625
1 0.7177734375 0.365234375 0.060546875 0.09765625
1 0.9091796875 0.34765625 0.041015625 0.10546875
1 0.369140625 0.359375 0.0185546875 0.0302734375
0 0.931640625 0.580078125 0.099609375 0.0498046875
1 0.5849609375 0.33203125 0.0361328125 0.0751953125
0 0.3798828125 0.94140625 0.099609375 0.1162109375
0 0.380859375 0.578125 0.064453125 0.044921875
0 0.439453125 0.609375 0.052734375 0.0419921875
0 0.525390625 0.5791015625 0.1123046875 0.0634765625
1 0.025390625 0.4013671875 0.0498046875 0.0634765625
1 0.6552734375 0.341796875 0.013671875 0.033203125
1 0.73046875 0.3115234375 0.0205078125 0.044921875
0 0.48046875 0.482421875 0.0546875 0.0361328125
0 0.4619140625 0.3916015625 0.033203125 0.02734375
1 0.318359375 0.3427734375 0.0185546875 0.025390625
1 0.5517578125 0.3662109375 0.0341796875 0.0556640625
0 0.6103515625 0.39453125 0.0361328125 0.0224609375
0 0.3173828125 0.380859375 0.015625 0.044921875
0 0.2001953125 0.4912109375 0.0498046875 0.02734375
0 0.1865234375 0.455078125 0.0732421875 0.033203125
1 0.134765625 0.419921875 0.017578125 0.0224609375
1 0.4443359375 0.3330078125 0.013671875 0.0224609375
0 0.7939453125 0.37890625 0.03125 0.013671875
0 0.486328125 0.4306640625 0.0283203125 0.0224609375
0 0.587890625 0.380859375 0.025390625 0.0166015625
0 0.4228515625 0.453125 0.017578125 0.0390625
1 0.5009765625 0.318359375 0.029296875 0.046875
2 0.013671875 0.95703125 0.02734375 0.08203125
2 0.2373046875 0.37890625 0.0126953125 0.025390625
0 0.2822265625 0.4287109375 0.0390625 0.025390625
0 0.798828125 0.3291015625 0.0234375 0.01953125
1 0.2783203125 0.400390625 0.03125 0.033203125
0 0.443359375 0.4775390625 0.0361328125 0.0224609375
0 0.943359375 0.349609375 0.048828125 0.0166015625
0 0.0205078125 0.8984375 0.041015625 0.0419921875
1 0.9873046875 0.451171875 0.0185546875 0.09765625