2 0.8359375 0.927734375 0.166015625 0.0830078125
1 0.6787109375 0.6318359375 0.419921875 0.447265625
1 0.25390625 0.75 0.4326171875 0.494140625
1 0.2802734375 0.3486328125 0.0234375 0.0419921875
1 0.837890625 0.4580078125 0.15625 0.2109375
1 0.37890625 0.48046875 0.126953125 0.1884765625
1 0.6455078125 0.318359375 0.0185546875 0.025390625
1 0.4619140625 0.3486328125 0.0419921875 0.0693359375
1 0.4970703125 0.3359375 0.025390625 0.044921875
1 0.3486328125 0.3525390625 0.0439453125 0.0830078125
1 0.560546875 0.361328125 0.0361328125 0.044921875
1 0.662109375 0.4013671875 0.087890625 0.1640625
1 0.8154296875 0.33984375 0.0751953125 0.0859375
1 0.193359375 0.4306640625 0.1123046875 0.1884765625
1 0.712890625 0.34765625 0.03125 0.0556640625
1 0.435546875 0.3232421875 0.0185546875 0.0302734375
1 0.3037109375 0.3681640625 0.044921875 0.0859375
1 0.7626953125 0.3193359375 0.0498046875 0.072265625
1 0.0751953125 0.513671875 0.1435546875 0.2666015625
1 0.892578125 0.328125 0.0625 0.072265625
1 0.23046875 0.34765625 0.0263671875 0.044921875
1 0.9501953125 0.4287109375 0.099609375 0.236328125
0 0.4794921875 0.482421875 0.0439453125 0.0361328125
0 0.9404296875 0.5791015625 0.115234375 0.05859375
1 0.5869140625 0.33984375 0.033203125 0.0693359375
1 0.748046875 0.3916015625 0.0625 0.0830078125
1 0.728515625 0.3056640625 0.0361328125 0.0498046875
1 0.9892578125 0.318359375 0.0185546875 0.046875
1 0.705078125 0.40234375 0.0439453125 0.0498046875
0 0.4384765625 0.607421875 0.0546875 0.0419921875
0 0.3759765625 0.578125 0.064453125 0.0390625
0 0.5439453125 0.556640625 0.09375 0.0419921875
0 0.4892578125 0.4306640625 0.03125 0.0224609375
1 0.1982421875 0.361328125 0.0341796875 0.033203125
1 0.9384765625 0.3544921875 0.0361328125 0.05859375
1 0.408203125 0.3740234375 0.046875 0.091796875
1 0.9560546875 0.7294921875 0.087890625 0.2197265625
1 0.2509765625 0.3916015625 0.029296875 0.044921875
2 0.541015625 0.591796875 0.0625 0.044921875
1 0.609375 0.3359375 0.0185546875 0.033203125
0 0.4189453125 0.453125 0.0185546875 0.033203125
0 0.462890625 0.392578125 0.029296875 0.0302734375
0 0.6005859375 0.392578125 0.0361328125 0.01953125
0 0.4951171875 0.58203125 0.03125 0.052734375
1 0.51953125 0.3427734375 0.029296875 0.052734375
0 0.787109375 0.4052734375 0.0234375 0.0166015625
0 0.603515625 0.4677734375 0.0361328125 0.0361328125
0 0.3291015625 0.404296875 0.0263671875 0.013671875
0 0.1474609375 0.4384765625 0.017578125 0.0224609375
0 0.7939453125 0.380859375 0.025390625 0.0166015625
1 0.6318359375 0.365234375 0.017578125 0.0302734375
0 0.30078125 0.4990234375 0.0234375 0.0302734375
1 0.669921875 0.337890625 0.029296875 0.0302734375
0 0.6435546875 0.421875 0.0439453125 0.033203125
0 0.818359375 0.40234375 0.048828125 0.0390625
1 0.8349609375 0.328125 0.017578125 0.02734375
2 0.630859375 0.48046875 0.0126953125 0.02734375
2 0.447265625 0.419921875 0.0126953125 0.02734375
2 0.849609375 0.54296875 0.03125 0.0361328125
0 0.822265625 0.3662109375 0.0263671875 0.0166015625
1 0.517578125 0.3037109375 0.0205078125 0.01953125
2 0.291015625 0.943359375 0.044921875 0.025390625