2 0.833984375 0.923828125 0.166015625 0.080078125
1 0.26953125 0.7529296875 0.4111328125 0.4443359375
1 0.64453125 0.62890625 0.3544921875 0.447265625
1 0.275390625 0.3359375 0.025390625 0.033203125
1 0.3603515625 0.490234375 0.1455078125 0.169921875
1 0.716796875 0.39453125 0.1015625 0.138671875
1 0.3486328125 0.3427734375 0.021484375 0.0361328125
1 0.3134765625 0.3662109375 0.064453125 0.099609375
1 0.642578125 0.31640625 0.017578125 0.02734375
1 0.5048828125 0.330078125 0.015625 0.02734375
1 0.4619140625 0.359375 0.0390625 0.080078125
1 0.509765625 0.384765625 0.0654296875 0.130859375
1 0.232421875 0.3623046875 0.0234375 0.0302734375
1 0.193359375 0.443359375 0.125 0.2080078125
1 0.587890625 0.341796875 0.037109375 0.072265625
1 0.6669921875 0.3330078125 0.037109375 0.0615234375
1 0.8681640625 0.3681640625 0.0576171875 0.0634765625
1 0.8076171875 0.3427734375 0.0654296875 0.1025390625
1 0.943359375 0.455078125 0.1123046875 0.2333984375
1 0.080078125 0.5166015625 0.158203125 0.255859375
1 0.767578125 0.3193359375 0.037109375 0.078125
0 0.3779296875 0.578125 0.0498046875 0.0390625
1 0.830078125 0.3154296875 0.0185546875 0.0361328125
0 0.5234375 0.578125 0.0810546875 0.0498046875
0 0.404296875 0.4384765625 0.03125 0.0390625
1 0.3642578125 0.3623046875 0.025390625 0.0419921875
0 0.4384765625 0.609375 0.0546875 0.0419921875
1 0.9853515625 0.3525390625 0.0263671875 0.044921875
1 0.8935546875 0.328125 0.025390625 0.0556640625
0 0.41796875 0.466796875 0.0361328125 0.0224609375
0 0.4736328125 0.4794921875 0.037109375 0.0419921875
0 0.361328125 0.923828125 0.150390625 0.1416015625
1 0.9189453125 0.3427734375 0.025390625 0.05859375
1 0.3994140625 0.388671875 0.029296875 0.0615234375
0 0.7109375 0.48046875 0.037109375 0.0390625
0 0.4873046875 0.4306640625 0.025390625 0.0166015625
1 0.724609375 0.3330078125 0.0361328125 0.0498046875
1 0.0517578125 0.3974609375 0.0498046875 0.0556640625
1 0.5546875 0.3916015625 0.0341796875 0.0556640625
0 0.6103515625 0.3916015625 0.0263671875 0.0166015625
1 0.84375 0.330078125 0.0185546875 0.033203125
0 0.291015625 0.4306640625 0.0234375 0.0166015625
0 0.796875 0.3759765625 0.021484375 0.013671875
0 0.2001953125 0.490234375 0.0498046875 0.025390625
0 0.9052734375 0.404296875 0.0390625 0.01953125
0 0.30078125 0.4990234375 0.0234375 0.0302734375
1 0.517578125 0.3115234375 0.021484375 0.0224609375
2 0.974609375 0.568359375 0.037109375 0.01953125
0 0.5849609375 0.451171875 0.0234375 0.013671875
1 0.978515625 0.40234375 0.0390625 0.0615234375
1 0.0244140625 0.46484375 0.044921875 0.0634765625
0 0.1845703125 0.455078125 0.068359375 0.033203125
2 0.0205078125 0.9462890625 0.041015625 0.0859375
0 0.380859375 0.404296875 0.013671875 0.025390625
1 0.2099609375 0.380859375 0.029296875 0.02734375
1 0.6064453125 0.3447265625 0.0126953125 0.02734375
0 0.32421875 0.4052734375 0.0234375 0.0107421875
0 0.447265625 0.44140625 0.0732421875 0.0498046875
0 0.947265625 0.349609375 0.0419921875 0.0166015625