2 0.833984375 0.9267578125 0.162109375 0.0859375
1 0.662109375 0.6416015625 0.419921875 0.427734375
1 0.642578125 0.318359375 0.0185546875 0.01953125
1 0.373046875 0.47265625 0.142578125 0.1943359375
1 0.8740234375 0.490234375 0.232421875 0.236328125
1 0.462890625 0.341796875 0.048828125 0.0830078125
1 0.498046875 0.33203125 0.0205078125 0.0419921875
1 0.435546875 0.318359375 0.021484375 0.0361328125
2 0.51953125 0.591796875 0.0263671875 0.0390625
1 0.2421875 0.3662109375 0.046875 0.072265625
1 0.82421875 0.341796875 0.0390625 0.072265625
1 0.576171875 0.33984375 0.037109375 0.0693359375
1 0.40625 0.3681640625 0.0439453125 0.09765625
1 0.177734375 0.3984375 0.1064453125 0.15234375
1 0.650390625 0.3818359375 0.0810546875 0.1416015625
1 0.7685546875 0.3232421875 0.0439453125 0.080078125
1 0.2802734375 0.3544921875 0.0361328125 0.0693359375
1 0.3359375 0.357421875 0.0283203125 0.05859375
1 0.73828125 0.3955078125 0.0673828125 0.1142578125
1 0.685546875 0.330078125 0.017578125 0.033203125
1 0.9306640625 0.3447265625 0.0576171875 0.0888671875
1 0.736328125 0.3212890625 0.0185546875 0.0361328125
1 0.1787109375 0.3447265625 0.0263671875 0.0390625
1 0.7119140625 0.337890625 0.0419921875 0.0751953125
1 0.0849609375 0.6181640625 0.169921875 0.4912109375
1 0.3056640625 0.341796875 0.0263671875 0.0498046875
1 0.056640625 0.412109375 0.0751953125 0.0751953125
0 0.478515625 0.4833984375 0.0419921875 0.0390625
0 0.3818359375 0.94140625 0.1044921875 0.1162109375
0 0.2744140625 0.9619140625 0.091796875 0.076171875
1 0.3447265625 0.3291015625 0.013671875 0.025390625
0 0.375 0.580078125 0.068359375 0.0390625
0 0.88671875 0.607421875 0.064453125 0.0419921875
1 0.9794921875 0.361328125 0.041015625 0.06640625
0 0.439453125 0.611328125 0.052734375 0.044921875
1 0.6669921875 0.3056640625 0.0185546875 0.033203125
0 0.16796875 0.447265625 0.0263671875 0.033203125
0 0.4189453125 0.453125 0.0185546875 0.033203125
1 0.896484375 0.3251953125 0.037109375 0.0556640625
1 0.962890625 0.705078125 0.0673828125 0.2666015625
2 0.7978515625 0.4306640625 0.0234375 0.0224609375
1 0.630859375 0.365234375 0.0185546875 0.0361328125
1 0.205078125 0.3662109375 0.0263671875 0.0390625
1 0.361328125 0.3544921875 0.013671875 0.025390625
0 0.4052734375 0.427734375 0.0263671875 0.0224609375
1 0.5107421875 0.3056640625 0.0126953125 0.0224609375
1 0.8818359375 0.380859375 0.0673828125 0.044921875
1 0.5185546875 0.380859375 0.0498046875 0.10546875
1 0.60546875 0.3662109375 0.033203125 0.0556640625
0 0.5556640625 0.544921875 0.0390625 0.0224609375
0 0.4814453125 0.443359375 0.068359375 0.0751953125
0 0.2548828125 0.41015625 0.021484375 0.01953125
0 0.0166015625 0.5009765625 0.033203125 0.052734375
1 0.869140625 0.3427734375 0.029296875 0.0419921875
0 0.7734375 0.443359375 0.0341796875 0.0361328125
0 0.197265625 0.4912109375 0.044921875 0.0224609375
0 0.23046875 0.392578125 0.017578125 0.01953125
2 0.291015625 0.4052734375 0.0107421875 0.02734375
0 0.611328125 0.4736328125 0.041015625 0.0302734375
2 0.0087890625 0.9609375 0.017578125 0.0556640625
0 0.2763671875 0.4306640625 0.0498046875 0.0224609375
0 0.4619140625 0.380859375 0.013671875 0.0224609375
0 0.7666015625 0.35546875 0.0205078125 0.0166015625
0 0.373046875 0.3740234375 0.0107421875 0.01953125
0 0.30078125 0.5068359375 0.0234375 0.046875
0 0.9375 0.390625 0.025390625 0.0419921875
0 0.5888671875 0.3662109375 0.0126953125 0.0166015625
2 0.0625 0.9609375 0.056640625 0.06640625