2 0.8349609375 0.9267578125 0.1669921875 0.0859375
1 0.6748046875 0.62890625 0.431640625 0.474609375
1 0.23828125 0.7412109375 0.4267578125 0.4775390625
1 0.728515625 0.3154296875 0.0205078125 0.025390625
1 0.3037109375 0.3212890625 0.017578125 0.025390625
1 0.8369140625 0.3232421875 0.033203125 0.0419921875
1 0.375 0.4912109375 0.150390625 0.2001953125
1 0.2802734375 0.3388671875 0.0234375 0.0390625
1 0.4248046875 0.3427734375 0.03125 0.0361328125
1 0.3125 0.3681640625 0.056640625 0.080078125
1 0.345703125 0.3359375 0.03125 0.0556640625
1 0.486328125 0.3447265625 0.021484375 0.033203125
1 0.19921875 0.4541015625 0.1357421875 0.2412109375
1 0.767578125 0.3193359375 0.0498046875 0.0888671875
1 0.7314453125 0.375 0.0751953125 0.10546875
1 0.916015625 0.3525390625 0.0625 0.0947265625
1 0.45703125 0.341796875 0.0419921875 0.06640625
1 0.505859375 0.31640625 0.025390625 0.0498046875
1 0.5927734375 0.3232421875 0.0390625 0.0693359375
1 0.63671875 0.3330078125 0.0419921875 0.06640625
0 0.478515625 0.482421875 0.044921875 0.0361328125
1 0.5166015625 0.3857421875 0.080078125 0.14453125
1 0.23046875 0.3544921875 0.0390625 0.05859375
1 0.0390625 0.44140625 0.078125 0.150390625
1 0.2724609375 0.380859375 0.033203125 0.0615234375
0 0.9365234375 0.580078125 0.111328125 0.0498046875
1 0.5244140625 0.330078125 0.013671875 0.044921875
0 0.53125 0.58203125 0.1123046875 0.0634765625
0 0.44140625 0.611328125 0.0517578125 0.044921875
0 0.380859375 0.580078125 0.0830078125 0.033203125
0 0.4189453125 0.451171875 0.0185546875 0.0361328125
0 0.392578125 0.9306640625 0.1484375 0.138671875
0 0.330078125 0.404296875 0.0263671875 0.013671875
0 0.4912109375 0.4287109375 0.0205078125 0.01953125
0 0.0224609375 0.580078125 0.044921875 0.072265625
0 0.29296875 0.576171875 0.0517578125 0.052734375
1 0.1884765625 0.3623046875 0.029296875 0.0302734375
1 0.607421875 0.4345703125 0.080078125 0.169921875
1 0.693359375 0.3544921875 0.0185546875 0.046875
0 0.1884765625 0.4931640625 0.029296875 0.025390625
1 0.673828125 0.3212890625 0.033203125 0.0419921875
0 0.462890625 0.3837890625 0.0361328125 0.033203125
0 0.1875 0.4541015625 0.068359375 0.0361328125
1 0.806640625 0.3359375 0.037109375 0.044921875
0 0.6484375 0.4267578125 0.0341796875 0.025390625
0 0.83203125 0.5537109375 0.064453125 0.01953125
0 0.7626953125 0.3681640625 0.03125 0.01953125
0 0.42578125 0.4697265625 0.0205078125 0.0166015625
1 0.3310546875 0.3544921875 0.0185546875 0.025390625
0 0.7880859375 0.37890625 0.0234375 0.01953125
1 0.880859375 0.412109375 0.03125 0.0302734375
0 0.28125 0.4287109375 0.037109375 0.025390625
1 0.3564453125 0.4169921875 0.0126953125 0.033203125
0 0.8818359375 0.443359375 0.0263671875 0.025390625
0 0.2998046875 0.50390625 0.0185546875 0.0302734375
1 0.88671875 0.3388671875 0.0205078125 0.0390625