2 0.833984375 0.9248046875 0.166015625 0.0830078125
1 0.25390625 0.759765625 0.4296875 0.44140625
1 0.837890625 0.3134765625 0.0185546875 0.02734375
1 0.875 0.4833984375 0.244140625 0.25
1 0.3671875 0.490234375 0.1533203125 0.1806640625
1 0.44921875 0.4111328125 0.0859375 0.14453125
1 0.73828125 0.3095703125 0.017578125 0.01953125
1 0.6943359375 0.69140625 0.4609375 0.3330078125
1 0.279296875 0.3515625 0.021484375 0.0361328125
1 0.869140625 0.3525390625 0.048828125 0.0615234375
1 0.70703125 0.4306640625 0.1142578125 0.205078125
1 0.48828125 0.341796875 0.0234375 0.0390625
1 0.7685546875 0.318359375 0.0439453125 0.0634765625
1 0.1884765625 0.443359375 0.1328125 0.23046875
1 0.0810546875 0.4150390625 0.09375 0.1142578125
1 0.16796875 0.34765625 0.0361328125 0.0556640625
1 0.525390625 0.3916015625 0.0859375 0.138671875
1 0.224609375 0.361328125 0.0234375 0.044921875
0 0.326171875 0.9599609375 0.185546875 0.0693359375
1 0.671875 0.3427734375 0.052734375 0.0693359375
1 0.2685546875 0.392578125 0.087890625 0.1142578125
1 0.30078125 0.318359375 0.013671875 0.025390625
1 0.349609375 0.341796875 0.0185546875 0.033203125
1 0.44921875 0.330078125 0.0234375 0.0390625
1 0.9375 0.34765625 0.0439453125 0.0556640625
1 0.8154296875 0.3515625 0.072265625 0.09765625
1 0.7197265625 0.3427734375 0.029296875 0.0634765625
1 0.60546875 0.3662109375 0.064453125 0.1162109375
1 0.33203125 0.341796875 0.0205078125 0.0390625
0 0.541015625 0.587890625 0.138671875 0.0419921875
1 0.369140625 0.3662109375 0.025390625 0.0556640625
1 0.9814453125 0.35546875 0.03125 0.0556640625
0 0.439453125 0.6083984375 0.052734375 0.0390625
1 0.580078125 0.3359375 0.0205078125 0.033203125
0 0.3779296875 0.576171875 0.0595703125 0.0361328125
1 0.5947265625 0.3125 0.013671875 0.0302734375
1 0.025390625 0.455078125 0.0498046875 0.138671875
1 0.6455078125 0.3232421875 0.0185546875 0.0302734375
0 0.478515625 0.4833984375 0.0439453125 0.0390625
0 0.40625 0.4365234375 0.025390625 0.033203125
1 0.8251953125 0.3427734375 0.0185546875 0.0302734375
0 0.697265625 0.4794921875 0.0498046875 0.0302734375
0 0.900390625 0.591796875 0.119140625 0.072265625
1 0.330078125 0.37890625 0.021484375 0.046875
0 0.6435546875 0.4248046875 0.037109375 0.0166015625
0 0.779296875 0.443359375 0.0419921875 0.0361328125
0 0.294921875 0.56640625 0.048828125 0.033203125
0 0.611328125 0.3916015625 0.0234375 0.02734375
0 0.6240234375 0.568359375 0.0390625 0.0302734375
1 0.3115234375 0.3427734375 0.0205078125 0.0302734375
0 0.466796875 0.384765625 0.0185546875 0.01953125
0 0.0478515625 0.572265625 0.095703125 0.10546875
1 0.599609375 0.337890625 0.0185546875 0.0302734375
1 0.9599609375 0.7294921875 0.080078125 0.2080078125
0 0.30078125 0.5009765625 0.0234375 0.0361328125
0 0.125 0.4150390625 0.03125 0.046875
0 0.2822265625 0.4287109375 0.029296875 0.01953125
0 0.5849609375 0.3818359375 0.017578125 0.025390625
0 0.732421875 0.46484375 0.048828125 0.01953125
0 0.787109375 0.404296875 0.0234375 0.01953125
1 0.625 0.359375 0.0185546875 0.0302734375
0 0.3125 0.3818359375 0.0126953125 0.052734375
0 0.619140625 0.3154296875 0.0185546875 0.0302734375
0 0.7998046875 0.384765625 0.0185546875 0.01953125