2 0.8056640625 0.8623046875 0.1513671875 0.0751953125
1 0.6748046875 0.5986328125 0.4189453125 0.3916015625
1 0.287109375 0.705078125 0.3671875 0.5888671875
1 0.244140625 0.3193359375 0.0234375 0.033203125
1 0.08203125 0.5888671875 0.1640625 0.47265625
1 0.3876953125 0.453125 0.1123046875 0.1884765625
1 0.4423828125 0.3056640625 0.0185546875 0.033203125
1 0.197265625 0.3759765625 0.099609375 0.1142578125
1 0.955078125 0.31640625 0.0751953125 0.072265625
1 0.66015625 0.2861328125 0.0234375 0.033203125
1 0.6923828125 0.3232421875 0.0283203125 0.05859375
1 0.29296875 0.31640625 0.0205078125 0.0390625
1 0.462890625 0.3154296875 0.037109375 0.0693359375
1 0.630859375 0.2919921875 0.0205078125 0.033203125
1 0.3134765625 0.302734375 0.013671875 0.0224609375
1 0.255859375 0.359375 0.037109375 0.0693359375
1 0.8681640625 0.298828125 0.0517578125 0.0693359375
1 0.505859375 0.341796875 0.068359375 0.1337890625
1 0.94140625 0.5615234375 0.1171875 0.43359375
1 0.6484375 0.3720703125 0.078125 0.1552734375
1 0.7529296875 0.2919921875 0.037109375 0.06640625
1 0.4189453125 0.34765625 0.0439453125 0.0830078125
1 0.716796875 0.2919921875 0.025390625 0.0390625
1 0.07421875 0.3720703125 0.0419921875 0.0556640625
1 0.322265625 0.3388671875 0.048828125 0.072265625
1 0.494140625 0.306640625 0.0205078125 0.0361328125
1 0.3642578125 0.31640625 0.025390625 0.044921875
1 0.6005859375 0.3212890625 0.0419921875 0.0751953125
0 0.8876953125 0.544921875 0.119140625 0.0615234375
0 0.478515625 0.4482421875 0.041015625 0.0419921875
1 0.5634765625 0.359375 0.0390625 0.0693359375
1 0.2119140625 0.3359375 0.029296875 0.033203125
1 0.572265625 0.3115234375 0.0234375 0.033203125
2 0.5419921875 0.548828125 0.0654296875 0.0419921875
1 0.8046875 0.3388671875 0.083984375 0.1220703125
1 0.904296875 0.318359375 0.033203125 0.046875
0 0.443359375 0.568359375 0.0517578125 0.0361328125
1 0.58203125 0.2919921875 0.017578125 0.033203125
0 0.4931640625 0.3984375 0.029296875 0.01953125
0 0.193359375 0.4287109375 0.0390625 0.025390625
0 0.935546875 0.3544921875 0.03125 0.025390625
0 0.40625 0.3974609375 0.03125 0.0166015625
2 0.419921875 0.53515625 0.029296875 0.01953125
0 0.4248046875 0.4169921875 0.025390625 0.0390625
0 0.638671875 0.3916015625 0.0283203125 0.0224609375
2 0.3974609375 0.9599609375 0.0390625 0.0693359375
1 0.236328125 0.3486328125 0.017578125 0.0419921875
0 0.73828125 0.4072265625 0.0390625 0.046875
1 0.65625 0.3359375 0.025390625 0.044921875
0 0.7607421875 0.4052734375 0.0185546875 0.0224609375
0 0.3046875 0.3955078125 0.021484375 0.013671875
0 0.84765625 0.3349609375 0.0234375 0.01953125
0 0.013671875 0.4833984375 0.02734375 0.041015625
1 0.2744140625 0.341796875 0.017578125 0.0224609375
0 0.3935546875 0.37890625 0.0126953125 0.01953125
1 0.775390625 0.296875 0.013671875 0.0166015625
0 0.3564453125 0.3486328125 0.025390625 0.0302734375
1 0.3447265625 0.330078125 0.013671875 0.02734375
0 0.900390625 0.3857421875 0.0361328125 0.044921875
0 0.4677734375 0.361328125 0.013671875 0.0166015625