2 0.8349609375 0.923828125 0.1640625 0.080078125
1 0.66796875 0.662109375 0.4267578125 0.408203125
1 0.8759765625 0.4931640625 0.236328125 0.236328125
1 0.23046875 0.7666015625 0.3857421875 0.455078125
1 0.5546875 0.48046875 0.166015625 0.18359375
1 0.361328125 0.4912109375 0.158203125 0.18359375
1 0.466796875 0.341796875 0.0517578125 0.0947265625
1 0.50390625 0.328125 0.013671875 0.033203125
1 0.228515625 0.3544921875 0.0205078125 0.0361328125
1 0.1982421875 0.4482421875 0.1279296875 0.2197265625
1 0.0751953125 0.4990234375 0.1435546875 0.2587890625
1 0.8935546875 0.3427734375 0.0810546875 0.09765625
1 0.70703125 0.4052734375 0.1201171875 0.138671875
1 0.31640625 0.37890625 0.064453125 0.125
1 0.763671875 0.3193359375 0.0498046875 0.078125
1 0.6435546875 0.318359375 0.0185546875 0.0361328125
1 0.58203125 0.33203125 0.0361328125 0.0751953125
1 0.69921875 0.3427734375 0.0390625 0.0693359375
1 0.81640625 0.3359375 0.0703125 0.0947265625
0 0.4794921875 0.4833984375 0.0439453125 0.0390625
1 0.1943359375 0.3720703125 0.0390625 0.0556640625
1 0.06640625 0.380859375 0.0390625 0.0615234375
1 0.337890625 0.337890625 0.0185546875 0.0302734375
1 0.28125 0.3544921875 0.025390625 0.0302734375
0 0.4384765625 0.607421875 0.0546875 0.0419921875
0 0.3798828125 0.94140625 0.1123046875 0.1162109375
0 0.4169921875 0.451171875 0.021484375 0.0361328125
1 0.8876953125 0.31640625 0.0185546875 0.044921875
0 0.4072265625 0.427734375 0.0234375 0.0224609375
0 0.3759765625 0.5791015625 0.0673828125 0.0419921875
1 0.603515625 0.337890625 0.0185546875 0.0302734375
0 0.8994140625 0.6025390625 0.0546875 0.0498046875
0 0.4873046875 0.58203125 0.0498046875 0.052734375
0 0.494140625 0.4287109375 0.025390625 0.01953125
1 0.666015625 0.3427734375 0.033203125 0.05859375
1 0.9736328125 0.35546875 0.052734375 0.044921875
1 0.736328125 0.318359375 0.013671875 0.025390625
0 0.7802734375 0.443359375 0.048828125 0.0361328125
2 0.541015625 0.591796875 0.0654296875 0.044921875
1 0.244140625 0.3818359375 0.033203125 0.046875
0 0.6357421875 0.4140625 0.0498046875 0.02734375
0 0.298828125 0.5625 0.044921875 0.025390625
0 0.3251953125 0.404296875 0.025390625 0.013671875
0 0.80078125 0.3720703125 0.013671875 0.0166015625
1 0.619140625 0.3642578125 0.0234375 0.0390625
0 0.28515625 0.4306640625 0.0361328125 0.0224609375
2 0.021484375 0.9375 0.0419921875 0.0751953125
0 0.5986328125 0.3984375 0.0185546875 0.0087890625
1 0.8115234375 0.3154296875 0.013671875 0.0302734375
1 0.2236328125 0.3857421875 0.0185546875 0.033203125
0 0.955078125 0.390625 0.0205078125 0.025390625
2 0.7822265625 0.4111328125 0.0419921875 0.033203125
0 0.25 0.419921875 0.03125 0.0224609375
0 0.759765625 0.4794921875 0.060546875 0.046875
0 0.63671875 0.447265625 0.0361328125 0.0556640625
2 0.44921875 0.4541015625 0.0234375 0.0302734375
1 0.5185546875 0.3115234375 0.0185546875 0.033203125
2 0.431640625 0.4677734375 0.013671875 0.025390625