2 0.8349609375 0.927734375 0.1640625 0.0830078125
1 0.6689453125 0.673828125 0.4375 0.380859375
1 0.462890625 0.3359375 0.044921875 0.0947265625
1 0.712890625 0.4052734375 0.1123046875 0.1611328125
1 0.259765625 0.7734375 0.3310546875 0.44140625
1 0.873046875 0.4794921875 0.2421875 0.2470703125
1 0.275390625 0.3427734375 0.0234375 0.0302734375
1 0.73828125 0.31640625 0.0205078125 0.0390625
1 0.53515625 0.4765625 0.1611328125 0.1748046875
1 0.3720703125 0.48046875 0.150390625 0.1943359375
1 0.07421875 0.64453125 0.1484375 0.52734375
1 0.494140625 0.341796875 0.0263671875 0.0498046875
1 0.310546875 0.3232421875 0.017578125 0.01953125
1 0.7177734375 0.3212890625 0.0263671875 0.0361328125
1 0.6455078125 0.318359375 0.015625 0.025390625
1 0.53515625 0.3291015625 0.0205078125 0.046875
1 0.7685546875 0.341796875 0.0439453125 0.10546875
1 0.19140625 0.455078125 0.1328125 0.2392578125
0 0.3359375 0.955078125 0.171875 0.078125
1 0.591796875 0.3388671875 0.0390625 0.078125
1 0.2353515625 0.3486328125 0.0419921875 0.080078125
1 0.8935546875 0.33984375 0.056640625 0.09765625
1 0.169921875 0.3525390625 0.0390625 0.0615234375
1 0.318359375 0.3681640625 0.0625 0.091796875
1 0.3544921875 0.341796875 0.021484375 0.0498046875
1 0.5625 0.3681640625 0.037109375 0.0693359375
1 0.421875 0.3779296875 0.068359375 0.0947265625
1 0.6630859375 0.31640625 0.0205078125 0.033203125
0 0.880859375 0.6044921875 0.0751953125 0.046875
1 0.841796875 0.3388671875 0.052734375 0.078125
0 0.439453125 0.6083984375 0.052734375 0.0390625
0 0.3740234375 0.578125 0.0576171875 0.033203125
1 0.05078125 0.40234375 0.048828125 0.06640625
1 0.94921875 0.6787109375 0.095703125 0.3134765625
0 0.40625 0.4365234375 0.025390625 0.033203125
1 0.6865234375 0.361328125 0.0263671875 0.044921875
0 0.529296875 0.5791015625 0.125 0.0634765625
1 0.9658203125 0.380859375 0.068359375 0.10546875
1 0.091796875 0.4287109375 0.056640625 0.080078125
0 0.3876953125 0.892578125 0.1435546875 0.091796875
0 0.294921875 0.5654296875 0.048828125 0.025390625
1 0.611328125 0.3193359375 0.0205078125 0.033203125
0 0.7705078125 0.443359375 0.03125 0.0361328125
1 0.013671875 0.447265625 0.02734375 0.0703125
0 0.498046875 0.4306640625 0.0205078125 0.0166015625
0 0.69921875 0.4794921875 0.033203125 0.01953125
0 0.466796875 0.3857421875 0.0234375 0.0166015625
0 0.0068359375 0.505859375 0.013671875 0.033203125
0 0.30078125 0.505859375 0.0234375 0.044921875
0 0.64453125 0.4248046875 0.033203125 0.0166015625
1 0.2685546875 0.392578125 0.025390625 0.0302734375
0 0.6162109375 0.390625 0.0263671875 0.025390625
0 0.619140625 0.4794921875 0.03125 0.025390625
0 0.798828125 0.37890625 0.0234375 0.01953125
2 0.744140625 0.4541015625 0.03125 0.013671875
0 0.587890625 0.37890625 0.0185546875 0.013671875
0 0.587890625 0.4609375 0.025390625 0.044921875
0 0.119140625 0.466796875 0.0234375 0.0166015625
1 0.3662109375 0.3740234375 0.017578125 0.0302734375
0 0.447265625 0.474609375 0.0263671875 0.0166015625
1 0.806640625 0.3427734375 0.025390625 0.0361328125
0 0.3125 0.380859375 0.0126953125 0.0390625
0 0.7841796875 0.40234375 0.0185546875 0.0166015625
0 0.275390625 0.4248046875 0.037109375 0.033203125
0 0.326171875 0.4052734375 0.0185546875 0.0166015625