2 0.806640625 0.857421875 0.15625 0.0751953125
1 0.673828125 0.619140625 0.3955078125 0.361328125
1 0.3818359375 0.4501953125 0.1298828125 0.1943359375
1 0.263671875 0.7138671875 0.3984375 0.5107421875
1 0.541015625 0.4375 0.1435546875 0.169921875
1 0.6943359375 0.37890625 0.123046875 0.1416015625
1 0.861328125 0.318359375 0.076171875 0.09765625
1 0.3193359375 0.330078125 0.048828125 0.072265625
1 0.798828125 0.322265625 0.060546875 0.10546875
1 0.279296875 0.3818359375 0.083984375 0.1357421875
1 0.2861328125 0.3115234375 0.021484375 0.033203125
1 0.091796875 0.4736328125 0.177734375 0.2412109375
1 0.935546875 0.4169921875 0.126953125 0.2109375
1 0.244140625 0.3154296875 0.025390625 0.0419921875
1 0.4345703125 0.3291015625 0.068359375 0.1083984375
1 0.486328125 0.3154296875 0.037109375 0.0751953125
1 0.630859375 0.2919921875 0.0185546875 0.033203125
1 0.2001953125 0.3984375 0.1123046875 0.1416015625
1 0.685546875 0.3115234375 0.0361328125 0.0830078125
1 0.7119140625 0.29296875 0.0361328125 0.05859375
1 0.349609375 0.3154296875 0.0185546875 0.0361328125
1 0.748046875 0.29296875 0.0498046875 0.0751953125
1 0.580078125 0.2958984375 0.029296875 0.0634765625
0 0.478515625 0.451171875 0.037109375 0.0361328125
1 0.8125 0.2822265625 0.0185546875 0.025390625
0 0.8974609375 0.5419921875 0.1298828125 0.0615234375
1 0.548828125 0.3427734375 0.0361328125 0.0693359375
0 0.443359375 0.568359375 0.0546875 0.0361328125
0 0.3564453125 0.9345703125 0.1376953125 0.119140625
1 0.9638671875 0.3037109375 0.025390625 0.046875
2 0.541015625 0.5498046875 0.064453125 0.044921875
1 0.185546875 0.318359375 0.0341796875 0.052734375
1 0.087890625 0.3662109375 0.0439453125 0.0556640625
0 0.4873046875 0.3984375 0.025390625 0.01953125
0 0.412109375 0.3955078125 0.025390625 0.025390625
0 0.47265625 0.361328125 0.017578125 0.0166015625
1 0.599609375 0.298828125 0.0185546875 0.0302734375
0 0.185546875 0.4208984375 0.0263671875 0.025390625
1 0.517578125 0.318359375 0.029296875 0.052734375
0 0.2919921875 0.4013671875 0.0439453125 0.025390625
0 0.9306640625 0.365234375 0.0263671875 0.0302734375
0 0.78125 0.3447265625 0.0185546875 0.0166015625
1 0.65625 0.29296875 0.0185546875 0.0361328125
1 0.462890625 0.3212890625 0.0185546875 0.025390625
2 0.9501953125 0.5302734375 0.025390625 0.0166015625
1 0.619140625 0.328125 0.0498046875 0.06640625
0 0.70703125 0.4443359375 0.0390625 0.033203125
1 0.255859375 0.3583984375 0.0263671875 0.0390625
0 0.3359375 0.37109375 0.025390625 0.013671875
0 0.5791015625 0.3486328125 0.0234375 0.01953125
0 0.3564453125 0.3515625 0.025390625 0.025390625
0 0.3134765625 0.3486328125 0.013671875 0.01953125
1 0.017578125 0.4921875 0.03515625 0.05859375
1 0.5927734375 0.3681640625 0.0390625 0.0361328125
1 0.517578125 0.28515625 0.017578125 0.01953125
0 0.6298828125 0.41796875 0.025390625 0.046875
0 0.216796875 0.4462890625 0.0517578125 0.025390625