2 0.8349609375 0.923828125 0.1640625 0.080078125
1 0.669921875 0.6162109375 0.408203125 0.47265625
1 0.25 0.73046875 0.4248046875 0.52734375
1 0.384765625 0.4794921875 0.1298828125 0.1865234375
1 0.9716796875 0.419921875 0.056640625 0.2109375
1 0.431640625 0.341796875 0.025390625 0.0498046875
1 0.62890625 0.3427734375 0.0517578125 0.0859375
1 0.1806640625 0.4052734375 0.1201171875 0.14453125
1 0.7490234375 0.3515625 0.0361328125 0.05859375
1 0.2783203125 0.3447265625 0.025390625 0.02734375
1 0.1806640625 0.357421875 0.0263671875 0.0361328125
1 0.486328125 0.3447265625 0.0205078125 0.033203125
1 0.2998046875 0.3359375 0.025390625 0.044921875
1 0.712890625 0.35546875 0.0419921875 0.072265625
1 0.5185546875 0.392578125 0.068359375 0.1357421875
1 0.931640625 0.3427734375 0.029296875 0.05859375
1 0.587890625 0.341796875 0.044921875 0.078125
1 0.0732421875 0.5029296875 0.130859375 0.244140625
1 0.6748046875 0.357421875 0.03125 0.05859375
1 0.8046875 0.3388671875 0.0595703125 0.099609375
1 0.224609375 0.35546875 0.017578125 0.033203125
1 0.2666015625 0.3779296875 0.095703125 0.1337890625
1 0.904296875 0.3251953125 0.029296875 0.0498046875
1 0.95703125 0.671875 0.0830078125 0.3447265625
1 0.8330078125 0.3037109375 0.0185546875 0.0302734375
0 0.33203125 0.9482421875 0.1767578125 0.091796875
1 0.349609375 0.337890625 0.0185546875 0.0302734375
0 0.408203125 0.4404296875 0.021484375 0.0361328125
1 0.3251953125 0.361328125 0.0498046875 0.0830078125
0 0.39453125 0.5751953125 0.0517578125 0.0498046875
1 0.66796875 0.31640625 0.0205078125 0.044921875
0 0.5205078125 0.576171875 0.078125 0.052734375
1 0.45703125 0.341796875 0.0205078125 0.044921875
1 0.7607421875 0.3037109375 0.021484375 0.0419921875
0 0.3505859375 0.37890625 0.0205078125 0.01953125
0 0.478515625 0.482421875 0.0576171875 0.0361328125
1 0.044921875 0.3916015625 0.0419921875 0.0556640625
0 0.4580078125 0.384765625 0.03125 0.01953125
0 0.4921875 0.4287109375 0.025390625 0.01953125
0 0.4384765625 0.607421875 0.0546875 0.0361328125
1 0.9970703125 0.326171875 0.005859375 0.0361328125
1 0.0107421875 0.427734375 0.021484375 0.044921875
0 0.3017578125 0.3681640625 0.025390625 0.025390625
0 0.615234375 0.390625 0.021484375 0.01953125
0 0.78125 0.443359375 0.0439453125 0.0361328125
0 0.2880859375 0.4287109375 0.0205078125 0.013671875
1 0.369140625 0.3740234375 0.0185546875 0.0419921875
0 0.2001953125 0.3681640625 0.0185546875 0.013671875
0 0.19921875 0.486328125 0.048828125 0.033203125
1 0.775390625 0.33203125 0.025390625 0.0419921875
0 0.3232421875 0.404296875 0.0283203125 0.01953125
0 0.09375 0.466796875 0.0126953125 0.0166015625
0 0.794921875 0.37890625 0.013671875 0.013671875
0 0.0302734375 0.73046875 0.033203125 0.0390625
0 0.9375 0.3837890625 0.0185546875 0.0498046875
2 0.3349609375 0.4306640625 0.013671875 0.0224609375
2 0.294921875 0.5419921875 0.0673828125 0.078125