2 0.8056640625 0.8623046875 0.154296875 0.0751953125
1 0.82421875 0.4541015625 0.220703125 0.2138671875
1 0.26171875 0.734375 0.408203125 0.4912109375
1 0.373046875 0.4541015625 0.1298828125 0.1640625
1 0.5322265625 0.447265625 0.1767578125 0.18359375
1 0.5068359375 0.3349609375 0.064453125 0.119140625
1 0.6630859375 0.6416015625 0.4013671875 0.322265625
1 0.6123046875 0.31640625 0.0498046875 0.078125
1 0.6884765625 0.3232421875 0.048828125 0.0693359375
1 0.2099609375 0.41015625 0.1171875 0.2080078125
1 0.087890625 0.4697265625 0.162109375 0.2333984375
1 0.5751953125 0.3056640625 0.03125 0.072265625
1 0.900390625 0.3232421875 0.0625 0.091796875
1 0.798828125 0.31640625 0.0625 0.0888671875
1 0.630859375 0.2900390625 0.0185546875 0.0302734375
0 0.244140625 0.8623046875 0.1611328125 0.125
1 0.3173828125 0.318359375 0.0283203125 0.0419921875
1 0.357421875 0.3115234375 0.0205078125 0.033203125
1 0.8466796875 0.3447265625 0.0498046875 0.044921875
0 0.37890625 0.537109375 0.064453125 0.0419921875
1 0.236328125 0.3349609375 0.013671875 0.0302734375
1 0.55078125 0.3447265625 0.0390625 0.072265625
1 0.466796875 0.3056640625 0.0205078125 0.033203125
1 0.4990234375 0.3056640625 0.017578125 0.02734375
1 0.744140625 0.2919921875 0.037109375 0.0615234375
0 0.84375 0.55859375 0.056640625 0.033203125
1 0.291015625 0.3232421875 0.0185546875 0.01953125
1 0.072265625 0.365234375 0.0517578125 0.05859375
1 0.6591796875 0.3056640625 0.0283203125 0.0615234375
1 0.9560546875 0.3212890625 0.0498046875 0.05859375
0 0.474609375 0.451171875 0.037109375 0.0361328125
1 0.9873046875 0.3115234375 0.0185546875 0.044921875
0 0.443359375 0.568359375 0.0546875 0.0361328125
0 0.412109375 0.39453125 0.025390625 0.0224609375
1 0.408203125 0.3544921875 0.037109375 0.0693359375
0 0.421875 0.4169921875 0.021484375 0.033203125
2 0.537109375 0.552734375 0.0625 0.0390625
0 0.681640625 0.44140625 0.048828125 0.02734375
0 0.5751953125 0.3515625 0.0185546875 0.013671875
0 0.359375 0.3486328125 0.025390625 0.01953125
1 0.599609375 0.3056640625 0.0126953125 0.0224609375
1 0.869140625 0.306640625 0.0185546875 0.025390625
1 0.7138671875 0.3017578125 0.015625 0.025390625
0 0.46875 0.3623046875 0.0185546875 0.01953125
1 0.8125 0.3115234375 0.0185546875 0.0224609375
1 0.375 0.328125 0.0185546875 0.02734375
0 0.498046875 0.544921875 0.0263671875 0.0224609375
0 0.7802734375 0.3427734375 0.013671875 0.013671875
0 0.576171875 0.52734375 0.0263671875 0.0166015625
1 0.927734375 0.4306640625 0.068359375 0.0888671875
0 0.2724609375 0.392578125 0.048828125 0.0302734375
0 0.3017578125 0.3984375 0.0185546875 0.01953125
0 0.48828125 0.3955078125 0.0234375 0.025390625
0 0.3134765625 0.466796875 0.0234375 0.033203125
0 0.599609375 0.3818359375 0.03125 0.05859375
0 0.3134765625 0.3486328125 0.013671875 0.0419921875
0 0.6044921875 0.3525390625 0.0185546875 0.0224609375
0 0.4443359375 0.43359375 0.0390625 0.0166015625
0 0.3037109375 0.9375 0.0361328125 0.125
0 0.6376953125 0.392578125 0.0439453125 0.025390625
0 0.900390625 0.3720703125 0.0439453125 0.0166015625
1 0.767578125 0.302734375 0.015625 0.0224609375
0 0.7255859375 0.4208984375 0.0234375 0.013671875
0 0.013671875 0.4853515625 0.02734375 0.056640625
0 0.7548828125 0.35546875 0.015625 0.044921875
0 0.3349609375 0.39453125 0.0263671875 0.06640625
0 0.7490234375 0.4052734375 0.013671875 0.0224609375