2 0.833984375 0.923828125 0.166015625 0.080078125
1 0.26953125 0.755859375 0.4111328125 0.4443359375
1 0.6435546875 0.62890625 0.349609375 0.447265625
1 0.712890625 0.392578125 0.1044921875 0.1357421875
1 0.361328125 0.490234375 0.146484375 0.169921875
1 0.505859375 0.3291015625 0.013671875 0.025390625
1 0.3486328125 0.341796875 0.021484375 0.0390625
1 0.4619140625 0.359375 0.0390625 0.080078125
1 0.48828125 0.3447265625 0.029296875 0.0390625
1 0.3115234375 0.3681640625 0.0673828125 0.1025390625
1 0.193359375 0.4404296875 0.126953125 0.2138671875
1 0.642578125 0.31640625 0.017578125 0.02734375
1 0.275390625 0.33984375 0.025390625 0.0419921875
1 0.662109375 0.3330078125 0.037109375 0.0615234375
1 0.892578125 0.349609375 0.0517578125 0.099609375
1 0.9482421875 0.455078125 0.103515625 0.2275390625
1 0.587890625 0.341796875 0.0390625 0.072265625
1 0.8115234375 0.3427734375 0.0703125 0.1083984375
0 0.8984375 0.5791015625 0.162109375 0.080078125
1 0.080078125 0.517578125 0.158203125 0.2587890625
1 0.767578125 0.318359375 0.041015625 0.0751953125
1 0.248046875 0.365234375 0.0498046875 0.09765625
1 0.830078125 0.3125 0.017578125 0.0302734375
1 0.556640625 0.4111328125 0.0751953125 0.1337890625
0 0.3779296875 0.578125 0.0498046875 0.0390625
0 0.5224609375 0.578125 0.080078125 0.0498046875
1 0.724609375 0.330078125 0.0361328125 0.0556640625
0 0.404296875 0.427734375 0.0283203125 0.0224609375
1 0.9853515625 0.3525390625 0.0263671875 0.044921875
1 0.2265625 0.3662109375 0.0126953125 0.0224609375
0 0.4384765625 0.609375 0.0546875 0.0419921875
1 0.36328125 0.3623046875 0.0263671875 0.0419921875
0 0.474609375 0.4794921875 0.037109375 0.0419921875
0 0.361328125 0.923828125 0.1484375 0.1416015625
0 0.7119140625 0.48046875 0.0390625 0.0390625
0 0.41796875 0.466796875 0.033203125 0.0224609375
0 0.4873046875 0.4306640625 0.025390625 0.0166015625
1 0.3994140625 0.390625 0.029296875 0.05859375
0 0.291015625 0.4287109375 0.0234375 0.01953125
0 0.345703125 0.3779296875 0.025390625 0.02734375
1 0.84375 0.330078125 0.0185546875 0.033203125
0 0.40625 0.4443359375 0.0185546875 0.0224609375
0 0.796875 0.3740234375 0.021484375 0.0087890625
0 0.2001953125 0.490234375 0.0498046875 0.025390625
2 0.9755859375 0.568359375 0.0361328125 0.01953125
0 0.90625 0.404296875 0.0439453125 0.01953125
1 0.67578125 0.37890625 0.029296875 0.046875
1 0.517578125 0.3115234375 0.017578125 0.0224609375
0 0.609375 0.3916015625 0.0283203125 0.0166015625
0 0.5859375 0.451171875 0.021484375 0.013671875
1 0.978515625 0.3984375 0.0390625 0.05859375
0 0.185546875 0.455078125 0.072265625 0.033203125
0 0.30078125 0.4990234375 0.0205078125 0.0302734375
0 0.580078125 0.380859375 0.0126953125 0.0107421875
2 0.0205078125 0.9462890625 0.041015625 0.0859375
1 0.0244140625 0.466796875 0.044921875 0.0615234375
0 0.380859375 0.404296875 0.013671875 0.025390625
0 0.32421875 0.431640625 0.0263671875 0.0751953125
0 0.9423828125 0.34765625 0.0498046875 0.0166015625