2 0.806640625 0.859375 0.154296875 0.080078125
1 0.6875 0.6474609375 0.412109375 0.294921875
1 0.279296875 0.6962890625 0.3984375 0.4912109375
1 0.7236328125 0.28515625 0.0185546875 0.01953125
1 0.380859375 0.455078125 0.1376953125 0.177734375
1 0.544921875 0.4306640625 0.158203125 0.177734375
1 0.80078125 0.4306640625 0.173828125 0.2109375
1 0.5048828125 0.3388671875 0.0625 0.111328125
1 0.3193359375 0.3427734375 0.0576171875 0.0693359375
1 0.25 0.322265625 0.025390625 0.044921875
1 0.20703125 0.3916015625 0.111328125 0.1669921875
1 0.46875 0.3193359375 0.03125 0.0615234375
1 0.63671875 0.3662109375 0.080078125 0.171875
1 0.193359375 0.3291015625 0.025390625 0.0361328125
1 0.8017578125 0.3095703125 0.046875 0.080078125
1 0.935546875 0.404296875 0.1279296875 0.236328125
1 0.6552734375 0.2802734375 0.017578125 0.0224609375
1 0.298828125 0.3056640625 0.0283203125 0.033203125
1 0.09765625 0.4609375 0.154296875 0.294921875
1 0.841796875 0.330078125 0.046875 0.0615234375
1 0.8759765625 0.302734375 0.0361328125 0.0556640625
1 0.697265625 0.3095703125 0.046875 0.0693359375
1 0.4130859375 0.3427734375 0.0263671875 0.0693359375
1 0.5986328125 0.3056640625 0.015625 0.02734375
1 0.087890625 0.341796875 0.033203125 0.0498046875
0 0.8544921875 0.5361328125 0.0810546875 0.06640625
1 0.556640625 0.33984375 0.033203125 0.052734375
1 0.5810546875 0.31640625 0.025390625 0.0556640625
1 0.90625 0.3037109375 0.03125 0.052734375
0 0.1640625 0.919921875 0.2158203125 0.150390625
1 0.3740234375 0.3291015625 0.0263671875 0.052734375
1 0.26953125 0.35546875 0.033203125 0.0556640625
0 0.474609375 0.451171875 0.033203125 0.0361328125
1 0.126953125 0.380859375 0.046875 0.06640625
1 0.75390625 0.3056640625 0.0703125 0.0888671875
0 0.4228515625 0.4169921875 0.0205078125 0.033203125
0 0.568359375 0.529296875 0.1748046875 0.05859375
0 0.443359375 0.568359375 0.0498046875 0.0361328125
0 0.392578125 0.544921875 0.0625 0.02734375
0 0.6904296875 0.4482421875 0.03125 0.0302734375
0 0.4091796875 0.3974609375 0.0283203125 0.0166015625
1 0.75 0.2763671875 0.0185546875 0.025390625
0 0.1689453125 0.427734375 0.0185546875 0.0224609375
0 0.3603515625 0.3525390625 0.0205078125 0.0224609375
0 0.4931640625 0.400390625 0.0205078125 0.0166015625
0 0.7490234375 0.41015625 0.033203125 0.0302734375
1 0.5869140625 0.375 0.0419921875 0.06640625
1 0.326171875 0.3193359375 0.013671875 0.0224609375
1 0.240234375 0.3544921875 0.021484375 0.0361328125
0 0.5849609375 0.419921875 0.0205078125 0.02734375
0 0.28125 0.4013671875 0.0625 0.025390625
0 0.654296875 0.52734375 0.0361328125 0.0390625
2 0.3984375 0.95703125 0.037109375 0.0751953125
0 0.6318359375 0.3955078125 0.0361328125 0.025390625
0 0.25 0.3876953125 0.0185546875 0.01953125
1 0.498046875 0.31640625 0.013671875 0.0166015625
1 0.794921875 0.306640625 0.0107421875 0.0302734375
0 0.755859375 0.34765625 0.0126953125 0.044921875
1 0.3310546875 0.4208984375 0.037109375 0.0361328125
0 0.39453125 0.37890625 0.013671875 0.01953125
1 0.3427734375 0.3984375 0.0107421875 0.01953125
1 0.880859375 0.341796875 0.03125 0.0390625