2 0.806640625 0.859375 0.154296875 0.080078125
1 0.2783203125 0.73046875 0.369140625 0.52734375
1 0.8369140625 0.41796875 0.1953125 0.2470703125
1 0.6806640625 0.630859375 0.4111328125 0.322265625
1 0.90625 0.287109375 0.025390625 0.0302734375
1 0.3798828125 0.455078125 0.134765625 0.1884765625
1 0.7197265625 0.287109375 0.017578125 0.0302734375
1 0.5380859375 0.4306640625 0.154296875 0.171875
1 0.693359375 0.3984375 0.1171875 0.19140625
1 0.4912109375 0.31640625 0.017578125 0.02734375
1 0.8125 0.27734375 0.0185546875 0.0224609375
1 0.287109375 0.3232421875 0.0234375 0.0302734375
1 0.306640625 0.2998046875 0.0126953125 0.033203125
1 0.3603515625 0.31640625 0.0234375 0.044921875
1 0.326171875 0.3486328125 0.068359375 0.130859375
1 0.6591796875 0.3134765625 0.037109375 0.072265625
1 0.212890625 0.392578125 0.1015625 0.19140625
1 0.4384765625 0.298828125 0.017578125 0.0302734375
1 0.529296875 0.3212890625 0.021484375 0.05859375
1 0.50390625 0.2958984375 0.013671875 0.025390625
1 0.96875 0.28515625 0.0185546875 0.01953125
1 0.8076171875 0.3037109375 0.0283203125 0.0361328125
1 0.744140625 0.279296875 0.0234375 0.0361328125
1 0.4619140625 0.3251953125 0.0390625 0.06640625
1 0.2509765625 0.328125 0.0234375 0.033203125
1 0.9736328125 0.3818359375 0.052734375 0.203125
1 0.5546875 0.3349609375 0.0341796875 0.0419921875
1 0.5888671875 0.3037109375 0.046875 0.0751953125
1 0.263671875 0.357421875 0.041015625 0.05859375
0 0.474609375 0.451171875 0.037109375 0.0361328125
0 0.4248046875 0.41796875 0.0185546875 0.0302734375
1 0.5009765625 0.2802734375 0.013671875 0.0166015625
1 0.9404296875 0.634765625 0.119140625 0.2919921875
1 0.0888671875 0.466796875 0.177734375 0.244140625
1 0.744140625 0.33203125 0.037109375 0.09765625
0 0.3740234375 0.5302734375 0.0576171875 0.044921875
0 0.8662109375 0.54296875 0.095703125 0.046875
1 0.5927734375 0.27734375 0.013671875 0.02734375
0 0.412109375 0.3984375 0.0263671875 0.0302734375
0 0.443359375 0.568359375 0.0517578125 0.0361328125
0 0.2041015625 0.9501953125 0.1953125 0.0947265625
0 0.5361328125 0.5390625 0.119140625 0.0498046875
0 0.6943359375 0.44140625 0.029296875 0.02734375
1 0.869140625 0.3154296875 0.0751953125 0.0859375
1 0.701171875 0.298828125 0.0263671875 0.046875
1 0.40625 0.3447265625 0.03125 0.06640625
1 0.775390625 0.3291015625 0.033203125 0.0634765625
0 0.609375 0.3544921875 0.0283203125 0.025390625
0 0.48828125 0.3984375 0.029296875 0.01953125
2 0.3955078125 0.9736328125 0.0341796875 0.0419921875
0 0.0478515625 0.455078125 0.044921875 0.02734375
1 0.826171875 0.294921875 0.013671875 0.033203125
0 0.744140625 0.4072265625 0.03125 0.0419921875
0 0.2880859375 0.3955078125 0.0390625 0.025390625
0 0.603515625 0.525390625 0.0576171875 0.044921875
0 0.3603515625 0.3515625 0.0205078125 0.025390625
0 0.951171875 0.50390625 0.0390625 0.01953125
1 0.6279296875 0.318359375 0.025390625 0.0419921875
1 0.2431640625 0.3525390625 0.013671875 0.0224609375
0 0.3359375 0.369140625 0.021484375 0.0166015625
1 0.6552734375 0.294921875 0.013671875 0.0166015625
0 0.5810546875 0.3486328125 0.0185546875 0.01953125
1 0.0146484375 0.4931640625 0.029296875 0.046875
0 0.3935546875 0.5537109375 0.037109375 0.0087890625
0 0.3115234375 0.4638671875 0.017578125 0.0224609375
0 0.1572265625 0.4306640625 0.0234375 0.0224609375
0 0.62890625 0.4111328125 0.0390625 0.0556640625
1 0.517578125 0.28515625 0.017578125 0.0302734375
0 0.7705078125 0.294921875 0.0185546875 0.0166015625
1 0.900390625 0.31640625 0.017578125 0.02734375