1 0.5224609375 0.0986328125 0.0263671875 0.0419921875
1 0.69921875 0.0927734375 0.0234375 0.0419921875
1 0.392578125 0.1337890625 0.03125 0.0390625
1 0.59375 0.3916015625 0.2998046875 0.3447265625
1 0.40625 0.25 0.1875 0.2666015625
1 0.791015625 0.080078125 0.033203125 0.0498046875
1 0.892578125 0.27734375 0.2080078125 0.322265625
1 0.841796875 0.1025390625 0.0966796875 0.099609375
1 0.6884765625 0.130859375 0.0888671875 0.1337890625
1 0.1689453125 0.255859375 0.099609375 0.3330078125
1 0.931640625 0.1181640625 0.095703125 0.1416015625
1 0.1494140625 0.0888671875 0.033203125 0.0615234375
1 0.244140625 0.119140625 0.0751953125 0.099609375
1 0.9853515625 0.1044921875 0.029296875 0.0634765625
1 0.091796875 0.0751953125 0.0498046875 0.1162109375
1 0.494140625 0.12890625 0.048828125 0.052734375
1 0.025390625 0.35546875 0.0498046875 0.2392578125
0 0.2978515625 0.5693359375 0.080078125 0.0830078125
0 0.474609375 0.40234375 0.064453125 0.072265625
1 0.0126953125 0.177734375 0.025390625 0.078125
0 0.591796875 0.56640625 0.1953125 0.099609375
1 0.94140625 0.04296875 0.033203125 0.052734375
1 0.8857421875 0.716796875 0.224609375 0.56640625
0 0.798828125 0.2802734375 0.0498046875 0.02734375
1 0.6259765625 0.1884765625 0.0732421875 0.1220703125
0 0.5029296875 0.296875 0.037109375 0.044921875
1 0.9169921875 0.1015625 0.025390625 0.0361328125
0 0.181640625 0.244140625 0.0439453125 0.02734375
0 0.4619140625 0.2109375 0.029296875 0.033203125
0 0.123046875 0.29296875 0.03125 0.025390625
1 0.326171875 0.2197265625 0.0498046875 0.0830078125
0 0.337890625 0.29296875 0.0517578125 0.0419921875
1 0.2119140625 0.7177734375 0.408203125 0.55859375
0 0.232421875 0.19140625 0.0419921875 0.0498046875
0 0.73828125 0.380859375 0.0517578125 0.0390625
0 0.6748046875 0.1962890625 0.0185546875 0.025390625
0 0.7294921875 0.2236328125 0.052734375 0.01953125
0 0.2705078125 0.16796875 0.021484375 0.013671875
0 0.4306640625 0.3818359375 0.0517578125 0.0361328125
2 0.2919921875 0.5166015625 0.0341796875 0.044921875
0 0.41015625 0.634765625 0.0986328125 0.0693359375
1 0.5986328125 0.1181640625 0.03125 0.0634765625
1 0.166015625 0.1337890625 0.0205078125 0.0498046875