2 0.8349609375 0.9267578125 0.1669921875 0.0859375
1 0.3720703125 0.4873046875 0.146484375 0.1806640625
1 0.236328125 0.7666015625 0.453125 0.4501953125
1 0.830078125 0.48046875 0.197265625 0.2109375
1 0.537109375 0.46484375 0.1689453125 0.1865234375
1 0.693359375 0.703125 0.466796875 0.3115234375
1 0.2744140625 0.3447265625 0.0234375 0.0390625
1 0.4306640625 0.3330078125 0.0205078125 0.033203125
1 0.525390625 0.3427734375 0.0185546875 0.0302734375
1 0.705078125 0.4306640625 0.115234375 0.2333984375
1 0.4990234375 0.359375 0.0576171875 0.130859375
1 0.7294921875 0.3056640625 0.0185546875 0.033203125
1 0.892578125 0.380859375 0.046875 0.044921875
1 0.673828125 0.318359375 0.0205078125 0.0302734375
1 0.775390625 0.31640625 0.0439453125 0.072265625
1 0.5791015625 0.3291015625 0.0361328125 0.05859375
1 0.3564453125 0.3486328125 0.0439453125 0.080078125
1 0.076171875 0.513671875 0.1484375 0.27734375
1 0.1943359375 0.443359375 0.1357421875 0.2197265625
0 0.4755859375 0.48046875 0.0419921875 0.0390625
1 0.8935546875 0.3330078125 0.0625 0.06640625
1 0.9560546875 0.46484375 0.087890625 0.19140625
1 0.634765625 0.337890625 0.044921875 0.0751953125
1 0.712890625 0.3427734375 0.0185546875 0.046875
1 0.4619140625 0.349609375 0.0361328125 0.06640625
0 0.322265625 0.9599609375 0.1591796875 0.080078125
1 0.2939453125 0.412109375 0.0751953125 0.1806640625
1 0.412109375 0.37109375 0.03125 0.0751953125
0 0.9443359375 0.5732421875 0.107421875 0.05859375
1 0.048828125 0.392578125 0.041015625 0.05859375
1 0.2998046875 0.3427734375 0.025390625 0.046875
0 0.3759765625 0.580078125 0.0576171875 0.0390625
1 0.8388671875 0.3056640625 0.0185546875 0.02734375
1 0.318359375 0.3291015625 0.0185546875 0.025390625
1 0.2041015625 0.3759765625 0.044921875 0.052734375
1 0.974609375 0.3544921875 0.0498046875 0.052734375
1 0.244140625 0.390625 0.0361328125 0.05859375
0 0.4384765625 0.611328125 0.0546875 0.044921875
1 0.607421875 0.330078125 0.017578125 0.033203125
0 0.5380859375 0.5791015625 0.1201171875 0.0634765625
0 0.712890625 0.4775390625 0.0576171875 0.033203125
1 0.8115234375 0.31640625 0.017578125 0.02734375
0 0.76953125 0.443359375 0.029296875 0.0361328125
0 0.150390625 0.4384765625 0.0234375 0.0224609375
0 0.462890625 0.388671875 0.0205078125 0.0224609375
0 0.619140625 0.5634765625 0.029296875 0.0224609375
0 0.330078125 0.404296875 0.021484375 0.013671875
0 0.9736328125 0.384765625 0.046875 0.01953125
1 0.5986328125 0.3681640625 0.0185546875 0.0302734375
0 0.6064453125 0.4775390625 0.025390625 0.02734375
1 0.830078125 0.3779296875 0.0810546875 0.0888671875
0 0.611328125 0.3974609375 0.025390625 0.0166015625
0 0.798828125 0.37109375 0.0283203125 0.013671875
0 0.85546875 0.361328125 0.0205078125 0.0166015625
0 0.1845703125 0.931640625 0.115234375 0.1083984375
0 0.4375 0.4697265625 0.037109375 0.0224609375
0 0.642578125 0.423828125 0.041015625 0.0302734375
1 0.9365234375 0.3447265625 0.0263671875 0.033203125
0 0.6796875 0.4306640625 0.0185546875 0.0166015625
0 0.0263671875 0.4873046875 0.046875 0.0302734375
0 0.7861328125 0.4072265625 0.0283203125 0.025390625
1 0.1318359375 0.423828125 0.017578125 0.01953125
0 0.30078125 0.5029296875 0.0234375 0.033203125
0 0.5966796875 0.4541015625 0.0126953125 0.025390625
0 0.9384765625 0.4111328125 0.029296875 0.033203125