2 0.8349609375 0.927734375 0.1640625 0.0830078125
1 0.650390625 0.595703125 0.3671875 0.525390625
1 0.375 0.48046875 0.1376953125 0.1943359375
1 0.455078125 0.4072265625 0.09375 0.1474609375
1 0.23828125 0.7802734375 0.4580078125 0.43359375
1 0.841796875 0.4736328125 0.154296875 0.2587890625
1 0.279296875 0.3486328125 0.021484375 0.0302734375
1 0.275390625 0.4072265625 0.0859375 0.1640625
1 0.9091796875 0.3349609375 0.078125 0.080078125
1 0.1875 0.455078125 0.130859375 0.2275390625
1 0.076171875 0.513671875 0.150390625 0.2666015625
1 0.763671875 0.3212890625 0.044921875 0.0751953125
1 0.48828125 0.3427734375 0.0234375 0.0361328125
1 0.6044921875 0.3525390625 0.0498046875 0.0888671875
1 0.216796875 0.3642578125 0.0341796875 0.0615234375
1 0.9541015625 0.443359375 0.091796875 0.22265625
1 0.2998046875 0.341796875 0.025390625 0.044921875
1 0.716796875 0.3251953125 0.03125 0.033203125
2 0.51953125 0.5927734375 0.0263671875 0.046875
1 0.4619140625 0.3427734375 0.033203125 0.0693359375
1 0.5576171875 0.3681640625 0.037109375 0.05859375
0 0.3115234375 0.9638671875 0.1826171875 0.072265625
0 0.869140625 0.6025390625 0.125 0.072265625
1 0.6455078125 0.31640625 0.015625 0.033203125
1 0.6748046875 0.328125 0.03125 0.044921875
0 0.4755859375 0.482421875 0.0390625 0.0419921875
1 0.349609375 0.341796875 0.048828125 0.0556640625
1 0.51953125 0.328125 0.0263671875 0.044921875
1 0.599609375 0.318359375 0.013671875 0.025390625
1 0.1669921875 0.365234375 0.03125 0.052734375
0 0.376953125 0.576171875 0.056640625 0.046875
0 0.4072265625 0.4404296875 0.029296875 0.0361328125
1 0.818359375 0.33203125 0.068359375 0.0859375
0 0.439453125 0.6083984375 0.052734375 0.0390625
1 0.947265625 0.693359375 0.0986328125 0.296875
1 0.986328125 0.357421875 0.0263671875 0.0419921875
0 0.28515625 0.56640625 0.0732421875 0.0390625
0 0.498046875 0.4306640625 0.025390625 0.0224609375
1 0.080078125 0.4111328125 0.0498046875 0.0556640625
1 0.509765625 0.3037109375 0.013671875 0.01953125
1 0.322265625 0.341796875 0.017578125 0.02734375
0 0.3291015625 0.404296875 0.0234375 0.013671875
0 0.59375 0.400390625 0.0185546875 0.0166015625
0 0.34765625 0.3759765625 0.033203125 0.025390625
0 0.462890625 0.390625 0.0234375 0.025390625
0 0.3017578125 0.5 0.021484375 0.033203125
0 0.5361328125 0.35546875 0.015625 0.0224609375
0 0.7998046875 0.37109375 0.025390625 0.013671875
0 0.7880859375 0.3984375 0.0234375 0.0087890625
0 0.03125 0.517578125 0.0625 0.05859375
0 0.630859375 0.4287109375 0.025390625 0.046875
0 0.369140625 0.3740234375 0.017578125 0.01953125
1 0.9619140625 0.359375 0.013671875 0.01953125
1 0.8349609375 0.3154296875 0.017578125 0.025390625
0 0.5927734375 0.455078125 0.013671875 0.033203125
0 0.955078125 0.3916015625 0.0185546875 0.02734375
0 0.9404296875 0.41015625 0.056640625 0.0302734375
0 0.2373046875 0.41796875 0.0185546875 0.01953125
0 0.392578125 0.427734375 0.0126953125 0.0224609375
2 0.6123046875 0.380859375 0.0126953125 0.0224609375
1 0.849609375 0.3232421875 0.0126953125 0.0302734375
0 0.849609375 0.3642578125 0.0185546875 0.0224609375