0 0.833984375 0.923828125 0.166015625 0.080078125
1 0.69921875 0.6982421875 0.4794921875 0.341796875
1 0.712890625 0.41796875 0.138671875 0.1748046875
1 0.212890625 0.7275390625 0.408203125 0.52734375
1 0.275390625 0.3515625 0.025390625 0.0361328125
1 0.666015625 0.3154296875 0.0439453125 0.0751953125
1 0.423828125 0.41796875 0.1298828125 0.15234375
1 0.873046875 0.48046875 0.2294921875 0.255859375
1 0.494140625 0.3447265625 0.0185546875 0.033203125
1 0.712890625 0.3388671875 0.0439453125 0.072265625
1 0.591796875 0.31640625 0.017578125 0.033203125
1 0.7119140625 0.3017578125 0.013671875 0.025390625
1 0.1689453125 0.3583984375 0.037109375 0.0498046875
1 0.8154296875 0.33984375 0.072265625 0.1025390625
1 0.576171875 0.4443359375 0.177734375 0.216796875
1 0.1845703125 0.4404296875 0.1279296875 0.197265625
1 0.3173828125 0.3662109375 0.0654296875 0.10546875
1 0.8974609375 0.375 0.060546875 0.0556640625
1 0.767578125 0.322265625 0.0498046875 0.06640625
1 0.353515625 0.3447265625 0.0205078125 0.02734375
1 0.6064453125 0.3232421875 0.0185546875 0.0302734375
1 0.5048828125 0.3681640625 0.0595703125 0.119140625
1 0.92578125 0.3359375 0.033203125 0.06640625
1 0.2255859375 0.3525390625 0.0205078125 0.0390625
1 0.0244140625 0.443359375 0.048828125 0.1083984375
1 0.0869140625 0.4287109375 0.060546875 0.080078125
1 0.6259765625 0.35546875 0.044921875 0.078125
1 0.5439453125 0.3857421875 0.037109375 0.0947265625
0 0.4931640625 0.4287109375 0.033203125 0.01953125
0 0.4384765625 0.6083984375 0.0546875 0.0390625
1 0.4384765625 0.34765625 0.017578125 0.044921875
0 0.53125 0.5732421875 0.125 0.05859375
0 0.6240234375 0.5556640625 0.0673828125 0.0556640625
1 0.861328125 0.3662109375 0.03125 0.033203125
1 0.974609375 0.3642578125 0.0498046875 0.0615234375
0 0.7001953125 0.4794921875 0.0439453125 0.025390625
0 0.474609375 0.482421875 0.0498046875 0.0361328125
0 0.35546875 0.380859375 0.0263671875 0.0224609375
0 0.4013671875 0.4384765625 0.0341796875 0.0498046875
0 0.6162109375 0.392578125 0.013671875 0.01953125
1 0.251953125 0.3681640625 0.03125 0.05859375
1 0.509765625 0.3056640625 0.0126953125 0.0166015625
0 0.8798828125 0.60546875 0.0654296875 0.044921875
0 0.466796875 0.390625 0.03125 0.025390625
1 0.6806640625 0.3779296875 0.029296875 0.044921875
1 0.8759765625 0.337890625 0.0361328125 0.0419921875
0 0.775390625 0.44140625 0.0390625 0.0390625
1 0.849609375 0.3427734375 0.0185546875 0.025390625
0 0.37890625 0.5830078125 0.0517578125 0.033203125
1 0.306640625 0.5029296875 0.0751953125 0.111328125
0 0.294921875 0.5693359375 0.0546875 0.0390625
0 0.0341796875 0.5517578125 0.068359375 0.046875
1 0.400390625 0.388671875 0.03125 0.0615234375
1 0.4619140625 0.341796875 0.0234375 0.0390625
0 0.412109375 0.46484375 0.03125 0.01953125
1 0.537109375 0.3291015625 0.0205078125 0.0361328125
0 0.7880859375 0.404296875 0.0263671875 0.025390625
0 0.634765625 0.427734375 0.029296875 0.0224609375
0 0.3046875 0.392578125 0.015625 0.01953125
1 0.9013671875 0.328125 0.025390625 0.0390625
0 0.0244140625 0.599609375 0.048828125 0.0498046875
1 0.205078125 0.380859375 0.0263671875 0.033203125
0 0.7998046875 0.380859375 0.025390625 0.02734375
0 0.220703125 0.392578125 0.015625 0.025390625
1 0.9599609375 0.7001953125 0.076171875 0.2666015625