2 0.83203125 0.923828125 0.1640625 0.080078125
1 0.6689453125 0.6669921875 0.431640625 0.400390625
1 0.25 0.7666015625 0.34375 0.466796875
1 0.8779296875 0.4931640625 0.2373046875 0.23046875
1 0.3623046875 0.4931640625 0.162109375 0.1806640625
1 0.462890625 0.341796875 0.048828125 0.0947265625
1 0.556640625 0.490234375 0.15625 0.1806640625
1 0.673828125 0.3251953125 0.0185546875 0.033203125
1 0.7177734375 0.392578125 0.1201171875 0.1416015625
1 0.5029296875 0.3232421875 0.0126953125 0.01953125
1 0.2314453125 0.3525390625 0.025390625 0.0390625
1 0.080078125 0.515625 0.1513671875 0.2587890625
1 0.7353515625 0.3154296875 0.017578125 0.0302734375
1 0.1923828125 0.4462890625 0.125 0.2138671875
1 0.8876953125 0.37109375 0.056640625 0.0634765625
1 0.6455078125 0.318359375 0.0185546875 0.0361328125
1 0.494140625 0.341796875 0.025390625 0.033203125
1 0.71875 0.3232421875 0.0185546875 0.0302734375
1 0.3154296875 0.37890625 0.0654296875 0.125
1 0.623046875 0.345703125 0.056640625 0.0751953125
1 0.7626953125 0.3232421875 0.0498046875 0.080078125
1 0.818359375 0.330078125 0.0625 0.0888671875
1 0.4130859375 0.365234375 0.064453125 0.1083984375
1 0.279296875 0.35546875 0.0205078125 0.02734375
0 0.408203125 0.4404296875 0.025390625 0.0419921875
1 0.443359375 0.330078125 0.0185546875 0.02734375
1 0.5830078125 0.328125 0.0341796875 0.0615234375
1 0.693359375 0.341796875 0.03125 0.0615234375
1 0.849609375 0.341796875 0.0205078125 0.02734375
1 0.056640625 0.39453125 0.0517578125 0.06640625
0 0.3759765625 0.94140625 0.1142578125 0.1162109375
0 0.37890625 0.5791015625 0.0673828125 0.0361328125
0 0.439453125 0.6083984375 0.052734375 0.0390625
1 0.9775390625 0.353515625 0.044921875 0.046875
1 0.1943359375 0.3720703125 0.0390625 0.0556640625
1 0.931640625 0.3427734375 0.0439453125 0.080078125
1 0.3310546875 0.3291015625 0.0126953125 0.0302734375
1 0.5224609375 0.345703125 0.0390625 0.0859375
0 0.4873046875 0.5859375 0.0498046875 0.0556640625
0 0.8935546875 0.6025390625 0.068359375 0.0498046875
1 0.8955078125 0.3193359375 0.0283203125 0.0498046875
0 0.642578125 0.421875 0.046875 0.0166015625
1 0.681640625 0.4541015625 0.060546875 0.0361328125
0 0.478515625 0.482421875 0.044921875 0.0361328125
1 0.9560546875 0.7001953125 0.0810546875 0.283203125
0 0.775390625 0.443359375 0.056640625 0.0361328125
1 0.2412109375 0.3916015625 0.029296875 0.044921875
0 0.32421875 0.404296875 0.029296875 0.013671875
0 0.283203125 0.4287109375 0.037109375 0.01953125
2 0.5419921875 0.591796875 0.068359375 0.044921875
0 0.201171875 0.490234375 0.0517578125 0.025390625
1 0.8740234375 0.3388671875 0.0263671875 0.0390625
2 0.4306640625 0.4677734375 0.0205078125 0.01953125
0 0.6064453125 0.3974609375 0.025390625 0.0166015625
1 0.8310546875 0.3125 0.0185546875 0.01953125
0 0.1865234375 0.455078125 0.0732421875 0.033203125
0 0.798828125 0.37890625 0.0205078125 0.013671875
0 0.3486328125 0.37890625 0.021484375 0.025390625
0 0.5888671875 0.380859375 0.025390625 0.0224609375
2 0.787109375 0.412109375 0.033203125 0.0302734375
0 0.25 0.419921875 0.03125 0.0224609375
0 0.0419921875 0.544921875 0.083984375 0.0498046875
0 0.505859375 0.48046875 0.0205078125 0.02734375
1 0.2197265625 0.3857421875 0.017578125 0.033203125
1 0.9892578125 0.4501953125 0.0185546875 0.0830078125
1 0.26171875 0.369140625 0.013671875 0.033203125
0 0.380859375 0.40234375 0.013671875 0.0224609375
0 0.75390625 0.4794921875 0.060546875 0.046875