2 0.8349609375 0.923828125 0.1640625 0.080078125
1 0.6904296875 0.6943359375 0.4560546875 0.3330078125
1 0.0576171875 0.630859375 0.115234375 0.5224609375
1 0.2626953125 0.6787109375 0.337890625 0.6083984375
1 0.8330078125 0.48046875 0.1904296875 0.22265625
1 0.384765625 0.4892578125 0.125 0.177734375
1 0.9560546875 0.4541015625 0.087890625 0.2080078125
1 0.73046875 0.31640625 0.0205078125 0.02734375
1 0.7607421875 0.3115234375 0.046875 0.0947265625
1 0.537109375 0.466796875 0.162109375 0.2001953125
1 0.70703125 0.3427734375 0.0419921875 0.0751953125
1 0.2802734375 0.349609375 0.0205078125 0.033203125
1 0.36328125 0.3447265625 0.0390625 0.078125
1 0.6044921875 0.341796875 0.0439453125 0.078125
1 0.556640625 0.35546875 0.037109375 0.044921875
1 0.529296875 0.341796875 0.015625 0.0390625
1 0.8818359375 0.3779296875 0.0546875 0.044921875
1 0.4638671875 0.3447265625 0.0283203125 0.0615234375
1 0.306640625 0.3955078125 0.068359375 0.1474609375
1 0.8173828125 0.341796875 0.0810546875 0.10546875
1 0.2158203125 0.3583984375 0.025390625 0.033203125
1 0.244140625 0.375 0.037109375 0.0556640625
1 0.9560546875 0.6806640625 0.087890625 0.3115234375
1 0.48828125 0.3427734375 0.0205078125 0.0302734375
1 0.6435546875 0.318359375 0.0185546875 0.0361328125
0 0.875 0.595703125 0.099609375 0.0634765625
0 0.4755859375 0.482421875 0.0419921875 0.0419921875
1 0.1630859375 0.365234375 0.0546875 0.0693359375
0 0.3115234375 0.9599609375 0.185546875 0.080078125
1 0.4052734375 0.3837890625 0.0419921875 0.0888671875
1 0.9228515625 0.3515625 0.044921875 0.0751953125
1 0.6259765625 0.359375 0.0205078125 0.0302734375
1 0.9736328125 0.3544921875 0.0498046875 0.05859375
0 0.4384765625 0.611328125 0.0517578125 0.044921875
1 0.3349609375 0.35546875 0.0234375 0.0390625
1 0.04296875 0.4052734375 0.048828125 0.072265625
0 0.4189453125 0.453125 0.0185546875 0.033203125
0 0.376953125 0.5693359375 0.0625 0.0498046875
0 0.716796875 0.4736328125 0.056640625 0.0302734375
0 0.7734375 0.44140625 0.03125 0.02734375
0 0.619140625 0.55859375 0.033203125 0.0166015625
0 0.037109375 0.5458984375 0.07421875 0.056640625
0 0.326171875 0.404296875 0.025390625 0.013671875
0 0.609375 0.390625 0.021484375 0.025390625
0 0.9482421875 0.5595703125 0.072265625 0.0302734375
0 0.6435546875 0.4306640625 0.037109375 0.0224609375
0 0.5009765625 0.4306640625 0.017578125 0.0224609375
0 0.96875 0.3857421875 0.0439453125 0.0166015625
0 0.61328125 0.4794921875 0.033203125 0.025390625
1 0.2626953125 0.35546875 0.0185546875 0.033203125
2 0.54296875 0.5927734375 0.0732421875 0.046875
1 0.8974609375 0.3251953125 0.0263671875 0.044921875
1 0.6689453125 0.3291015625 0.03125 0.052734375
0 0.46875 0.37890625 0.0126953125 0.013671875
0 0.802734375 0.380859375 0.025390625 0.0224609375
0 0.8544921875 0.361328125 0.0185546875 0.0166015625
0 0.455078125 0.4736328125 0.021484375 0.01953125
0 0.296875 0.921875 0.056640625 0.044921875
0 0.7841796875 0.4111328125 0.0283203125 0.033203125
0 0.455078125 0.27734375 0.013671875 0.0107421875
0 0.9404296875 0.412109375 0.0283203125 0.0302734375
0 0.4306640625 0.466796875 0.013671875 0.0166015625