2 0.8349609375 0.9267578125 0.1640625 0.0859375
1 0.2470703125 0.7392578125 0.427734375 0.4384765625
1 0.8515625 0.462890625 0.240234375 0.2587890625
1 0.701171875 0.4384765625 0.1201171875 0.2001953125
1 0.705078125 0.6943359375 0.4736328125 0.322265625
1 0.6474609375 0.318359375 0.017578125 0.025390625
1 0.3642578125 0.4912109375 0.166015625 0.1669921875
1 0.5361328125 0.4794921875 0.166015625 0.1748046875
1 0.4892578125 0.3447265625 0.021484375 0.0390625
1 0.8193359375 0.33203125 0.0576171875 0.0859375
1 0.4619140625 0.35546875 0.044921875 0.0830078125
1 0.599609375 0.3427734375 0.0439453125 0.0751953125
1 0.197265625 0.4462890625 0.1171875 0.2080078125
1 0.7685546875 0.3427734375 0.0498046875 0.1025390625
1 0.8984375 0.3427734375 0.056640625 0.091796875
1 0.3369140625 0.3427734375 0.0263671875 0.052734375
1 0.232421875 0.3662109375 0.0361328125 0.06640625
1 0.162109375 0.35546875 0.037109375 0.033203125
1 0.2802734375 0.4052734375 0.076171875 0.216796875
1 0.736328125 0.31640625 0.0185546875 0.033203125
1 0.5048828125 0.330078125 0.0126953125 0.0390625
1 0.07421875 0.490234375 0.1455078125 0.236328125
1 0.310546875 0.3427734375 0.0361328125 0.05859375
1 0.0166015625 0.3837890625 0.033203125 0.0390625
0 0.8740234375 0.609375 0.1171875 0.1083984375
1 0.712890625 0.341796875 0.029296875 0.0556640625
1 0.5625 0.37890625 0.037109375 0.0634765625
0 0.380859375 0.580078125 0.0751953125 0.0390625
1 0.9736328125 0.3505859375 0.052734375 0.064453125
1 0.935546875 0.3447265625 0.03125 0.044921875
0 0.439453125 0.607421875 0.052734375 0.0419921875
0 0.4755859375 0.48046875 0.048828125 0.0390625
1 0.955078125 0.66796875 0.0888671875 0.330078125
0 0.5625 0.5732421875 0.162109375 0.05859375
0 0.701171875 0.4775390625 0.048828125 0.033203125
0 0.40625 0.4267578125 0.025390625 0.025390625
1 0.1953125 0.3779296875 0.03125 0.02734375
1 0.3623046875 0.3486328125 0.0185546875 0.0302734375
0 0.486328125 0.4306640625 0.029296875 0.0224609375
1 0.65625 0.341796875 0.0185546875 0.02734375
1 0.67578125 0.3291015625 0.0205078125 0.0302734375
1 0.681640625 0.369140625 0.03125 0.0498046875
1 0.6328125 0.3662109375 0.025390625 0.02734375
0 0.2421875 0.41796875 0.03125 0.01953125
0 0.5888671875 0.37890625 0.0185546875 0.013671875
0 0.6044921875 0.3974609375 0.025390625 0.0166015625
0 0.6416015625 0.427734375 0.0390625 0.0166015625
0 0.201171875 0.4912109375 0.0517578125 0.02734375
1 0.59375 0.3212890625 0.0126953125 0.025390625
0 0.798828125 0.380859375 0.025390625 0.0166015625
0 0.615234375 0.48046875 0.037109375 0.033203125
0 0.2998046875 0.4990234375 0.0185546875 0.01953125
0 0.4189453125 0.4541015625 0.0185546875 0.0361328125
0 0.1455078125 0.4365234375 0.021484375 0.0166015625
1 0.59375 0.357421875 0.0126953125 0.025390625
0 0.2880859375 0.427734375 0.0263671875 0.0166015625
1 0.541015625 0.349609375 0.0185546875 0.033203125
1 0.279296875 0.3525390625 0.015625 0.02734375
0 0.931640625 0.56640625 0.056640625 0.02734375