2 0.8359375 0.923828125 0.166015625 0.080078125
1 0.673828125 0.66796875 0.443359375 0.3974609375
1 0.4609375 0.34765625 0.052734375 0.0947265625
1 0.36328125 0.4931640625 0.173828125 0.1806640625
1 0.505859375 0.326171875 0.0107421875 0.025390625
1 0.7060546875 0.4072265625 0.119140625 0.19140625
1 0.7265625 0.3056640625 0.021484375 0.02734375
1 0.638671875 0.318359375 0.0205078125 0.025390625
1 0.2666015625 0.40234375 0.0732421875 0.1162109375
1 0.767578125 0.330078125 0.048828125 0.0947265625
1 0.2548828125 0.791015625 0.326171875 0.41796875
1 0.076171875 0.6240234375 0.15234375 0.556640625
1 0.509765625 0.3818359375 0.078125 0.1416015625
1 0.7060546875 0.3330078125 0.0439453125 0.06640625
1 0.2314453125 0.365234375 0.03125 0.05859375
1 0.318359375 0.3623046875 0.056640625 0.080078125
1 0.494140625 0.3427734375 0.0185546875 0.0302734375
1 0.88671875 0.328125 0.0517578125 0.072265625
1 0.2802734375 0.3544921875 0.0263671875 0.0302734375
1 0.587890625 0.3291015625 0.03125 0.05859375
1 0.8193359375 0.33203125 0.064453125 0.0859375
0 0.478515625 0.48046875 0.0439453125 0.0390625
1 0.95703125 0.4462890625 0.080078125 0.2080078125
0 0.880859375 0.5927734375 0.125 0.0859375
0 0.40625 0.427734375 0.025390625 0.0224609375
1 0.298828125 0.3291015625 0.017578125 0.025390625
0 0.5439453125 0.5751953125 0.1123046875 0.0498046875
1 0.6572265625 0.3154296875 0.0205078125 0.0419921875
0 0.4384765625 0.607421875 0.0546875 0.0419921875
1 0.923828125 0.3525390625 0.046875 0.072265625
0 0.6923828125 0.4736328125 0.0439453125 0.0302734375
0 0.3798828125 0.5791015625 0.072265625 0.0361328125
0 0.48828125 0.4287109375 0.0361328125 0.01953125
1 0.978515625 0.357421875 0.0419921875 0.046875
0 0.421875 0.455078125 0.0341796875 0.0390625
1 0.61328125 0.361328125 0.0263671875 0.033203125
1 0.189453125 0.369140625 0.03125 0.0498046875
1 0.95703125 0.7109375 0.0830078125 0.255859375
0 0.294921875 0.5732421875 0.0517578125 0.0419921875
1 0.6357421875 0.3447265625 0.03125 0.0498046875
0 0.6103515625 0.39453125 0.029296875 0.0166015625
1 0.8505859375 0.341796875 0.0205078125 0.033203125
0 0.837890625 0.3759765625 0.0234375 0.013671875
0 0.64453125 0.423828125 0.029296875 0.01953125
0 0.185546875 0.466796875 0.0830078125 0.0615234375
1 0.8125 0.3154296875 0.0126953125 0.025390625
1 0.6630859375 0.3720703125 0.0263671875 0.044921875
1 0.3623046875 0.3544921875 0.0126953125 0.01953125
0 0.3505859375 0.380859375 0.017578125 0.0166015625
1 0.5693359375 0.3779296875 0.0361328125 0.0615234375
1 0.517578125 0.3056640625 0.0205078125 0.0224609375
0 0.287109375 0.4306640625 0.033203125 0.0224609375
1 0.263671875 0.369140625 0.013671875 0.033203125
0 0.2177734375 0.39453125 0.013671875 0.0166015625
0 0.25 0.41796875 0.03125 0.01953125
0 0.45703125 0.3916015625 0.029296875 0.0166015625
0 0.587890625 0.4609375 0.03125 0.044921875
0 0.8193359375 0.3681640625 0.0234375 0.01953125
1 0.767578125 0.3291015625 0.013671875 0.025390625
1 0.84375 0.3154296875 0.0126953125 0.025390625
0 0.4482421875 0.4697265625 0.0283203125 0.0224609375