2 0.833984375 0.9267578125 0.166015625 0.0859375
1 0.669921875 0.640625 0.439453125 0.453125
1 0.728515625 0.3056640625 0.0185546875 0.02734375
1 0.6474609375 0.31640625 0.017578125 0.033203125
1 0.4619140625 0.33203125 0.0546875 0.1025390625
1 0.0751953125 0.58203125 0.150390625 0.4365234375
1 0.400390625 0.4794921875 0.1064453125 0.1865234375
1 0.2119140625 0.3486328125 0.029296875 0.0419921875
1 0.1796875 0.380859375 0.09375 0.1279296875
1 0.7685546875 0.31640625 0.0439453125 0.0830078125
1 0.701171875 0.3720703125 0.0625 0.0947265625
1 0.6923828125 0.2890625 0.037109375 0.099609375
1 0.94921875 0.4501953125 0.1015625 0.255859375
1 0.5673828125 0.404296875 0.1064453125 0.15234375
1 0.279296875 0.3427734375 0.0234375 0.0419921875
1 0.900390625 0.3232421875 0.0517578125 0.0693359375
1 0.0244140625 0.3818359375 0.0419921875 0.0419921875
1 0.4873046875 0.341796875 0.0185546875 0.033203125
0 0.205078125 0.9287109375 0.2294921875 0.1357421875
1 0.5029296875 0.330078125 0.015625 0.033203125
1 0.830078125 0.3359375 0.060546875 0.0830078125
1 0.421875 0.35546875 0.0498046875 0.0947265625
1 0.341796875 0.328125 0.0234375 0.044921875
0 0.478515625 0.482421875 0.0419921875 0.0361328125
1 0.248046875 0.3662109375 0.0263671875 0.033203125
1 0.298828125 0.3359375 0.0107421875 0.02734375
0 0.9375 0.580078125 0.1123046875 0.0498046875
1 0.244140625 0.515625 0.099609375 0.2919921875
0 0.4375 0.6083984375 0.056640625 0.0390625
1 0.9609375 0.716796875 0.078125 0.25
0 0.51953125 0.58203125 0.076171875 0.05859375
0 0.392578125 0.927734375 0.15625 0.138671875
1 0.826171875 0.3115234375 0.013671875 0.033203125
1 0.59765625 0.3056640625 0.017578125 0.02734375
1 0.3642578125 0.3525390625 0.015625 0.02734375
1 0.6044921875 0.3427734375 0.0185546875 0.0419921875
1 0.029296875 0.4541015625 0.0576171875 0.1083984375
0 0.4248046875 0.46484375 0.03125 0.0302734375
0 0.4111328125 0.4306640625 0.0185546875 0.0224609375
1 0.3359375 0.4609375 0.037109375 0.06640625
0 0.623046875 0.4248046875 0.0263671875 0.0166015625
0 0.1865234375 0.4677734375 0.076171875 0.05859375
0 0.466796875 0.390625 0.0283203125 0.025390625
0 0.330078125 0.404296875 0.03125 0.013671875
0 0.794921875 0.3779296875 0.0263671875 0.0107421875
0 0.044921875 0.59375 0.08984375 0.06640625
0 0.587890625 0.3818359375 0.0205078125 0.025390625
1 0.623046875 0.380859375 0.0205078125 0.0390625
1 0.263671875 0.359375 0.017578125 0.0302734375
1 0.3125 0.37890625 0.03125 0.0302734375
0 0.041015625 0.544921875 0.0810546875 0.0498046875
0 0.48828125 0.4287109375 0.013671875 0.01953125
0 0.76953125 0.44140625 0.029296875 0.033203125
0 0.349609375 0.380859375 0.0185546875 0.0224609375
1 0.3486328125 0.3544921875 0.0185546875 0.0302734375
2 0.8251953125 0.5537109375 0.0625 0.025390625
0 0.5927734375 0.4482421875 0.013671875 0.01953125
0 0.4111328125 0.576171875 0.025390625 0.025390625