2 0.833984375 0.923828125 0.166015625 0.080078125
1 0.3798828125 0.490234375 0.134765625 0.169921875
1 0.2626953125 0.7294921875 0.3623046875 0.4697265625
1 0.685546875 0.69140625 0.4482421875 0.3447265625
1 0.5517578125 0.466796875 0.146484375 0.177734375
1 0.4560546875 0.3427734375 0.056640625 0.1025390625
1 0.662109375 0.318359375 0.0185546875 0.0419921875
1 0.3046875 0.3427734375 0.041015625 0.05859375
1 0.193359375 0.4169921875 0.111328125 0.1669921875
1 0.853515625 0.4765625 0.220703125 0.2138671875
1 0.7060546875 0.427734375 0.1435546875 0.2109375
1 0.716796875 0.3359375 0.0263671875 0.044921875
1 0.556640625 0.361328125 0.0361328125 0.044921875
1 0.5 0.328125 0.0126953125 0.02734375
0 0.4794921875 0.482421875 0.0439453125 0.0361328125
1 0.08203125 0.5126953125 0.1611328125 0.26953125
1 0.603515625 0.349609375 0.0439453125 0.0830078125
1 0.228515625 0.369140625 0.0263671875 0.0498046875
1 0.642578125 0.3232421875 0.0205078125 0.05859375
0 0.1552734375 0.9375 0.2861328125 0.119140625
1 0.353515625 0.3427734375 0.0283203125 0.0419921875
1 0.2568359375 0.3876953125 0.048828125 0.0751953125
0 0.888671875 0.5927734375 0.1279296875 0.0693359375
1 0.89453125 0.33984375 0.091796875 0.0751953125
1 0.810546875 0.3427734375 0.0673828125 0.091796875
1 0.2802734375 0.349609375 0.017578125 0.033203125
1 0.4873046875 0.3427734375 0.0185546875 0.0302734375
1 0.8369140625 0.318359375 0.017578125 0.0302734375
1 0.9755859375 0.3544921875 0.044921875 0.052734375
0 0.4384765625 0.607421875 0.0546875 0.0419921875
1 0.8984375 0.3681640625 0.03125 0.025390625
0 0.517578125 0.576171875 0.064453125 0.052734375
0 0.576171875 0.5595703125 0.0703125 0.05859375
0 0.38671875 0.580078125 0.0419921875 0.033203125
0 0.712890625 0.470703125 0.056640625 0.0361328125
1 0.6982421875 0.349609375 0.021484375 0.033203125
0 0.4853515625 0.4287109375 0.033203125 0.01953125
0 0.466796875 0.3857421875 0.0263671875 0.0166015625
1 0.525390625 0.349609375 0.03125 0.06640625
1 0.763671875 0.3095703125 0.021484375 0.0419921875
0 0.2919921875 0.4306640625 0.021484375 0.0166015625
0 0.634765625 0.419921875 0.0517578125 0.02734375
1 0.9580078125 0.66796875 0.083984375 0.3359375
0 0.3232421875 0.4052734375 0.0283203125 0.0166015625
0 0.412109375 0.4287109375 0.017578125 0.025390625
0 0.3125 0.3681640625 0.0185546875 0.01953125
0 0.7841796875 0.39453125 0.021484375 0.0224609375
1 0.1484375 0.41796875 0.0185546875 0.0419921875
1 0.435546875 0.3359375 0.017578125 0.033203125
1 0.943359375 0.3544921875 0.025390625 0.0361328125
0 0.041015625 0.5439453125 0.08203125 0.048828125
0 0.037109375 0.59765625 0.07421875 0.05859375
1 0.5966796875 0.31640625 0.0126953125 0.0224609375
0 0.4375 0.4677734375 0.037109375 0.025390625
0 0.5927734375 0.4541015625 0.013671875 0.025390625
0 0.798828125 0.3759765625 0.0234375 0.013671875
0 0.61328125 0.5654296875 0.0234375 0.0302734375
0 0.2822265625 0.3740234375 0.029296875 0.0302734375
1 0.625 0.328125 0.025390625 0.033203125
0 0.611328125 0.4736328125 0.0205078125 0.01953125
0 0.1357421875 0.462890625 0.0283203125 0.01953125
1 0.8056640625 0.3193359375 0.017578125 0.0224609375