1 0.5205078125 0.1015625 0.0283203125 0.046875
1 0.400390625 0.130859375 0.037109375 0.033203125
1 0.11328125 0.09765625 0.033203125 0.0556640625
1 0.298828125 0.3984375 0.1982421875 0.3193359375
1 0.7001953125 0.0927734375 0.025390625 0.0361328125
1 0.0791015625 0.1806640625 0.1298828125 0.205078125
1 0.6474609375 0.2529296875 0.2109375 0.2392578125
1 0.150390625 0.091796875 0.029296875 0.044921875
1 0.892578125 0.2724609375 0.2080078125 0.31640625
1 0.498046875 0.1357421875 0.0390625 0.06640625
1 0.3369140625 0.19140625 0.0703125 0.150390625
1 0.8427734375 0.1025390625 0.0986328125 0.099609375
1 0.7919921875 0.080078125 0.03125 0.0498046875
1 0.443359375 0.14453125 0.060546875 0.1337890625
1 0.2626953125 0.12890625 0.0439453125 0.125
0 0.306640625 0.5751953125 0.0625 0.0830078125
1 0.8876953125 0.71875 0.216796875 0.5625
1 0.1748046875 0.205078125 0.087890625 0.25
0 0.5927734375 0.56640625 0.1982421875 0.10546875
1 0.01171875 0.169921875 0.0234375 0.072265625
0 0.796875 0.279296875 0.056640625 0.0302734375
0 0.5009765625 0.298828125 0.0390625 0.0419921875
0 0.3427734375 0.29296875 0.044921875 0.0419921875
1 0.23046875 0.1357421875 0.0419921875 0.0556640625
0 0.474609375 0.3984375 0.068359375 0.0693359375
1 0.962890625 0.1083984375 0.0498046875 0.0498046875
0 0.4580078125 0.212890625 0.03125 0.0302734375
0 0.73046875 0.224609375 0.048828125 0.0166015625
1 0.916015625 0.1416015625 0.0625 0.099609375
0 0.361328125 0.33984375 0.0439453125 0.0634765625
0 0.7412109375 0.380859375 0.048828125 0.0390625
1 0.6630859375 0.1162109375 0.0576171875 0.0830078125
0 0.6748046875 0.1982421875 0.0185546875 0.0302734375
1 0.0126953125 0.302734375 0.025390625 0.0947265625
0 0.4287109375 0.390625 0.044921875 0.0419921875
0 0.693359375 0.341796875 0.03125 0.0498046875
0 0.408203125 0.634765625 0.099609375 0.0693359375
0 0.125 0.29296875 0.037109375 0.025390625
0 0.1806640625 0.24609375 0.044921875 0.025390625
1 0.9541015625 0.0625 0.0576171875 0.0693359375
1 0.763671875 0.171875 0.046875 0.0556640625
0 0.236328125 0.1943359375 0.029296875 0.033203125
1 0.166015625 0.1416015625 0.0234375 0.0615234375
0 0.619140625 0.130859375 0.0234375 0.033203125
0 0.8779296875 0.16796875 0.021484375 0.046875
1 0.9853515625 0.4453125 0.029296875 0.140625
1 0.5966796875 0.119140625 0.037109375 0.06640625