2 0.8349609375 0.9267578125 0.1640625 0.0859375
1 0.66015625 0.6376953125 0.4013671875 0.44140625
1 0.455078125 0.4169921875 0.099609375 0.1552734375
1 0.23828125 0.779296875 0.4580078125 0.4365234375
1 0.841796875 0.455078125 0.1533203125 0.216796875
1 0.9072265625 0.3359375 0.080078125 0.0830078125
1 0.732421875 0.3232421875 0.0205078125 0.0419921875
1 0.955078125 0.453125 0.0888671875 0.2333984375
1 0.1884765625 0.4443359375 0.126953125 0.2392578125
1 0.0791015625 0.53515625 0.154296875 0.3193359375
1 0.2763671875 0.3427734375 0.0283203125 0.0634765625
0 0.3134765625 0.9638671875 0.173828125 0.072265625
1 0.3134765625 0.4072265625 0.0576171875 0.1640625
1 0.681640625 0.4052734375 0.087890625 0.14453125
1 0.591796875 0.33984375 0.0439453125 0.0751953125
0 0.8623046875 0.6025390625 0.119140625 0.078125
1 0.6630859375 0.3291015625 0.0361328125 0.0634765625
1 0.767578125 0.3251953125 0.0498046875 0.06640625
1 0.0498046875 0.392578125 0.0439453125 0.052734375
1 0.7431640625 0.3818359375 0.0517578125 0.0859375
1 0.560546875 0.3681640625 0.0390625 0.0634765625
1 0.7119140625 0.35546875 0.0263671875 0.0498046875
0 0.4755859375 0.482421875 0.0419921875 0.0419921875
1 0.8388671875 0.3037109375 0.0185546875 0.0302734375
1 0.212890625 0.35546875 0.029296875 0.044921875
1 0.525390625 0.3359375 0.0185546875 0.044921875
1 0.3017578125 0.3291015625 0.015625 0.025390625
0 0.408203125 0.4404296875 0.025390625 0.0361328125
1 0.451171875 0.341796875 0.0283203125 0.0556640625
0 0.525390625 0.578125 0.095703125 0.06640625
1 0.8173828125 0.3359375 0.068359375 0.0830078125
0 0.439453125 0.607421875 0.052734375 0.0419921875
1 0.3623046875 0.3427734375 0.025390625 0.046875
1 0.482421875 0.3330078125 0.029296875 0.0498046875
0 0.498046875 0.4306640625 0.0234375 0.0224609375
1 0.9482421875 0.693359375 0.0966796875 0.296875
0 0.2880859375 0.56640625 0.0673828125 0.033203125
1 0.08203125 0.4052734375 0.0390625 0.0498046875
0 0.326171875 0.404296875 0.0263671875 0.013671875
1 0.341796875 0.349609375 0.0185546875 0.033203125
0 0.376953125 0.572265625 0.056640625 0.044921875
0 0.46875 0.390625 0.0185546875 0.025390625
0 0.6103515625 0.390625 0.017578125 0.025390625
0 0.3544921875 0.380859375 0.021484375 0.0166015625
1 0.6240234375 0.3681640625 0.0205078125 0.0302734375
1 0.642578125 0.3232421875 0.017578125 0.0302734375
0 0.798828125 0.37109375 0.0283203125 0.013671875
0 0.185546875 0.9287109375 0.1201171875 0.09765625
1 0.853515625 0.3349609375 0.0234375 0.0419921875
0 0.3017578125 0.5 0.021484375 0.033203125
0 0.6484375 0.4169921875 0.041015625 0.033203125
1 0.609375 0.3359375 0.015625 0.02734375
0 0.8505859375 0.369140625 0.0234375 0.0166015625
1 0.9375 0.328125 0.0185546875 0.0390625
0 0.7841796875 0.404296875 0.0283203125 0.025390625
0 0.5927734375 0.455078125 0.013671875 0.033203125
0 0.03125 0.5166015625 0.0625 0.0615234375
0 0.9619140625 0.3544921875 0.0263671875 0.025390625
0 0.125 0.453125 0.025390625 0.0224609375
0 0.5947265625 0.400390625 0.013671875 0.0166015625
0 0.6103515625 0.4794921875 0.0205078125 0.025390625
2 0.630859375 0.4775390625 0.0126953125 0.0224609375
0 0.9541015625 0.3916015625 0.017578125 0.02734375
1 0.255859375 0.392578125 0.025390625 0.0361328125