2 0.8349609375 0.9267578125 0.1669921875 0.0859375
1 0.6923828125 0.6806640625 0.478515625 0.3662109375
1 0.455078125 0.3818359375 0.0751953125 0.1748046875
1 0.529296875 0.4609375 0.125 0.1943359375
1 0.51171875 0.3359375 0.0517578125 0.0830078125
1 0.943359375 0.4306640625 0.1123046875 0.2666015625
1 0.6142578125 0.3486328125 0.0654296875 0.119140625
1 0.712890625 0.2900390625 0.064453125 0.125
1 0.67578125 0.41796875 0.1201171875 0.224609375
1 0.826171875 0.275390625 0.0732421875 0.1162109375
1 0.8310546875 0.4306640625 0.1689453125 0.244140625
1 0.5556640625 0.2666015625 0.048828125 0.14453125
1 0.400390625 0.60546875 0.1142578125 0.505859375
1 0.650390625 0.3154296875 0.013671875 0.0302734375
1 0.912109375 0.3193359375 0.03125 0.072265625
1 0.3916015625 0.265625 0.0361328125 0.052734375
1 0.1982421875 0.455078125 0.125 0.283203125
0 0.900390625 0.580078125 0.158203125 0.10546875
1 0.2373046875 0.361328125 0.03125 0.06640625
1 0.7744140625 0.330078125 0.048828125 0.078125
0 0.2001953125 0.9306640625 0.25 0.1337890625
0 0.380859375 0.9384765625 0.1298828125 0.1220703125
0 0.560546875 0.56640625 0.0986328125 0.044921875
1 0.3076171875 0.3662109375 0.1279296875 0.400390625
1 0.455078125 0.294921875 0.0205078125 0.0390625
0 0.46875 0.4794921875 0.03125 0.046875
1 0.26171875 0.2490234375 0.0107421875 0.01953125
1 0.0791015625 0.5927734375 0.154296875 0.80859375
1 0.60546875 0.306640625 0.0205078125 0.0361328125
1 0.109375 0.4287109375 0.0654296875 0.0751953125
0 0.619140625 0.4765625 0.037109375 0.025390625
1 0.744140625 0.24609375 0.025390625 0.0361328125
1 0.5546875 0.3837890625 0.0341796875 0.0615234375
1 0.669921875 0.31640625 0.029296875 0.0498046875
0 0.7041015625 0.4736328125 0.048828125 0.0302734375
0 0.7568359375 0.447265625 0.0390625 0.033203125
1 0.9716796875 0.306640625 0.0341796875 0.052734375
0 0.353515625 0.369140625 0.0341796875 0.0498046875
0 0.2978515625 0.5751953125 0.0517578125 0.0498046875
0 0.5830078125 0.46484375 0.0341796875 0.0419921875
1 0.158203125 0.423828125 0.041015625 0.0693359375
1 0.734375 0.3544921875 0.03125 0.046875
0 0.63671875 0.4287109375 0.029296875 0.01953125
0 0.9140625 0.41015625 0.025390625 0.01953125
1 0.3408203125 0.25390625 0.021484375 0.046875
0 0.392578125 0.328125 0.044921875 0.0830078125
0 0.251953125 0.408203125 0.021484375 0.0166015625
0 0.609375 0.390625 0.015625 0.025390625
1 0.494140625 0.2529296875 0.0185546875 0.02734375
0 0.443359375 0.6240234375 0.0517578125 0.01953125
0 0.931640625 0.35546875 0.025390625 0.02734375
0 0.8984375 0.4541015625 0.021484375 0.01953125
0 0.138671875 0.6552734375 0.0654296875 0.0830078125