2 0.8349609375 0.923828125 0.1640625 0.080078125
1 0.693359375 0.6884765625 0.4794921875 0.349609375
1 0.2236328125 0.7509765625 0.427734375 0.486328125
1 0.4609375 0.3349609375 0.052734375 0.091796875
1 0.435546875 0.3193359375 0.021484375 0.0390625
1 0.3505859375 0.337890625 0.013671875 0.0302734375
1 0.361328125 0.5 0.1689453125 0.18359375
1 0.556640625 0.455078125 0.130859375 0.18359375
1 0.0625 0.4775390625 0.119140625 0.2001953125
1 0.8671875 0.48046875 0.234375 0.244140625
1 0.56640625 0.3681640625 0.0361328125 0.052734375
1 0.19921875 0.447265625 0.1513671875 0.1943359375
1 0.314453125 0.37109375 0.072265625 0.1083984375
1 0.6982421875 0.4208984375 0.103515625 0.1640625
1 0.8037109375 0.3427734375 0.0517578125 0.1083984375
0 0.478515625 0.482421875 0.044921875 0.0419921875
1 0.505859375 0.3662109375 0.060546875 0.1162109375
1 0.716796875 0.3486328125 0.029296875 0.05859375
1 0.6240234375 0.341796875 0.048828125 0.078125
1 0.2353515625 0.3515625 0.0263671875 0.0634765625
1 0.279296875 0.33984375 0.0263671875 0.0634765625
1 0.892578125 0.341796875 0.052734375 0.111328125
1 0.673828125 0.318359375 0.025390625 0.046875
1 0.9755859375 0.408203125 0.048828125 0.1884765625
1 0.5966796875 0.3056640625 0.015625 0.02734375
0 0.4384765625 0.607421875 0.0546875 0.0419921875
0 0.5576171875 0.56640625 0.150390625 0.0615234375
0 0.884765625 0.5927734375 0.091796875 0.0693359375
0 0.404296875 0.4365234375 0.0341796875 0.044921875
1 0.92578125 0.3486328125 0.0361328125 0.05859375
0 0.373046875 0.58984375 0.0673828125 0.0302734375
1 0.583984375 0.3291015625 0.025390625 0.0693359375
1 0.369140625 0.3662109375 0.0185546875 0.0498046875
0 0.6982421875 0.48046875 0.0439453125 0.02734375
0 0.4638671875 0.390625 0.0283203125 0.025390625
1 0.755859375 0.3349609375 0.03125 0.0419921875
0 0.775390625 0.443359375 0.037109375 0.0361328125
0 0.494140625 0.4306640625 0.025390625 0.0224609375
0 0.3017578125 0.3681640625 0.0185546875 0.025390625
0 0.6435546875 0.4248046875 0.037109375 0.0166015625
0 0.60546875 0.392578125 0.0205078125 0.01953125
1 0.6728515625 0.3662109375 0.029296875 0.044921875
1 0.72265625 0.283203125 0.0263671875 0.078125
1 0.9619140625 0.6796875 0.076171875 0.31640625
0 0.044921875 0.59375 0.08984375 0.06640625
1 0.5380859375 0.341796875 0.0234375 0.0615234375
1 0.82421875 0.3193359375 0.0205078125 0.033203125
0 0.291015625 0.5791015625 0.0654296875 0.052734375
0 0.6103515625 0.4765625 0.0234375 0.025390625
0 0.591796875 0.4541015625 0.0205078125 0.025390625
0 0.955078125 0.3486328125 0.017578125 0.01953125
1 0.330078125 0.3525390625 0.0126953125 0.0224609375
0 0.798828125 0.419921875 0.021484375 0.0166015625
0 0.7841796875 0.400390625 0.015625 0.0166015625
0 0.32421875 0.404296875 0.0234375 0.013671875
1 0.2236328125 0.3916015625 0.0185546875 0.044921875
0 0.4130859375 0.294921875 0.0205078125 0.02734375
1 0.775390625 0.318359375 0.0185546875 0.025390625