2 0.833984375 0.923828125 0.166015625 0.080078125
1 0.255859375 0.732421875 0.4111328125 0.4365234375
1 0.6875 0.66796875 0.462890625 0.380859375
1 0.8623046875 0.4736328125 0.244140625 0.2412109375
1 0.8359375 0.306640625 0.0185546875 0.025390625
1 0.70703125 0.4052734375 0.091796875 0.150390625
1 0.2978515625 0.3330078125 0.013671875 0.033203125
1 0.3681640625 0.4912109375 0.158203125 0.1611328125
1 0.2421875 0.369140625 0.0439453125 0.06640625
1 0.552734375 0.4599609375 0.119140625 0.1806640625
1 0.3408203125 0.3486328125 0.021484375 0.0419921875
1 0.462890625 0.34765625 0.0439453125 0.06640625
1 0.53125 0.33984375 0.0185546875 0.0419921875
1 0.7685546875 0.322265625 0.0439453125 0.0830078125
1 0.5654296875 0.365234375 0.03125 0.0419921875
1 0.736328125 0.3291015625 0.037109375 0.052734375
1 0.0634765625 0.494140625 0.126953125 0.2333984375
1 0.892578125 0.3359375 0.0595703125 0.06640625
1 0.4873046875 0.3427734375 0.025390625 0.0302734375
1 0.5986328125 0.345703125 0.046875 0.0859375
0 0.478515625 0.48046875 0.044921875 0.0390625
1 0.31640625 0.3583984375 0.0517578125 0.0888671875
1 0.8134765625 0.306640625 0.0234375 0.0302734375
1 0.83203125 0.3447265625 0.048828125 0.06640625
1 0.70703125 0.34765625 0.0234375 0.0556640625
1 0.951171875 0.3359375 0.0361328125 0.0556640625
0 0.880859375 0.60546875 0.1044921875 0.0615234375
1 0.4130859375 0.380859375 0.0576171875 0.0947265625
0 0.384765625 0.5791015625 0.068359375 0.0419921875
1 0.669921875 0.330078125 0.0205078125 0.044921875
1 0.0244140625 0.404296875 0.048828125 0.05859375
0 0.41015625 0.44140625 0.0205078125 0.02734375
0 0.439453125 0.607421875 0.052734375 0.0419921875
1 0.19921875 0.361328125 0.029296875 0.033203125
0 0.486328125 0.4287109375 0.029296875 0.01953125
1 0.9560546875 0.6875 0.0810546875 0.2919921875
1 0.068359375 0.404296875 0.0498046875 0.05859375
0 0.4677734375 0.390625 0.0234375 0.01953125
1 0.359375 0.341796875 0.025390625 0.044921875
1 0.26953125 0.3544921875 0.029296875 0.046875
0 0.5439453125 0.5751953125 0.125 0.0556640625
0 0.6982421875 0.4765625 0.0498046875 0.025390625
0 0.349609375 0.37890625 0.0234375 0.025390625
0 0.59375 0.45703125 0.037109375 0.0361328125
0 0.642578125 0.423828125 0.0419921875 0.01953125
1 0.6279296875 0.369140625 0.021484375 0.033203125
0 0.611328125 0.39453125 0.021484375 0.0166015625
0 0.125 0.46484375 0.0185546875 0.013671875
1 0.6474609375 0.3193359375 0.017578125 0.033203125
0 0.2998046875 0.494140625 0.0185546875 0.0224609375
0 0.9873046875 0.5517578125 0.025390625 0.0361328125
0 0.1875 0.466796875 0.0751953125 0.0498046875
0 0.2548828125 0.41015625 0.021484375 0.01953125
1 0.98046875 0.3427734375 0.0205078125 0.025390625
0 0.76953125 0.443359375 0.0263671875 0.0302734375
0 0.419921875 0.466796875 0.0263671875 0.0166015625
1 0.677734375 0.3818359375 0.025390625 0.0361328125
1 0.923828125 0.3544921875 0.025390625 0.0361328125
0 0.279296875 0.4287109375 0.0546875 0.0302734375
1 0.591796875 0.3193359375 0.013671875 0.0224609375
1 0.591796875 0.3642578125 0.013671875 0.0224609375
1 0.599609375 0.3388671875 0.017578125 0.0224609375