2 0.833984375 0.923828125 0.166015625 0.080078125
1 0.6787109375 0.6650390625 0.4482421875 0.3857421875
1 0.240234375 0.7568359375 0.4345703125 0.474609375
1 0.3759765625 0.482421875 0.1484375 0.1865234375
1 0.5048828125 0.326171875 0.0126953125 0.025390625
1 0.6416015625 0.318359375 0.0205078125 0.0302734375
1 0.861328125 0.4736328125 0.228515625 0.2412109375
1 0.2822265625 0.3349609375 0.0234375 0.0302734375
1 0.541015625 0.474609375 0.1669921875 0.18359375
1 0.447265625 0.3427734375 0.046875 0.0751953125
1 0.96875 0.41796875 0.0625 0.1806640625
1 0.712890625 0.4072265625 0.125 0.15234375
1 0.275390625 0.421875 0.0810546875 0.1943359375
1 0.3662109375 0.3544921875 0.033203125 0.0751953125
1 0.671875 0.3193359375 0.021484375 0.033203125
1 0.19140625 0.375 0.076171875 0.10546875
0 0.3173828125 0.955078125 0.181640625 0.078125
1 0.4931640625 0.3447265625 0.0234375 0.033203125
1 0.818359375 0.341796875 0.0751953125 0.099609375
1 0.076171875 0.515625 0.1484375 0.2802734375
1 0.0234375 0.3759765625 0.0439453125 0.046875
0 0.8740234375 0.6015625 0.0986328125 0.0634765625
1 0.71875 0.31640625 0.0439453125 0.0615234375
1 0.892578125 0.3349609375 0.056640625 0.0693359375
1 0.2158203125 0.35546875 0.025390625 0.02734375
1 0.58203125 0.3427734375 0.0361328125 0.0634765625
1 0.3017578125 0.341796875 0.0185546875 0.033203125
0 0.478515625 0.48046875 0.041015625 0.044921875
0 0.3759765625 0.576171875 0.064453125 0.0361328125
0 0.5341796875 0.5791015625 0.109375 0.05859375
0 0.439453125 0.611328125 0.052734375 0.044921875
1 0.7666015625 0.3056640625 0.0205078125 0.033203125
1 0.060546875 0.4052734375 0.0419921875 0.078125
1 0.7763671875 0.40234375 0.0439453125 0.072265625
1 0.9306640625 0.3427734375 0.0361328125 0.05859375
1 0.5361328125 0.341796875 0.021484375 0.0498046875
0 0.326171875 0.404296875 0.025390625 0.013671875
0 0.9189453125 0.5888671875 0.037109375 0.02734375
1 0.666015625 0.37109375 0.03125 0.05859375
0 0.466796875 0.388671875 0.029296875 0.0224609375
0 0.609375 0.390625 0.0185546875 0.025390625
0 0.4970703125 0.4287109375 0.021484375 0.01953125
0 0.5869140625 0.380859375 0.017578125 0.0166015625
0 0.1875 0.4677734375 0.0810546875 0.05859375
0 0.61328125 0.48046875 0.033203125 0.02734375
1 0.62890625 0.365234375 0.0205078125 0.0302734375
0 0.638671875 0.4306640625 0.037109375 0.0166015625
0 0.9619140625 0.384765625 0.029296875 0.01953125
1 0.3330078125 0.3525390625 0.0185546875 0.02734375
0 0.30078125 0.3681640625 0.017578125 0.025390625
1 0.83203125 0.31640625 0.0205078125 0.02734375
0 0.85546875 0.361328125 0.0205078125 0.0166015625
1 0.341796875 0.37890625 0.037109375 0.0361328125
0 0.431640625 0.4677734375 0.0126953125 0.013671875
0 0.7998046875 0.37890625 0.025390625 0.01953125
1 0.603515625 0.3291015625 0.015625 0.025390625
0 0.44921875 0.4736328125 0.0263671875 0.01953125
0 0.224609375 0.3857421875 0.013671875 0.033203125
0 0.236328125 0.4169921875 0.013671875 0.0166015625
1 0.2685546875 0.35546875 0.0185546875 0.033203125
0 0.30078125 0.505859375 0.0234375 0.044921875
0 0.7412109375 0.4765625 0.0546875 0.0361328125
0 0.79296875 0.33203125 0.0234375 0.01953125
1 0.9970703125 0.3427734375 0.005859375 0.025390625
1 0.5185546875 0.3095703125 0.0185546875 0.01953125
0 0.9580078125 0.349609375 0.0283203125 0.0166015625