2 0.833984375 0.923828125 0.166015625 0.080078125
1 0.6865234375 0.6484375 0.439453125 0.419921875
1 0.0751953125 0.6181640625 0.150390625 0.5087890625
1 0.3798828125 0.48046875 0.140625 0.177734375
1 0.673828125 0.328125 0.0205078125 0.033203125
1 0.7412109375 0.3154296875 0.017578125 0.025390625
1 0.72265625 0.3916015625 0.0703125 0.1337890625
1 0.2724609375 0.4052734375 0.0830078125 0.14453125
1 0.5009765625 0.330078125 0.013671875 0.02734375
1 0.9677734375 0.4306640625 0.064453125 0.1884765625
1 0.1875 0.35546875 0.068359375 0.10546875
1 0.279296875 0.345703125 0.0234375 0.0361328125
1 0.4609375 0.3427734375 0.0498046875 0.0693359375
1 0.224609375 0.3662109375 0.029296875 0.0498046875
1 0.763671875 0.33203125 0.0498046875 0.09765625
1 0.5322265625 0.341796875 0.017578125 0.044921875
1 0.509765625 0.380859375 0.072265625 0.1337890625
1 0.900390625 0.318359375 0.03125 0.046875
1 0.587890625 0.3232421875 0.0185546875 0.0419921875
1 0.3447265625 0.3662109375 0.044921875 0.1162109375
1 0.642578125 0.330078125 0.0361328125 0.0556640625
1 0.04296875 0.3916015625 0.0361328125 0.0498046875
1 0.294921875 0.330078125 0.013671875 0.02734375
1 0.8251953125 0.3427734375 0.068359375 0.09765625
1 0.44140625 0.3291015625 0.013671875 0.01953125
1 0.935546875 0.35546875 0.041015625 0.078125
0 0.33203125 0.9599609375 0.1796875 0.080078125
1 0.673828125 0.3720703125 0.029296875 0.0556640625
0 0.8798828125 0.591796875 0.09375 0.072265625
0 0.53125 0.5791015625 0.099609375 0.052734375
0 0.474609375 0.4833984375 0.037109375 0.0390625
0 0.1796875 0.9287109375 0.203125 0.130859375
1 0.556640625 0.392578125 0.0419921875 0.0693359375
1 0.599609375 0.361328125 0.033203125 0.06640625
0 0.439453125 0.6083984375 0.052734375 0.0390625
1 0.9501953125 0.6787109375 0.09375 0.3251953125
1 0.41015625 0.3740234375 0.029296875 0.0693359375
0 0.3916015625 0.5849609375 0.0361328125 0.0302734375
0 0.1728515625 0.4677734375 0.0517578125 0.0419921875
0 0.388671875 0.8916015625 0.138671875 0.0888671875
0 0.498046875 0.4287109375 0.021484375 0.01953125
1 0.8681640625 0.341796875 0.0390625 0.0615234375
2 0.7978515625 0.4287109375 0.0205078125 0.025390625
0 0.7734375 0.443359375 0.0341796875 0.0361328125
1 0.3115234375 0.345703125 0.0205078125 0.025390625
0 0.466796875 0.3876953125 0.025390625 0.025390625
0 0.7998046875 0.37890625 0.0185546875 0.013671875
0 0.6376953125 0.423828125 0.037109375 0.01953125
0 0.619140625 0.48046875 0.029296875 0.0224609375
1 0.2548828125 0.37890625 0.0283203125 0.0419921875
1 0.6240234375 0.37109375 0.017578125 0.0361328125
0 0.3125 0.380859375 0.0126953125 0.0498046875
2 0.7724609375 0.4150390625 0.0361328125 0.0361328125
1 0.5517578125 0.345703125 0.0185546875 0.025390625
0 0.28125 0.4306640625 0.037109375 0.0224609375
0 0.419921875 0.4462890625 0.013671875 0.0361328125
0 0.9619140625 0.3525390625 0.0205078125 0.0224609375
1 0.830078125 0.31640625 0.017578125 0.0224609375
0 0.7568359375 0.3837890625 0.0263671875 0.0390625
0 0.42578125 0.4677734375 0.017578125 0.013671875