2 0.8349609375 0.923828125 0.1669921875 0.080078125
1 0.263671875 0.716796875 0.373046875 0.494140625
1 0.3759765625 0.48046875 0.138671875 0.1669921875
1 0.8056640625 0.46484375 0.1767578125 0.1865234375
1 0.5537109375 0.45703125 0.138671875 0.1865234375
1 0.681640625 0.6904296875 0.455078125 0.3583984375
1 0.4541015625 0.3359375 0.0703125 0.1162109375
1 0.26171875 0.384765625 0.060546875 0.080078125
1 0.189453125 0.400390625 0.115234375 0.1337890625
1 0.7666015625 0.31640625 0.0390625 0.0830078125
1 0.0791015625 0.505859375 0.1513671875 0.25
1 0.662109375 0.3212890625 0.0439453125 0.0859375
1 0.2294921875 0.3662109375 0.025390625 0.044921875
1 0.34765625 0.3388671875 0.017578125 0.033203125
1 0.4990234375 0.328125 0.013671875 0.033203125
1 0.6279296875 0.341796875 0.0439453125 0.0830078125
1 0.5556640625 0.365234375 0.0361328125 0.0419921875
1 0.9423828125 0.455078125 0.115234375 0.2109375
1 0.81640625 0.3447265625 0.064453125 0.099609375
1 0.310546875 0.349609375 0.021484375 0.033203125
0 0.154296875 0.951171875 0.28125 0.09765625
1 0.873046875 0.35546875 0.052734375 0.06640625
1 0.2802734375 0.341796875 0.013671875 0.033203125
1 0.7119140625 0.29296875 0.0517578125 0.1083984375
1 0.587890625 0.3349609375 0.044921875 0.080078125
1 0.931640625 0.3525390625 0.048828125 0.0830078125
0 0.8984375 0.5888671875 0.15625 0.072265625
1 0.294921875 0.33984375 0.013671875 0.0361328125
0 0.4794921875 0.482421875 0.0439453125 0.0361328125
1 0.3359375 0.380859375 0.056640625 0.111328125
0 0.4384765625 0.607421875 0.0546875 0.0419921875
1 0.9013671875 0.3232421875 0.03125 0.05859375
0 0.3798828125 0.580078125 0.056640625 0.0390625
0 0.57421875 0.556640625 0.0673828125 0.052734375
0 0.4873046875 0.4287109375 0.03125 0.01953125
0 0.5166015625 0.576171875 0.064453125 0.052734375
0 0.697265625 0.4794921875 0.0390625 0.01953125
1 0.5234375 0.35546875 0.03125 0.0556640625
0 0.4052734375 0.4404296875 0.0263671875 0.0361328125
0 0.423828125 0.466796875 0.029296875 0.0224609375
0 0.466796875 0.3857421875 0.0263671875 0.0166015625
1 0.9619140625 0.7431640625 0.076171875 0.197265625
1 0.9814453125 0.37890625 0.037109375 0.0693359375
1 0.0498046875 0.390625 0.0498046875 0.05859375
0 0.6513671875 0.4248046875 0.0283203125 0.0166015625
1 0.7001953125 0.3525390625 0.025390625 0.0390625
0 0.185546875 0.4580078125 0.064453125 0.033203125
0 0.611328125 0.4736328125 0.0205078125 0.01953125
0 0.29296875 0.4287109375 0.0234375 0.013671875
0 0.197265625 0.4794921875 0.0546875 0.025390625
0 0.611328125 0.392578125 0.0283203125 0.013671875
0 0.7978515625 0.3759765625 0.0205078125 0.013671875
2 0.375 0.544921875 0.03125 0.033203125
1 0.474609375 0.31640625 0.0185546875 0.033203125
0 0.3232421875 0.404296875 0.025390625 0.013671875
1 0.5947265625 0.3154296875 0.0107421875 0.025390625
0 0.7685546875 0.37890625 0.0185546875 0.0419921875
0 0.130859375 0.44140625 0.03125 0.02734375
1 0.603515625 0.3330078125 0.015625 0.0224609375
0 0.6240234375 0.4990234375 0.0263671875 0.05859375
1 0.6728515625 0.3818359375 0.0234375 0.0361328125
2 0.044921875 0.41796875 0.0205078125 0.0302734375