2 0.8056640625 0.8623046875 0.1513671875 0.0751953125
1 0.669921875 0.634765625 0.4296875 0.330078125
1 0.5380859375 0.4501953125 0.1513671875 0.1669921875
1 0.3857421875 0.455078125 0.125 0.177734375
1 0.6884765625 0.3837890625 0.107421875 0.1669921875
1 0.494140625 0.29296875 0.013671875 0.025390625
1 0.275390625 0.7275390625 0.375 0.5224609375
1 0.5810546875 0.3056640625 0.025390625 0.0615234375
1 0.287109375 0.3212890625 0.0185546875 0.0361328125
1 0.8134765625 0.279296875 0.0205078125 0.0302734375
1 0.4443359375 0.30859375 0.013671875 0.02734375
1 0.826171875 0.33984375 0.0439453125 0.05859375
1 0.9677734375 0.3037109375 0.0234375 0.052734375
1 0.2060546875 0.3974609375 0.1123046875 0.18359375
1 0.4873046875 0.3193359375 0.0185546875 0.033203125
1 0.2548828125 0.318359375 0.025390625 0.0361328125
1 0.087890625 0.466796875 0.162109375 0.255859375
1 0.904296875 0.318359375 0.0390625 0.05859375
1 0.310546875 0.318359375 0.021484375 0.0361328125
1 0.9345703125 0.423828125 0.130859375 0.19140625
1 0.630859375 0.29296875 0.0185546875 0.0302734375
1 0.705078125 0.298828125 0.048828125 0.080078125
1 0.2685546875 0.3544921875 0.03125 0.05859375
1 0.6630859375 0.3359375 0.0263671875 0.0556640625
1 0.869140625 0.2958984375 0.048828125 0.0634765625
1 0.4189453125 0.3427734375 0.056640625 0.0859375
1 0.357421875 0.3115234375 0.017578125 0.033203125
1 0.7451171875 0.345703125 0.021484375 0.05859375
1 0.189453125 0.3291015625 0.037109375 0.05859375
0 0.4794921875 0.453125 0.041015625 0.0390625
1 0.216796875 0.33984375 0.03125 0.0419921875
0 0.443359375 0.568359375 0.0546875 0.0361328125
0 0.916015625 0.537109375 0.140625 0.05859375
0 0.4873046875 0.400390625 0.025390625 0.0166015625
1 0.7490234375 0.279296875 0.0234375 0.0361328125
1 0.5498046875 0.3427734375 0.03125 0.05859375
0 0.5419921875 0.5419921875 0.130859375 0.0498046875
0 0.4072265625 0.3955078125 0.029296875 0.025390625
1 0.330078125 0.3525390625 0.0263671875 0.044921875
1 0.4619140625 0.3193359375 0.0234375 0.0390625
0 0.38671875 0.54296875 0.0517578125 0.025390625
1 0.091796875 0.361328125 0.037109375 0.0556640625
0 0.697265625 0.451171875 0.029296875 0.0361328125
1 0.5234375 0.318359375 0.0283203125 0.05859375
0 0.4228515625 0.41796875 0.0234375 0.0361328125
0 0.3603515625 0.9365234375 0.1455078125 0.1162109375
1 0.6552734375 0.29296875 0.017578125 0.0302734375
0 0.78125 0.3427734375 0.0185546875 0.013671875
0 0.8603515625 0.5634765625 0.0390625 0.0224609375
1 0.5986328125 0.294921875 0.015625 0.02734375
1 0.775390625 0.3095703125 0.0361328125 0.0419921875
1 0.7197265625 0.27734375 0.013671875 0.0224609375
0 0.2685546875 0.4013671875 0.0751953125 0.0361328125
1 0.806640625 0.31640625 0.025390625 0.033203125
0 0.5966796875 0.517578125 0.03125 0.025390625
1 0.244140625 0.3544921875 0.025390625 0.0419921875
0 0.6064453125 0.3544921875 0.0185546875 0.025390625
0 0.30078125 0.3955078125 0.0205078125 0.013671875
0 0.572265625 0.3388671875 0.0107421875 0.0107421875
0 0.580078125 0.3486328125 0.021484375 0.01953125
0 0.3125 0.345703125 0.0185546875 0.025390625
0 0.4677734375 0.359375 0.013671875 0.01953125
1 0.775390625 0.3720703125 0.0419921875 0.0556640625
0 0.9306640625 0.361328125 0.0234375 0.033203125
0 0.2119140625 0.869140625 0.0703125 0.0615234375
0 0.3876953125 0.3740234375 0.0126953125 0.0302734375
1 0.73828125 0.4052734375 0.033203125 0.044921875
0 0.62890625 0.41796875 0.0263671875 0.0634765625
0 0.154296875 0.4306640625 0.015625 0.0166015625
0 0.0615234375 0.48046875 0.0546875 0.0556640625
0 0.73828125 0.3056640625 0.013671875 0.02734375
1 0.32421875 0.3115234375 0.0107421875 0.0166015625