2 0.833984375 0.9267578125 0.166015625 0.0859375
1 0.25390625 0.75390625 0.4296875 0.453125
1 0.4541015625 0.4052734375 0.091796875 0.150390625
1 0.369140625 0.4873046875 0.150390625 0.1806640625
1 0.873046875 0.484375 0.232421875 0.26953125
1 0.7001953125 0.6904296875 0.462890625 0.3359375
1 0.4501953125 0.330078125 0.025390625 0.0390625
1 0.7373046875 0.3115234375 0.0185546875 0.033203125
1 0.6689453125 0.3232421875 0.0185546875 0.0302734375
1 0.708984375 0.4248046875 0.119140625 0.1943359375
1 0.224609375 0.361328125 0.025390625 0.044921875
1 0.8701171875 0.3544921875 0.046875 0.05859375
1 0.189453125 0.443359375 0.134765625 0.23046875
1 0.767578125 0.318359375 0.0419921875 0.0693359375
1 0.0732421875 0.4140625 0.0908203125 0.111328125
1 0.486328125 0.3330078125 0.029296875 0.0498046875
1 0.64453125 0.3193359375 0.017578125 0.02734375
1 0.837890625 0.31640625 0.017578125 0.02734375
1 0.51953125 0.3681640625 0.0732421875 0.1416015625
1 0.6123046875 0.3544921875 0.068359375 0.080078125
1 0.8154296875 0.3427734375 0.0751953125 0.09765625
1 0.82421875 0.3134765625 0.013671875 0.0166015625
1 0.349609375 0.3349609375 0.017578125 0.0302734375
1 0.71875 0.3447265625 0.03125 0.0615234375
0 0.326171875 0.9599609375 0.185546875 0.0693359375
0 0.4814453125 0.4794921875 0.0498046875 0.0419921875
1 0.287109375 0.341796875 0.025390625 0.044921875
0 0.541015625 0.587890625 0.1357421875 0.0419921875
1 0.94140625 0.33984375 0.0419921875 0.05859375
1 0.9814453125 0.3544921875 0.03125 0.052734375
1 0.33203125 0.341796875 0.0234375 0.044921875
0 0.439453125 0.6083984375 0.052734375 0.0390625
1 0.26171875 0.3916015625 0.0830078125 0.0830078125
1 0.580078125 0.3330078125 0.0205078125 0.033203125
0 0.3779296875 0.576171875 0.0595703125 0.0361328125
1 0.9619140625 0.66796875 0.076171875 0.3359375
0 0.40625 0.423828125 0.025390625 0.0302734375
1 0.3671875 0.3583984375 0.021484375 0.0390625
1 0.330078125 0.37890625 0.0205078125 0.046875
0 0.7822265625 0.44140625 0.0419921875 0.0390625
1 0.591796875 0.3134765625 0.015625 0.02734375
1 0.6943359375 0.35546875 0.0234375 0.0390625
0 0.697265625 0.4794921875 0.048828125 0.0302734375
0 0.625 0.568359375 0.0439453125 0.0361328125
0 0.6435546875 0.4248046875 0.037109375 0.0166015625
1 0.255859375 0.3623046875 0.0234375 0.025390625
1 0.6689453125 0.37109375 0.03125 0.05859375
1 0.3125 0.341796875 0.025390625 0.033203125
0 0.4189453125 0.4541015625 0.0185546875 0.0361328125
0 0.294921875 0.568359375 0.048828125 0.0361328125
1 0.2001953125 0.3740234375 0.037109375 0.05859375
0 0.611328125 0.3916015625 0.0205078125 0.02734375
0 0.90625 0.5927734375 0.0810546875 0.0419921875
0 0.5859375 0.3818359375 0.0185546875 0.025390625
0 0.466796875 0.3857421875 0.015625 0.0166015625
0 0.30078125 0.4990234375 0.0234375 0.0302734375
0 0.873046875 0.62109375 0.048828125 0.025390625
0 0.046875 0.5537109375 0.09375 0.1357421875
0 0.4541015625 0.4736328125 0.017578125 0.01953125
0 0.78515625 0.41015625 0.0263671875 0.0302734375
0 0.0673828125 0.966796875 0.083984375 0.0615234375
0 0.615234375 0.4287109375 0.021484375 0.0419921875
0 0.7998046875 0.384765625 0.0185546875 0.01953125
2 0.986328125 0.5087890625 0.0205078125 0.02734375