2 0.8349609375 0.9248046875 0.1640625 0.0830078125
1 0.666015625 0.6474609375 0.4140625 0.4443359375
1 0.7314453125 0.3125 0.0185546875 0.01953125
1 0.869140625 0.48046875 0.1875 0.2275390625
1 0.0712890625 0.6279296875 0.142578125 0.533203125
1 0.173828125 0.34765625 0.0341796875 0.033203125
1 0.7119140625 0.39453125 0.138671875 0.1669921875
1 0.384765625 0.4833984375 0.125 0.18359375
1 0.494140625 0.341796875 0.0185546875 0.033203125
1 0.5888671875 0.3154296875 0.0185546875 0.0361328125
1 0.2353515625 0.3330078125 0.0263671875 0.0390625
1 0.884765625 0.330078125 0.0595703125 0.06640625
1 0.712890625 0.3388671875 0.025390625 0.0498046875
1 0.8134765625 0.33203125 0.0732421875 0.091796875
1 0.5107421875 0.3037109375 0.0126953125 0.01953125
1 0.314453125 0.3740234375 0.056640625 0.091796875
1 0.2939453125 0.3330078125 0.0185546875 0.0390625
1 0.275390625 0.3515625 0.0205078125 0.0361328125
1 0.205078125 0.3515625 0.0234375 0.025390625
1 0.966796875 0.423828125 0.0654296875 0.158203125
1 0.443359375 0.33203125 0.013671875 0.0361328125
1 0.5029296875 0.3779296875 0.072265625 0.150390625
0 0.5244140625 0.5830078125 0.091796875 0.0498046875
1 0.419921875 0.365234375 0.060546875 0.091796875
1 0.1435546875 0.390625 0.037109375 0.080078125
1 0.7724609375 0.3056640625 0.0205078125 0.02734375
1 0.462890625 0.3486328125 0.03125 0.0693359375
1 0.63671875 0.3447265625 0.0517578125 0.078125
0 0.21875 0.921875 0.2314453125 0.14453125
0 0.478515625 0.482421875 0.041015625 0.0361328125
0 0.8623046875 0.607421875 0.09375 0.052734375
0 0.4384765625 0.6083984375 0.0546875 0.0390625
1 0.255859375 0.369140625 0.037109375 0.0615234375
1 0.576171875 0.349609375 0.0283203125 0.0556640625
0 0.4091796875 0.4287109375 0.0185546875 0.025390625
0 0.48828125 0.4306640625 0.0205078125 0.0166015625
1 0.7314453125 0.2763671875 0.037109375 0.0859375
0 0.34765625 0.380859375 0.0234375 0.0224609375
1 0.6748046875 0.3447265625 0.025390625 0.02734375
0 0.392578125 0.580078125 0.029296875 0.033203125
0 0.6455078125 0.423828125 0.0341796875 0.01953125
1 0.84765625 0.330078125 0.017578125 0.044921875
1 0.5498046875 0.392578125 0.03125 0.046875
0 0.4189453125 0.9208984375 0.0810546875 0.158203125
1 0.6005859375 0.330078125 0.017578125 0.0224609375
0 0.037109375 0.5478515625 0.07421875 0.052734375
1 0.3193359375 0.3447265625 0.0107421875 0.0224609375
0 0.9599609375 0.392578125 0.029296875 0.0302734375
0 0.044921875 0.591796875 0.08984375 0.0625
0 0.6630859375 0.380859375 0.0263671875 0.0166015625
0 0.798828125 0.3779296875 0.0205078125 0.0107421875
0 0.7734375 0.4384765625 0.03125 0.0224609375
0 0.6103515625 0.392578125 0.029296875 0.01953125
0 0.5859375 0.37890625 0.0185546875 0.013671875
0 0.607421875 0.4765625 0.0234375 0.025390625
1 0.818359375 0.318359375 0.0185546875 0.0302734375
1 0.6376953125 0.255859375 0.0185546875 0.0107421875
0 0.291015625 0.4287109375 0.0234375 0.01953125
1 0.9501953125 0.6572265625 0.09375 0.3583984375
0 0.9423828125 0.349609375 0.0498046875 0.0166015625
0 0.9130859375 0.375 0.0234375 0.033203125
1 0.693359375 0.369140625 0.0185546875 0.0166015625
1 0.9072265625 0.33203125 0.017578125 0.025390625
0 0.91015625 0.591796875 0.029296875 0.0166015625
1 0.994140625 0.453125 0.0107421875 0.078125
0 0.7724609375 0.375 0.017578125 0.044921875
0 0.6474609375 0.400390625 0.0546875 0.044921875
1 0.76953125 0.330078125 0.0205078125 0.02734375