2 0.833984375 0.923828125 0.166015625 0.080078125
1 0.259765625 0.75390625 0.4169921875 0.4697265625
1 0.6787109375 0.6904296875 0.423828125 0.369140625
1 0.3642578125 0.484375 0.134765625 0.169921875
1 0.48828125 0.3447265625 0.0205078125 0.0390625
1 0.2314453125 0.3583984375 0.025390625 0.033203125
1 0.7255859375 0.3056640625 0.0205078125 0.02734375
1 0.5322265625 0.48046875 0.1328125 0.171875
1 0.275390625 0.3486328125 0.025390625 0.0302734375
1 0.349609375 0.341796875 0.0185546875 0.0390625
1 0.8916015625 0.349609375 0.0732421875 0.099609375
1 0.185546875 0.4404296875 0.1201171875 0.19140625
1 0.6435546875 0.3154296875 0.0185546875 0.0361328125
1 0.7060546875 0.419921875 0.125 0.1943359375
0 0.2314453125 0.9306640625 0.1435546875 0.1220703125
1 0.0751953125 0.4169921875 0.1064453125 0.1162109375
1 0.669921875 0.3291015625 0.033203125 0.05859375
1 0.591796875 0.3681640625 0.056640625 0.1416015625
1 0.306640625 0.384765625 0.056640625 0.130859375
1 0.443359375 0.361328125 0.025390625 0.0556640625
1 0.2470703125 0.388671875 0.037109375 0.0615234375
1 0.9453125 0.4375 0.103515625 0.23046875
1 0.466796875 0.3486328125 0.0263671875 0.052734375
1 0.7099609375 0.3330078125 0.0390625 0.06640625
0 0.4755859375 0.4833984375 0.0390625 0.0390625
1 0.412109375 0.3720703125 0.056640625 0.0830078125
1 0.943359375 0.35546875 0.029296875 0.06640625
0 0.8681640625 0.5859375 0.1357421875 0.06640625
1 0.8251953125 0.3486328125 0.056640625 0.080078125
1 0.763671875 0.3544921875 0.048828125 0.1083984375
0 0.3798828125 0.5732421875 0.0654296875 0.0419921875
1 0.30078125 0.3447265625 0.0205078125 0.033203125
0 0.4111328125 0.4306640625 0.0185546875 0.02734375
0 0.494140625 0.4287109375 0.037109375 0.01953125
0 0.4384765625 0.609375 0.0546875 0.0419921875
0 0.5263671875 0.5791015625 0.0908203125 0.052734375
1 0.8173828125 0.3056640625 0.025390625 0.044921875
1 0.369140625 0.3583984375 0.0205078125 0.0390625
0 0.70703125 0.4775390625 0.0517578125 0.0390625
1 0.755859375 0.296875 0.025390625 0.044921875
1 0.021484375 0.45703125 0.0419921875 0.1083984375
1 0.59375 0.318359375 0.0126953125 0.0302734375
0 0.4375 0.46484375 0.056640625 0.0419921875
0 0.47265625 0.392578125 0.0263671875 0.025390625
1 0.1318359375 0.41796875 0.0205078125 0.0302734375
0 0.2001953125 0.490234375 0.0498046875 0.025390625
0 0.2880859375 0.4306640625 0.017578125 0.0166015625
0 0.044921875 0.5693359375 0.0888671875 0.111328125
0 0.3046875 0.3779296875 0.015625 0.0390625
0 0.1943359375 0.3681640625 0.0234375 0.013671875
1 0.603515625 0.4892578125 0.0361328125 0.0498046875
0 0.798828125 0.3740234375 0.013671875 0.0087890625
0 0.30078125 0.4990234375 0.0234375 0.0302734375
0 0.349609375 0.3779296875 0.0263671875 0.02734375
0 0.912109375 0.4072265625 0.025390625 0.013671875
1 0.798828125 0.328125 0.0205078125 0.0224609375
0 0.85546875 0.359375 0.017578125 0.01953125
0 0.3251953125 0.404296875 0.0185546875 0.013671875
0 0.59375 0.455078125 0.0185546875 0.02734375
0 0.619140625 0.380859375 0.0185546875 0.0224609375
1 0.0693359375 0.404296875 0.013671875 0.05859375
0 0.130859375 0.4482421875 0.037109375 0.0419921875