2 0.8349609375 0.923828125 0.1640625 0.080078125
1 0.673828125 0.654296875 0.4345703125 0.419921875
1 0.0791015625 0.62890625 0.154296875 0.51953125
1 0.64453125 0.3154296875 0.017578125 0.025390625
1 0.38671875 0.4833984375 0.1171875 0.1669921875
1 0.921875 0.3515625 0.072265625 0.0859375
1 0.7109375 0.3984375 0.115234375 0.130859375
1 0.4892578125 0.3388671875 0.0185546875 0.033203125
1 0.884765625 0.4912109375 0.220703125 0.2392578125
1 0.177734375 0.404296875 0.109375 0.1474609375
1 0.505859375 0.330078125 0.0126953125 0.033203125
1 0.2705078125 0.3642578125 0.078125 0.150390625
1 0.669921875 0.3291015625 0.0234375 0.0419921875
1 0.576171875 0.3232421875 0.03125 0.05859375
1 0.7216796875 0.31640625 0.037109375 0.072265625
1 0.4580078125 0.4111328125 0.0908203125 0.1337890625
1 0.435546875 0.3427734375 0.021484375 0.0302734375
1 0.267578125 0.7080078125 0.298828125 0.533203125
1 0.8115234375 0.33984375 0.0673828125 0.1025390625
1 0.0732421875 0.400390625 0.087890625 0.099609375
1 0.2998046875 0.3212890625 0.0126953125 0.025390625
1 0.5625 0.404296875 0.0751953125 0.130859375
1 0.7626953125 0.3291015625 0.0498046875 0.1025390625
1 0.2314453125 0.34765625 0.025390625 0.044921875
0 0.439453125 0.607421875 0.052734375 0.0419921875
0 0.37890625 0.9404296875 0.1201171875 0.119140625
0 0.4794921875 0.48046875 0.0439453125 0.0390625
1 0.3466796875 0.3359375 0.0185546875 0.033203125
0 0.4189453125 0.453125 0.0185546875 0.033203125
0 0.38671875 0.5791015625 0.0517578125 0.0419921875
1 0.7080078125 0.31640625 0.0126953125 0.0224609375
0 0.494140625 0.58984375 0.033203125 0.0302734375
1 0.8564453125 0.3544921875 0.0498046875 0.0634765625
0 0.404296875 0.4267578125 0.0283203125 0.025390625
1 0.361328125 0.34765625 0.0205078125 0.033203125
1 0.974609375 0.35546875 0.0498046875 0.0556640625
1 0.4677734375 0.345703125 0.0361328125 0.0634765625
1 0.6943359375 0.3359375 0.0234375 0.044921875
0 0.642578125 0.419921875 0.046875 0.0224609375
0 0.779296875 0.4443359375 0.0439453125 0.0390625
0 0.0390625 0.54296875 0.078125 0.052734375
1 0.6630859375 0.3681640625 0.029296875 0.052734375
0 0.349609375 0.380859375 0.0234375 0.02734375
1 0.630859375 0.3427734375 0.048828125 0.0634765625
1 0.955078125 0.705078125 0.0830078125 0.2607421875
0 0.19921875 0.484375 0.048828125 0.0302734375
0 0.3251953125 0.4052734375 0.03125 0.0166015625
0 0.0439453125 0.5947265625 0.087890625 0.0615234375
0 0.697265625 0.369140625 0.0283203125 0.0224609375
2 0.5439453125 0.5927734375 0.0751953125 0.0419921875
0 0.603515625 0.392578125 0.0283203125 0.01953125
0 0.4951171875 0.4306640625 0.015625 0.0166015625
0 0.6181640625 0.3818359375 0.0205078125 0.025390625
0 0.291015625 0.4287109375 0.021484375 0.013671875
0 0.798828125 0.37890625 0.015625 0.013671875
1 0.60546875 0.341796875 0.017578125 0.02734375
1 0.8349609375 0.3134765625 0.017578125 0.0166015625
1 0.306640625 0.3525390625 0.0205078125 0.02734375
1 0.5185546875 0.3115234375 0.0185546875 0.0224609375
0 0.9384765625 0.37890625 0.017578125 0.0419921875
0 0.5966796875 0.3662109375 0.015625 0.02734375