2 0.8056640625 0.8623046875 0.154296875 0.0751953125
1 0.654296875 0.6240234375 0.3935546875 0.380859375
1 0.2626953125 0.73046875 0.3876953125 0.494140625
1 0.6904296875 0.3681640625 0.1064453125 0.1357421875
1 0.716796875 0.2900390625 0.017578125 0.025390625
1 0.701171875 0.3037109375 0.0263671875 0.0302734375
1 0.5537109375 0.427734375 0.1328125 0.1669921875
1 0.373046875 0.455078125 0.1435546875 0.18359375
1 0.7978515625 0.4404296875 0.169921875 0.19140625
1 0.853515625 0.33984375 0.0546875 0.052734375
1 0.244140625 0.3330078125 0.025390625 0.0390625
1 0.5 0.2958984375 0.0126953125 0.025390625
1 0.748046875 0.3115234375 0.0595703125 0.10546875
1 0.6181640625 0.3193359375 0.064453125 0.072265625
1 0.798828125 0.3056640625 0.0498046875 0.078125
1 0.8876953125 0.3232421875 0.03125 0.0693359375
1 0.2119140625 0.41796875 0.1298828125 0.1865234375
1 0.2822265625 0.326171875 0.0263671875 0.0361328125
1 0.0849609375 0.47265625 0.169921875 0.255859375
1 0.650390625 0.294921875 0.033203125 0.0556640625
1 0.322265625 0.328125 0.044921875 0.0830078125
1 0.576171875 0.2919921875 0.017578125 0.0390625
1 0.9345703125 0.416015625 0.130859375 0.2109375
1 0.42578125 0.3349609375 0.060546875 0.080078125
1 0.9765625 0.294921875 0.021484375 0.0390625
1 0.5244140625 0.3037109375 0.0205078125 0.0361328125
1 0.4814453125 0.337890625 0.0439453125 0.080078125
1 0.1875 0.3349609375 0.03125 0.05859375
0 0.8955078125 0.5419921875 0.140625 0.0498046875
1 0.3603515625 0.306640625 0.013671875 0.0302734375
0 0.5302734375 0.5302734375 0.1044921875 0.0498046875
1 0.9423828125 0.662109375 0.115234375 0.2412109375
0 0.4248046875 0.4169921875 0.0185546875 0.033203125
1 0.0625 0.3662109375 0.0439453125 0.0615234375
0 0.443359375 0.568359375 0.0498046875 0.0361328125
0 0.412109375 0.3955078125 0.025390625 0.025390625
0 0.3818359375 0.5400390625 0.0673828125 0.0361328125
0 0.482421875 0.451171875 0.0517578125 0.0361328125
0 0.1875 0.427734375 0.037109375 0.0224609375
1 0.7548828125 0.384765625 0.03125 0.0302734375
1 0.5537109375 0.326171875 0.0361328125 0.0751953125
1 0.5126953125 0.3427734375 0.025390625 0.0419921875
0 0.607421875 0.35546875 0.0234375 0.0224609375
0 0.35546875 0.3486328125 0.0234375 0.0302734375
1 0.59765625 0.3125 0.013671875 0.01953125
0 0.4873046875 0.4052734375 0.025390625 0.0224609375
0 0.443359375 0.4384765625 0.033203125 0.0224609375
1 0.75 0.2802734375 0.0185546875 0.02734375
0 0.693359375 0.44140625 0.056640625 0.033203125
0 0.7939453125 0.3525390625 0.0439453125 0.0224609375
2 0.61328125 0.4375 0.0205078125 0.01953125
2 0.39453125 0.9736328125 0.0361328125 0.0419921875
0 0.2880859375 0.3955078125 0.0390625 0.025390625
0 0.494140625 0.552734375 0.03125 0.0224609375
2 0.341796875 0.404296875 0.0126953125 0.0302734375
0 0.3017578125 0.326171875 0.0185546875 0.025390625
0 0.3125 0.4638671875 0.0185546875 0.0224609375
1 0.591796875 0.33984375 0.0185546875 0.025390625
0 0.6259765625 0.4111328125 0.033203125 0.0556640625
1 0.0205078125 0.484375 0.041015625 0.05859375
1 0.369140625 0.330078125 0.0107421875 0.0166015625