2 0.8349609375 0.9248046875 0.1640625 0.0830078125
1 0.6630859375 0.615234375 0.3798828125 0.486328125
1 0.0810546875 0.6513671875 0.15625 0.5859375
1 0.884765625 0.4775390625 0.220703125 0.25
1 0.232421875 0.3740234375 0.0576171875 0.080078125
1 0.171875 0.404296875 0.109375 0.130859375
1 0.455078125 0.40234375 0.076171875 0.14453125
1 0.6376953125 0.318359375 0.0185546875 0.0361328125
1 0.662109375 0.3193359375 0.0185546875 0.02734375
1 0.5380859375 0.392578125 0.095703125 0.130859375
1 0.3115234375 0.37109375 0.0576171875 0.1142578125
1 0.650390625 0.3779296875 0.087890625 0.138671875
1 0.5419921875 0.3427734375 0.0341796875 0.0419921875
1 0.892578125 0.330078125 0.0595703125 0.078125
1 0.392578125 0.486328125 0.1015625 0.1669921875
1 0.80078125 0.3740234375 0.076171875 0.119140625
1 0.4892578125 0.337890625 0.021484375 0.0419921875
1 0.580078125 0.3291015625 0.048828125 0.0634765625
1 0.17578125 0.35546875 0.029296875 0.0390625
1 0.7373046875 0.3115234375 0.0185546875 0.044921875
2 0.51953125 0.5927734375 0.0263671875 0.0419921875
0 0.2373046875 0.94140625 0.150390625 0.10546875
1 0.935546875 0.3212890625 0.03125 0.0361328125
1 0.017578125 0.37890625 0.0341796875 0.0361328125
1 0.4111328125 0.3681640625 0.0439453125 0.0859375
1 0.5166015625 0.33984375 0.029296875 0.0634765625
1 0.318359375 0.3525390625 0.0126953125 0.0224609375
1 0.3046875 0.34765625 0.021484375 0.033203125
1 0.3671875 0.3525390625 0.015625 0.02734375
0 0.3818359375 0.9404296875 0.1171875 0.119140625
0 0.38671875 0.5732421875 0.0517578125 0.0419921875
1 0.9560546875 0.3662109375 0.0751953125 0.0888671875
0 0.478515625 0.482421875 0.041015625 0.0361328125
1 0.34375 0.3349609375 0.025390625 0.0419921875
1 0.724609375 0.3642578125 0.0986328125 0.1279296875
1 0.2802734375 0.34765625 0.0205078125 0.033203125
0 0.4384765625 0.609375 0.0546875 0.0419921875
1 0.99609375 0.330078125 0.0078125 0.0498046875
0 0.8701171875 0.5947265625 0.0751953125 0.06640625
1 0.830078125 0.3154296875 0.0205078125 0.0302734375
1 0.51171875 0.306640625 0.013671875 0.025390625
1 0.462890625 0.3251953125 0.025390625 0.0498046875
1 0.025390625 0.443359375 0.0498046875 0.1025390625
1 0.609375 0.318359375 0.021484375 0.0419921875
1 0.8447265625 0.337890625 0.0205078125 0.0419921875
1 0.669921875 0.3662109375 0.029296875 0.0390625
2 0.7998046875 0.4345703125 0.03125 0.01953125
0 0.841796875 0.3740234375 0.0283203125 0.01953125
0 0.041015625 0.5439453125 0.08203125 0.048828125
0 0.04296875 0.5947265625 0.0859375 0.0615234375
1 0.986328125 0.41796875 0.0205078125 0.0693359375
0 0.4287109375 0.4677734375 0.017578125 0.01953125
0 0.5888671875 0.455078125 0.021484375 0.02734375
1 0.759765625 0.3193359375 0.0205078125 0.033203125
2 0.224609375 0.380859375 0.0126953125 0.0224609375
0 0.2802734375 0.4306640625 0.044921875 0.0224609375
0 0.2001953125 0.484375 0.056640625 0.0302734375
1 0.3564453125 0.44140625 0.03125 0.033203125
0 0.2548828125 0.408203125 0.021484375 0.0166015625
1 0.5751953125 0.375 0.025390625 0.033203125
0 0.63671875 0.4384765625 0.029296875 0.0390625
0 0.609375 0.388671875 0.0126953125 0.0224609375
2 0.818359375 0.419921875 0.0205078125 0.0224609375