2 0.833984375 0.927734375 0.166015625 0.0830078125
1 0.66015625 0.6357421875 0.423828125 0.4443359375
1 0.642578125 0.3134765625 0.0185546875 0.0166015625
1 0.3740234375 0.4736328125 0.138671875 0.2080078125
1 0.466796875 0.330078125 0.044921875 0.0947265625
1 0.6787109375 0.3154296875 0.0205078125 0.0302734375
1 0.50390625 0.330078125 0.013671875 0.033203125
1 0.654296875 0.390625 0.0830078125 0.158203125
1 0.4873046875 0.341796875 0.0185546875 0.033203125
1 0.87890625 0.466796875 0.2421875 0.2666015625
1 0.2353515625 0.3681640625 0.044921875 0.0693359375
1 0.2822265625 0.3583984375 0.0419921875 0.072265625
1 0.341796875 0.3544921875 0.0419921875 0.0693359375
1 0.830078125 0.3232421875 0.025390625 0.0419921875
2 0.5224609375 0.591796875 0.0263671875 0.0390625
1 0.7685546875 0.3212890625 0.0439453125 0.0859375
1 0.431640625 0.3291015625 0.025390625 0.0361328125
1 0.412109375 0.369140625 0.056640625 0.0947265625
1 0.5751953125 0.3349609375 0.037109375 0.0693359375
1 0.1796875 0.412109375 0.109375 0.1806640625
1 0.5068359375 0.3720703125 0.048828125 0.1162109375
1 0.1767578125 0.3447265625 0.025390625 0.0390625
0 0.4755859375 0.4833984375 0.0390625 0.0390625
1 0.880859375 0.322265625 0.0546875 0.0830078125
1 0.0810546875 0.630859375 0.162109375 0.5107421875
1 0.9306640625 0.3427734375 0.0576171875 0.0859375
1 0.0546875 0.41796875 0.0595703125 0.080078125
0 0.8818359375 0.5986328125 0.1044921875 0.0693359375
0 0.3740234375 0.578125 0.0703125 0.044921875
0 0.3818359375 0.94140625 0.111328125 0.1162109375
1 0.978515625 0.35546875 0.0419921875 0.072265625
0 0.4189453125 0.453125 0.0185546875 0.033203125
0 0.439453125 0.611328125 0.052734375 0.044921875
0 0.2734375 0.962890625 0.0908203125 0.0693359375
0 0.1689453125 0.447265625 0.03125 0.033203125
1 0.361328125 0.3544921875 0.0126953125 0.025390625
1 0.962890625 0.71484375 0.068359375 0.2529296875
0 0.40625 0.4287109375 0.025390625 0.01953125
0 0.5546875 0.5458984375 0.041015625 0.025390625
1 0.638671875 0.33984375 0.0263671875 0.0361328125
0 0.6103515625 0.392578125 0.0234375 0.01953125
0 0.498046875 0.41796875 0.0185546875 0.025390625
0 0.2548828125 0.4052734375 0.021484375 0.0166015625
1 0.810546875 0.365234375 0.044921875 0.0751953125
0 0.943359375 0.58203125 0.0576171875 0.025390625
1 0.599609375 0.33984375 0.013671875 0.025390625
0 0.193359375 0.4931640625 0.037109375 0.01953125
1 0.3544921875 0.3291015625 0.0126953125 0.01953125
1 0.5341796875 0.392578125 0.0283203125 0.0419921875
0 0.611328125 0.47265625 0.041015625 0.033203125
0 0.587890625 0.3779296875 0.0185546875 0.0166015625
0 0.017578125 0.4912109375 0.03515625 0.033203125
1 0.322265625 0.3486328125 0.0126953125 0.01953125
2 0.291015625 0.4052734375 0.0107421875 0.033203125
0 0.373046875 0.37109375 0.013671875 0.013671875
0 0.7607421875 0.3759765625 0.0283203125 0.0361328125
0 0.279296875 0.4287109375 0.0439453125 0.01953125
2 0.4599609375 0.955078125 0.0234375 0.0830078125
0 0.984375 0.5791015625 0.0283203125 0.01953125
0 0.4677734375 0.3759765625 0.0107421875 0.025390625