2 0.8056640625 0.8623046875 0.1513671875 0.0751953125
1 0.267578125 0.7197265625 0.3779296875 0.5
1 0.65625 0.6416015625 0.40625 0.328125
1 0.373046875 0.4541015625 0.130859375 0.1640625
1 0.822265625 0.4541015625 0.21875 0.2138671875
1 0.685546875 0.392578125 0.111328125 0.169921875
1 0.4501953125 0.3662109375 0.099609375 0.14453125
1 0.603515625 0.318359375 0.0439453125 0.0751953125
1 0.79296875 0.330078125 0.091796875 0.138671875
1 0.662109375 0.3037109375 0.0361328125 0.05859375
1 0.5302734375 0.4599609375 0.1796875 0.158203125
1 0.716796875 0.2822265625 0.017578125 0.0361328125
1 0.5 0.29296875 0.0126953125 0.025390625
1 0.287109375 0.380859375 0.064453125 0.171875
1 0.09375 0.4677734375 0.1748046875 0.23046875
1 0.8671875 0.322265625 0.072265625 0.10546875
1 0.185546875 0.3291015625 0.0361328125 0.0419921875
1 0.9443359375 0.388671875 0.111328125 0.2001953125
0 0.3759765625 0.53515625 0.060546875 0.0419921875
1 0.2490234375 0.3427734375 0.0234375 0.05859375
1 0.63671875 0.296875 0.017578125 0.044921875
1 0.33203125 0.3544921875 0.0361328125 0.1025390625
1 0.37890625 0.341796875 0.017578125 0.0615234375
1 0.3095703125 0.330078125 0.021484375 0.033203125
1 0.9814453125 0.3056640625 0.0185546875 0.0390625
1 0.755859375 0.28515625 0.0185546875 0.0302734375
0 0.8642578125 0.5654296875 0.0751953125 0.0419921875
1 0.1630859375 0.392578125 0.0517578125 0.091796875
0 0.443359375 0.568359375 0.0546875 0.0361328125
0 0.4248046875 0.4169921875 0.0185546875 0.033203125
1 0.6943359375 0.3125 0.044921875 0.0751953125
1 0.6416015625 0.349609375 0.029296875 0.0556640625
0 0.4755859375 0.4482421875 0.0390625 0.0419921875
1 0.4921875 0.31640625 0.025390625 0.0390625
0 0.69140625 0.4462890625 0.0419921875 0.0361328125
1 0.4609375 0.2919921875 0.021484375 0.0390625
1 0.5302734375 0.3056640625 0.0205078125 0.0556640625
1 0.9580078125 0.330078125 0.0341796875 0.0498046875
0 0.4736328125 0.3544921875 0.021484375 0.01953125
2 0.5419921875 0.548828125 0.068359375 0.0419921875
0 0.576171875 0.4287109375 0.0341796875 0.0361328125
0 0.625 0.3916015625 0.03125 0.0224609375
0 0.4189453125 0.392578125 0.0126953125 0.01953125
0 0.3056640625 0.39453125 0.0234375 0.0166015625
1 0.2177734375 0.34765625 0.033203125 0.0556640625
0 0.7548828125 0.404296875 0.025390625 0.025390625
0 0.662109375 0.4638671875 0.017578125 0.0390625
0 0.35546875 0.34765625 0.0234375 0.0166015625
0 0.2099609375 0.4345703125 0.0703125 0.05859375
1 0.291015625 0.2919921875 0.013671875 0.02734375
0 0.576171875 0.3515625 0.0205078125 0.013671875
0 0.8818359375 0.375 0.0546875 0.0166015625
1 0.322265625 0.298828125 0.0107421875 0.01953125
0 0.4951171875 0.3974609375 0.0185546875 0.0166015625
0 0.603515625 0.3515625 0.013671875 0.025390625
0 0.6015625 0.44140625 0.025390625 0.0224609375
1 0.89453125 0.330078125 0.013671875 0.033203125
1 0.8564453125 0.3056640625 0.0185546875 0.0390625
1 0.830078125 0.3525390625 0.029296875 0.044921875