2 0.8056640625 0.8623046875 0.1513671875 0.0751953125
1 0.830078125 0.443359375 0.2265625 0.236328125
1 0.255859375 0.73046875 0.412109375 0.47265625
1 0.529296875 0.4541015625 0.15625 0.1640625
1 0.3720703125 0.455078125 0.130859375 0.1611328125
1 0.6669921875 0.642578125 0.4091796875 0.3193359375
1 0.6513671875 0.306640625 0.025390625 0.0419921875
1 0.48828125 0.3427734375 0.0673828125 0.1083984375
1 0.744140625 0.3134765625 0.03125 0.0390625
1 0.630859375 0.29296875 0.0185546875 0.0302734375
1 0.2158203125 0.4150390625 0.125 0.19140625
1 0.2001953125 0.3291015625 0.03125 0.0419921875
1 0.0888671875 0.466796875 0.177734375 0.2392578125
1 0.35546875 0.306640625 0.017578125 0.0302734375
1 0.6943359375 0.392578125 0.095703125 0.158203125
1 0.962890625 0.3056640625 0.0517578125 0.0888671875
1 0.8125 0.2861328125 0.0185546875 0.033203125
1 0.326171875 0.3359375 0.060546875 0.0830078125
1 0.8486328125 0.3056640625 0.052734375 0.06640625
1 0.7060546875 0.298828125 0.037109375 0.05859375
1 0.7548828125 0.279296875 0.0283203125 0.0361328125
1 0.6689453125 0.306640625 0.0185546875 0.025390625
0 0.2470703125 0.859375 0.146484375 0.119140625
0 0.4755859375 0.451171875 0.0390625 0.0361328125
1 0.07421875 0.3662109375 0.0390625 0.0615234375
0 0.380859375 0.5390625 0.064453125 0.0390625
0 0.880859375 0.5537109375 0.1201171875 0.046875
1 0.5966796875 0.298828125 0.015625 0.0302734375
1 0.619140625 0.328125 0.029296875 0.0556640625
1 0.423828125 0.34765625 0.044921875 0.0830078125
1 0.2607421875 0.3427734375 0.0341796875 0.05859375
0 0.421875 0.4169921875 0.021484375 0.033203125
1 0.548828125 0.3515625 0.072265625 0.1025390625
1 0.806640625 0.31640625 0.025390625 0.0390625
0 0.4130859375 0.392578125 0.0205078125 0.01953125
1 0.9443359375 0.6552734375 0.107421875 0.25
0 0.443359375 0.56640625 0.0546875 0.0390625
0 0.46875 0.357421875 0.025390625 0.025390625
0 0.48828125 0.40234375 0.0205078125 0.0224609375
1 0.9013671875 0.318359375 0.0595703125 0.0751953125
0 0.966796875 0.5302734375 0.052734375 0.033203125
1 0.587890625 0.341796875 0.03125 0.0498046875
0 0.6865234375 0.443359375 0.0517578125 0.025390625
1 0.779296875 0.3125 0.0419921875 0.05859375
1 0.3759765625 0.341796875 0.0205078125 0.0498046875
1 0.58203125 0.294921875 0.013671875 0.02734375
1 0.50390625 0.296875 0.0234375 0.044921875
2 0.5380859375 0.546875 0.0673828125 0.044921875
0 0.357421875 0.345703125 0.0234375 0.025390625
0 0.75390625 0.404296875 0.0234375 0.025390625
0 0.5810546875 0.4306640625 0.025390625 0.0390625
0 0.6357421875 0.3916015625 0.037109375 0.0224609375
0 0.20703125 0.421875 0.0673828125 0.033203125
0 0.29296875 0.39453125 0.0419921875 0.0224609375
2 0.6005859375 0.44140625 0.0234375 0.0224609375
0 0.60546875 0.365234375 0.0263671875 0.01953125
0 0.3134765625 0.46484375 0.0234375 0.025390625
0 0.162109375 0.4306640625 0.025390625 0.0224609375
0 0.78125 0.345703125 0.0185546875 0.013671875
0 0.3017578125 0.9345703125 0.037109375 0.119140625
0 0.017578125 0.4619140625 0.03515625 0.025390625
0 0.21875 0.4462890625 0.0498046875 0.025390625
0 0.775390625 0.29296875 0.0126953125 0.013671875