2 0.833984375 0.927734375 0.166015625 0.0830078125
1 0.681640625 0.6669921875 0.4375 0.39453125
1 0.7392578125 0.3134765625 0.0185546875 0.02734375
1 0.447265625 0.41015625 0.103515625 0.1416015625
1 0.259765625 0.7529296875 0.326171875 0.4169921875
1 0.8740234375 0.455078125 0.2109375 0.3115234375
1 0.7099609375 0.419921875 0.126953125 0.177734375
1 0.55078125 0.45703125 0.158203125 0.236328125
1 0.4912109375 0.3427734375 0.0205078125 0.0361328125
1 0.5302734375 0.341796875 0.0234375 0.0556640625
1 0.6826171875 0.3427734375 0.0439453125 0.0751953125
1 0.6474609375 0.318359375 0.017578125 0.0302734375
0 0.3310546875 0.9580078125 0.1748046875 0.0830078125
0 0.478515625 0.4833984375 0.044921875 0.0390625
1 0.275390625 0.349609375 0.029296875 0.044921875
1 0.3427734375 0.3681640625 0.044921875 0.1025390625
1 0.1875 0.4482421875 0.1123046875 0.23046875
1 0.8193359375 0.3349609375 0.064453125 0.091796875
1 0.623046875 0.341796875 0.0546875 0.06640625
1 0.2724609375 0.4404296875 0.095703125 0.1865234375
1 0.9375 0.3232421875 0.0185546875 0.0302734375
1 0.587890625 0.318359375 0.0185546875 0.0419921875
1 0.2197265625 0.3623046875 0.0263671875 0.0419921875
1 0.462890625 0.3427734375 0.025390625 0.046875
1 0.0751953125 0.4111328125 0.0810546875 0.1162109375
1 0.7685546875 0.318359375 0.0439453125 0.05859375
0 0.439453125 0.6083984375 0.056640625 0.0390625
0 0.53125 0.580078125 0.150390625 0.06640625
1 0.72265625 0.3427734375 0.029296875 0.05859375
1 0.951171875 0.6982421875 0.09375 0.2802734375
1 0.3037109375 0.3427734375 0.0234375 0.0361328125
1 0.025390625 0.451171875 0.0498046875 0.1025390625
0 0.767578125 0.44140625 0.0234375 0.033203125
1 0.2568359375 0.35546875 0.013671875 0.02734375
0 0.3994140625 0.580078125 0.0546875 0.033203125
1 0.244140625 0.392578125 0.03125 0.046875
1 0.8681640625 0.3359375 0.0361328125 0.0556640625
1 0.9736328125 0.3544921875 0.0498046875 0.05859375
1 0.3642578125 0.3544921875 0.0185546875 0.025390625
0 0.466796875 0.3857421875 0.0283203125 0.0166015625
1 0.5888671875 0.3486328125 0.025390625 0.0302734375
0 0.4990234375 0.4306640625 0.0234375 0.0224609375
0 0.642578125 0.4267578125 0.041015625 0.025390625
0 0.384765625 0.8916015625 0.1455078125 0.0947265625
2 0.986328125 0.568359375 0.0205078125 0.025390625
0 0.6875 0.47265625 0.037109375 0.0166015625
0 0.048828125 0.568359375 0.0966796875 0.1142578125
0 0.294921875 0.5654296875 0.048828125 0.025390625
1 0.298828125 0.3720703125 0.025390625 0.033203125
0 0.8798828125 0.6162109375 0.046875 0.02734375
0 0.3017578125 0.5087890625 0.025390625 0.0498046875
1 0.84375 0.318359375 0.0126953125 0.025390625
0 0.7998046875 0.3857421875 0.025390625 0.033203125
0 0.8173828125 0.361328125 0.0185546875 0.033203125
0 0.951171875 0.3974609375 0.0205078125 0.033203125
0 0.3095703125 0.392578125 0.021484375 0.025390625
2 0.78125 0.4111328125 0.025390625 0.033203125
0 0.443359375 0.4736328125 0.03125 0.01953125
0 0.4189453125 0.443359375 0.0185546875 0.0361328125
0 0.625 0.4931640625 0.025390625 0.0419921875
0 0.61328125 0.3916015625 0.0234375 0.044921875
0 0.1787109375 0.4287109375 0.0419921875 0.052734375
1 0.220703125 0.54296875 0.037109375 0.05859375