2 0.8349609375 0.9267578125 0.1640625 0.0859375
1 0.662109375 0.642578125 0.4248046875 0.447265625
1 0.8759765625 0.482421875 0.2392578125 0.2529296875
1 0.3798828125 0.4931640625 0.140625 0.203125
1 0.255859375 0.7412109375 0.3251953125 0.3662109375
1 0.7412109375 0.3134765625 0.013671875 0.02734375
1 0.4912109375 0.3447265625 0.0205078125 0.0390625
1 0.279296875 0.349609375 0.0263671875 0.044921875
1 0.2744140625 0.4404296875 0.091796875 0.1806640625
1 0.6474609375 0.3291015625 0.0263671875 0.052734375
1 0.5791015625 0.4052734375 0.0986328125 0.14453125
1 0.4375 0.3447265625 0.0185546875 0.02734375
1 0.462890625 0.3486328125 0.0439453125 0.05859375
0 0.3369140625 0.9580078125 0.173828125 0.0830078125
1 0.8935546875 0.33203125 0.0498046875 0.0634765625
1 0.3427734375 0.3525390625 0.044921875 0.0830078125
1 0.7353515625 0.4013671875 0.080078125 0.1357421875
1 0.5068359375 0.37109375 0.0703125 0.1357421875
1 0.76171875 0.3212890625 0.048828125 0.0634765625
1 0.22265625 0.361328125 0.0263671875 0.044921875
1 0.3017578125 0.341796875 0.025390625 0.044921875
1 0.6630859375 0.375 0.0859375 0.1162109375
1 0.818359375 0.341796875 0.0732421875 0.099609375
1 0.66796875 0.3291015625 0.0205078125 0.0419921875
1 0.1689453125 0.3486328125 0.037109375 0.05859375
1 0.09375 0.50390625 0.125 0.2587890625
1 0.259765625 0.3623046875 0.0185546875 0.025390625
0 0.478515625 0.482421875 0.044921875 0.0419921875
0 0.8876953125 0.6044921875 0.0625 0.046875
0 0.439453125 0.611328125 0.052734375 0.044921875
1 0.5859375 0.326171875 0.0283203125 0.052734375
1 0.8564453125 0.341796875 0.025390625 0.033203125
0 0.185546875 0.9306640625 0.201171875 0.1337890625
1 0.955078125 0.3623046875 0.021484375 0.0419921875
1 0.9814453125 0.3525390625 0.037109375 0.044921875
0 0.4990234375 0.43359375 0.0234375 0.0166015625
1 0.400390625 0.390625 0.025390625 0.046875
0 0.525390625 0.5830078125 0.119140625 0.0615234375
0 0.611328125 0.3984375 0.0234375 0.01953125
1 0.0234375 0.4462890625 0.046875 0.1142578125
1 0.955078125 0.70703125 0.0859375 0.2529296875
0 0.388671875 0.587890625 0.0390625 0.025390625
0 0.2939453125 0.5654296875 0.0439453125 0.025390625
1 0.3662109375 0.3544921875 0.0205078125 0.0302734375
0 0.388671875 0.8916015625 0.138671875 0.0947265625
0 0.466796875 0.388671875 0.0341796875 0.0224609375
1 0.181640625 0.4072265625 0.1123046875 0.1416015625
0 0.6171875 0.48046875 0.0283203125 0.0224609375
0 0.7724609375 0.44140625 0.033203125 0.033203125
0 0.0341796875 0.6015625 0.068359375 0.052734375
0 0.412109375 0.4287109375 0.013671875 0.025390625
0 0.0078125 0.4990234375 0.015625 0.0302734375
0 0.787109375 0.3984375 0.0185546875 0.0087890625
0 0.041015625 0.544921875 0.08203125 0.046875
0 0.7998046875 0.37890625 0.025390625 0.01953125
1 0.62890625 0.3330078125 0.0205078125 0.0390625
1 0.7236328125 0.34765625 0.021484375 0.033203125
0 0.3017578125 0.50390625 0.021484375 0.0361328125
1 0.318359375 0.3486328125 0.0126953125 0.0302734375
0 0.634765625 0.4248046875 0.0263671875 0.0166015625
0 0.775390625 0.35546875 0.013671875 0.0224609375
0 0.1259765625 0.466796875 0.0234375 0.0166015625
0 0.3095703125 0.392578125 0.021484375 0.0302734375