2 0.833984375 0.923828125 0.166015625 0.080078125
1 0.671875 0.6650390625 0.4375 0.3974609375
1 0.888671875 0.482421875 0.216796875 0.2529296875
1 0.5068359375 0.328125 0.013671875 0.02734375
1 0.244140625 0.75390625 0.3642578125 0.486328125
1 0.7177734375 0.4169921875 0.126953125 0.1669921875
1 0.3623046875 0.490234375 0.15625 0.1806640625
1 0.4619140625 0.345703125 0.0546875 0.0859375
1 0.2255859375 0.37109375 0.033203125 0.0751953125
1 0.642578125 0.318359375 0.021484375 0.025390625
1 0.494140625 0.341796875 0.0185546875 0.02734375
1 0.2939453125 0.3349609375 0.0185546875 0.0302734375
1 0.2705078125 0.349609375 0.025390625 0.044921875
1 0.1875 0.4404296875 0.1435546875 0.197265625
1 0.88671875 0.3232421875 0.048828125 0.080078125
1 0.712890625 0.318359375 0.0439453125 0.0693359375
0 0.4873046875 0.4287109375 0.03125 0.01953125
1 0.5869140625 0.337890625 0.048828125 0.0751953125
1 0.279296875 0.4306640625 0.0625 0.171875
1 0.3544921875 0.341796875 0.021484375 0.033203125
1 0.818359375 0.3388671875 0.0732421875 0.099609375
1 0.326171875 0.380859375 0.046875 0.1162109375
1 0.0625 0.494140625 0.119140625 0.2333984375
1 0.310546875 0.3486328125 0.0205078125 0.01953125
1 0.5615234375 0.3720703125 0.0390625 0.0556640625
0 0.537109375 0.5791015625 0.123046875 0.052734375
1 0.763671875 0.31640625 0.048828125 0.072265625
1 0.5068359375 0.3916015625 0.064453125 0.138671875
0 0.419921875 0.455078125 0.033203125 0.0390625
1 0.662109375 0.33984375 0.0439453125 0.0693359375
0 0.4384765625 0.607421875 0.0546875 0.0419921875
0 0.40625 0.4248046875 0.025390625 0.0166015625
0 0.380859375 0.580078125 0.0703125 0.0390625
1 0.9736328125 0.36328125 0.052734375 0.0625
1 0.951171875 0.6943359375 0.095703125 0.2890625
0 0.474609375 0.4833984375 0.037109375 0.0390625
0 0.69921875 0.4765625 0.044921875 0.025390625
0 0.7802734375 0.443359375 0.048828125 0.0361328125
0 0.6064453125 0.5625 0.025390625 0.025390625
1 0.8515625 0.3427734375 0.025390625 0.0419921875
1 0.931640625 0.3544921875 0.025390625 0.0361328125
1 0.189453125 0.3720703125 0.03125 0.0556640625
0 0.201171875 0.4931640625 0.0546875 0.025390625
0 0.6015625 0.39453125 0.021484375 0.0166015625
0 0.30078125 0.56640625 0.0419921875 0.033203125
0 0.587890625 0.37890625 0.0205078125 0.01953125
0 0.462890625 0.3916015625 0.0185546875 0.0166015625
0 0.28515625 0.4306640625 0.0361328125 0.0224609375
0 0.6494140625 0.427734375 0.0263671875 0.0166015625
1 0.599609375 0.31640625 0.013671875 0.0224609375
0 0.189453125 0.4541015625 0.068359375 0.0302734375
1 0.8427734375 0.3134765625 0.013671875 0.02734375
1 0.0439453125 0.427734375 0.025390625 0.033203125
1 0.61328125 0.3486328125 0.017578125 0.0419921875
0 0.8037109375 0.4169921875 0.0419921875 0.033203125