2 0.8349609375 0.923828125 0.1669921875 0.080078125
1 0.693359375 0.6943359375 0.466796875 0.3330078125
1 0.2294921875 0.759765625 0.447265625 0.4697265625
1 0.4365234375 0.4052734375 0.111328125 0.150390625
1 0.8564453125 0.455078125 0.28125 0.2392578125
1 0.275390625 0.3486328125 0.029296875 0.0419921875
1 0.548828125 0.4482421875 0.1455078125 0.2080078125
1 0.169921875 0.4052734375 0.126953125 0.14453125
1 0.31640625 0.365234375 0.0703125 0.091796875
1 0.23046875 0.357421875 0.0263671875 0.0361328125
1 0.060546875 0.4765625 0.1201171875 0.197265625
1 0.5849609375 0.330078125 0.033203125 0.072265625
1 0.6630859375 0.3349609375 0.048828125 0.080078125
1 0.9677734375 0.369140625 0.064453125 0.1279296875
1 0.4892578125 0.341796875 0.021484375 0.033203125
1 0.830078125 0.302734375 0.0234375 0.02734375
1 0.931640625 0.341796875 0.033203125 0.0498046875
1 0.89453125 0.3427734375 0.0546875 0.0859375
1 0.2607421875 0.443359375 0.09375 0.1806640625
1 0.1630859375 0.3544921875 0.0390625 0.046875
0 0.380859375 0.568359375 0.0810546875 0.05859375
1 0.755859375 0.3154296875 0.03125 0.05859375
0 0.478515625 0.482421875 0.0439453125 0.0361328125
1 0.3681640625 0.357421875 0.0234375 0.0419921875
1 0.716796875 0.341796875 0.021484375 0.044921875
1 0.9560546875 0.6875 0.0810546875 0.30859375
1 0.697265625 0.4306640625 0.111328125 0.22265625
0 0.4892578125 0.4287109375 0.03125 0.01953125
1 0.53125 0.3486328125 0.0126953125 0.01953125
1 0.3994140625 0.3974609375 0.0263671875 0.044921875
0 0.4384765625 0.607421875 0.0546875 0.0419921875
0 0.5263671875 0.576171875 0.087890625 0.052734375
0 0.4013671875 0.43359375 0.0341796875 0.0390625
1 0.7802734375 0.361328125 0.0419921875 0.0947265625
1 0.5126953125 0.3359375 0.03125 0.044921875
0 0.6015625 0.5556640625 0.072265625 0.0615234375
0 0.697265625 0.4794921875 0.044921875 0.025390625
0 0.298828125 0.568359375 0.0439453125 0.0302734375
1 0.6982421875 0.35546875 0.0283203125 0.0498046875
0 0.611328125 0.384765625 0.0341796875 0.0302734375
1 0.99609375 0.3291015625 0.0078125 0.0419921875
0 0.310546875 0.3916015625 0.0185546875 0.02734375
1 0.462890625 0.3447265625 0.0234375 0.033203125
0 0.462890625 0.3916015625 0.025390625 0.0166015625
1 0.6201171875 0.3212890625 0.0283203125 0.0419921875
1 0.318359375 0.3525390625 0.0126953125 0.02734375
0 0.0439453125 0.5947265625 0.087890625 0.0615234375
0 0.3505859375 0.37890625 0.0205078125 0.025390625
0 0.2802734375 0.4306640625 0.0361328125 0.0224609375
0 0.7685546875 0.443359375 0.025390625 0.0302734375
0 0.591796875 0.400390625 0.0205078125 0.033203125
0 0.642578125 0.4248046875 0.033203125 0.0166015625
0 0.42578125 0.46484375 0.0205078125 0.013671875
1 0.8427734375 0.31640625 0.013671875 0.02734375
2 0.9873046875 0.5419921875 0.025390625 0.0498046875
2 0.8623046875 0.5556640625 0.037109375 0.0166015625
0 0.95703125 0.349609375 0.0205078125 0.0166015625
1 0.1572265625 0.453125 0.0234375 0.02734375