2 0.83203125 0.923828125 0.1640625 0.080078125
1 0.6767578125 0.66796875 0.4375 0.3857421875
1 0.8681640625 0.4794921875 0.216796875 0.2529296875
1 0.373046875 0.4931640625 0.158203125 0.1806640625
1 0.6982421875 0.423828125 0.1220703125 0.169921875
1 0.537109375 0.466796875 0.15625 0.1884765625
1 0.2412109375 0.3720703125 0.044921875 0.06640625
1 0.650390625 0.318359375 0.013671875 0.0302734375
1 0.5048828125 0.326171875 0.0126953125 0.025390625
1 0.248046875 0.7666015625 0.328125 0.4443359375
1 0.5859375 0.3193359375 0.015625 0.02734375
1 0.45703125 0.3544921875 0.048828125 0.080078125
1 0.736328125 0.318359375 0.0205078125 0.0302734375
1 0.298828125 0.33203125 0.0107421875 0.025390625
1 0.8974609375 0.337890625 0.0673828125 0.0751953125
1 0.5341796875 0.337890625 0.015625 0.0419921875
1 0.7119140625 0.330078125 0.0263671875 0.044921875
1 0.3291015625 0.384765625 0.048828125 0.130859375
1 0.193359375 0.4482421875 0.123046875 0.23046875
1 0.5615234375 0.3720703125 0.0390625 0.044921875
1 0.818359375 0.341796875 0.0732421875 0.10546875
1 0.7685546875 0.328125 0.0439453125 0.0830078125
1 0.494140625 0.341796875 0.0185546875 0.02734375
1 0.076171875 0.51171875 0.15234375 0.2578125
1 0.4296875 0.357421875 0.0283203125 0.046875
1 0.349609375 0.3388671875 0.0185546875 0.033203125
0 0.4755859375 0.48046875 0.0419921875 0.0390625
1 0.2763671875 0.3447265625 0.0185546875 0.033203125
1 0.978515625 0.3525390625 0.0419921875 0.0615234375
0 0.880859375 0.6162109375 0.1123046875 0.078125
1 0.810546875 0.3115234375 0.017578125 0.033203125
1 0.671875 0.3193359375 0.0185546875 0.033203125
0 0.4384765625 0.607421875 0.0546875 0.0419921875
0 0.37890625 0.580078125 0.076171875 0.033203125
1 0.9501953125 0.3486328125 0.025390625 0.0419921875
0 0.5419921875 0.578125 0.1220703125 0.0556640625
1 0.552734375 0.29296875 0.025390625 0.125
1 0.58203125 0.3486328125 0.029296875 0.052734375
1 0.275390625 0.3759765625 0.0263671875 0.0361328125
0 0.484375 0.4287109375 0.0283203125 0.01953125
1 0.6279296875 0.341796875 0.052734375 0.078125
0 0.642578125 0.4248046875 0.033203125 0.0166015625
0 0.767578125 0.443359375 0.021484375 0.0302734375
1 0.984375 0.4638671875 0.03125 0.138671875
0 0.287109375 0.5712890625 0.068359375 0.0361328125
0 0.736328125 0.462890625 0.0498046875 0.01953125
0 0.587890625 0.37890625 0.0205078125 0.013671875
0 0.2548828125 0.4072265625 0.021484375 0.013671875
1 0.6591796875 0.3740234375 0.0283203125 0.0419921875
1 0.3623046875 0.35546875 0.0126953125 0.0224609375
0 0.978515625 0.384765625 0.0419921875 0.01953125
0 0.69921875 0.47265625 0.044921875 0.033203125
0 0.798828125 0.3779296875 0.0234375 0.0107421875
2 0.2880859375 0.404296875 0.0107421875 0.025390625
1 0.9560546875 0.6650390625 0.087890625 0.34765625
0 0.599609375 0.4609375 0.0390625 0.044921875
0 0.767578125 0.3720703125 0.021484375 0.033203125
0 0.78125 0.427734375 0.0185546875 0.0166015625
1 0.603515625 0.3193359375 0.015625 0.02734375
1 0.3671875 0.3916015625 0.015625 0.072265625
0 0.279296875 0.4306640625 0.056640625 0.02734375
0 0.6181640625 0.486328125 0.0263671875 0.033203125
1 0.837890625 0.31640625 0.0126953125 0.02734375
1 0.63671875 0.3486328125 0.017578125 0.01953125
0 0.603515625 0.392578125 0.013671875 0.013671875
2 0.462890625 0.390625 0.013671875 0.01953125
1 0.75 0.380859375 0.0126953125 0.044921875
0 0.90625 0.357421875 0.025390625 0.013671875