2 0.8349609375 0.923828125 0.1640625 0.080078125
1 0.669921875 0.64453125 0.4267578125 0.4384765625
1 0.361328125 0.490234375 0.1669921875 0.1865234375
1 0.955078125 0.4306640625 0.0888671875 0.244140625
1 0.2412109375 0.77734375 0.3828125 0.43359375
1 0.6357421875 0.3125 0.0185546875 0.01953125
1 0.7314453125 0.318359375 0.0185546875 0.0361328125
1 0.5537109375 0.361328125 0.0361328125 0.044921875
1 0.669921875 0.31640625 0.0205078125 0.02734375
1 0.48046875 0.341796875 0.013671875 0.02734375
1 0.1943359375 0.453125 0.1201171875 0.2392578125
1 0.23046875 0.35546875 0.0263671875 0.044921875
1 0.287109375 0.4052734375 0.0625 0.138671875
1 0.8232421875 0.337890625 0.078125 0.1083984375
0 0.4755859375 0.48046875 0.0419921875 0.0390625
1 0.7119140625 0.390625 0.0888671875 0.119140625
1 0.080078125 0.541015625 0.16015625 0.34375
1 0.1689453125 0.349609375 0.03125 0.0556640625
1 0.763671875 0.3427734375 0.056640625 0.1083984375
1 0.2998046875 0.3359375 0.0185546875 0.044921875
1 0.431640625 0.3623046875 0.033203125 0.0693359375
1 0.89453125 0.328125 0.048828125 0.06640625
1 0.5927734375 0.31640625 0.017578125 0.033203125
1 0.349609375 0.361328125 0.0439453125 0.078125
1 0.498046875 0.380859375 0.072265625 0.150390625
1 0.318359375 0.3427734375 0.0205078125 0.0361328125
1 0.283203125 0.341796875 0.021484375 0.0390625
1 0.576171875 0.3349609375 0.0205078125 0.0302734375
1 0.19921875 0.3681640625 0.0361328125 0.052734375
1 0.5810546875 0.3955078125 0.0625 0.125
0 0.8603515625 0.6083984375 0.123046875 0.0615234375
0 0.482421875 0.4287109375 0.029296875 0.01953125
0 0.3818359375 0.572265625 0.0673828125 0.044921875
0 0.5341796875 0.5751953125 0.1123046875 0.0556640625
1 0.6953125 0.3642578125 0.025390625 0.0390625
0 0.4052734375 0.4384765625 0.0263671875 0.0390625
0 0.439453125 0.6083984375 0.052734375 0.0390625
1 0.2421875 0.3955078125 0.0283203125 0.0419921875
0 0.412109375 0.4609375 0.025390625 0.0166015625
1 0.0185546875 0.4580078125 0.037109375 0.1162109375
1 0.462890625 0.3330078125 0.0205078125 0.033203125
1 0.6181640625 0.3486328125 0.044921875 0.080078125
0 0.6435546875 0.423828125 0.037109375 0.01953125
1 0.2607421875 0.365234375 0.015625 0.0302734375
0 0.955078125 0.580078125 0.0576171875 0.033203125
0 0.4658203125 0.388671875 0.025390625 0.0224609375
1 0.712890625 0.3427734375 0.025390625 0.0361328125
0 0.611328125 0.39453125 0.03125 0.0166015625
0 0.0390625 0.544921875 0.078125 0.0498046875
0 0.2919921875 0.56640625 0.052734375 0.0224609375
1 0.5341796875 0.3544921875 0.015625 0.025390625
2 0.6103515625 0.4775390625 0.0205078125 0.0224609375
0 0.767578125 0.4404296875 0.0205078125 0.025390625
0 0.923828125 0.388671875 0.017578125 0.0390625
0 0.380859375 0.404296875 0.017578125 0.01953125
0 0.587890625 0.4580078125 0.0234375 0.0390625
1 0.8876953125 0.359375 0.025390625 0.01953125
0 0.591796875 0.369140625 0.0126953125 0.0166015625
1 0.861328125 0.359375 0.03125 0.0419921875