2 0.8349609375 0.923828125 0.1640625 0.080078125
1 0.267578125 0.73046875 0.404296875 0.421875
1 0.837890625 0.4697265625 0.248046875 0.22265625
1 0.3759765625 0.484375 0.142578125 0.1806640625
1 0.4921875 0.3427734375 0.021484375 0.0361328125
1 0.705078125 0.69140625 0.4794921875 0.3330078125
1 0.5537109375 0.4912109375 0.205078125 0.171875
1 0.7373046875 0.3193359375 0.0185546875 0.0390625
1 0.431640625 0.34765625 0.0205078125 0.033203125
1 0.505859375 0.3291015625 0.0107421875 0.0302734375
1 0.1953125 0.44140625 0.119140625 0.2109375
1 0.6484375 0.3232421875 0.0185546875 0.0302734375
1 0.4599609375 0.349609375 0.044921875 0.06640625
1 0.89453125 0.33984375 0.0673828125 0.0859375
1 0.7001953125 0.412109375 0.099609375 0.169921875
1 0.7685546875 0.3623046875 0.056640625 0.119140625
1 0.279296875 0.3486328125 0.0263671875 0.0419921875
1 0.3447265625 0.31640625 0.013671875 0.02734375
1 0.509765625 0.3779296875 0.076171875 0.1552734375
1 0.23046875 0.359375 0.0234375 0.0419921875
1 0.3115234375 0.361328125 0.0546875 0.0830078125
1 0.576171875 0.341796875 0.0390625 0.0615234375
1 0.9560546875 0.6337890625 0.087890625 0.400390625
1 0.82421875 0.33203125 0.064453125 0.0859375
0 0.8779296875 0.611328125 0.115234375 0.0947265625
1 0.0556640625 0.4052734375 0.0859375 0.078125
0 0.4814453125 0.48046875 0.0498046875 0.0390625
0 0.4111328125 0.4404296875 0.025390625 0.0419921875
1 0.9794921875 0.3681640625 0.041015625 0.05859375
1 0.7119140625 0.341796875 0.0263671875 0.0556640625
0 0.4384765625 0.607421875 0.0546875 0.0419921875
0 0.4912109375 0.4287109375 0.033203125 0.01953125
0 0.3818359375 0.5751953125 0.0546875 0.044921875
1 0.6689453125 0.328125 0.0185546875 0.033203125
1 0.3623046875 0.3427734375 0.025390625 0.046875
0 0.36328125 0.9169921875 0.173828125 0.1552734375
1 0.193359375 0.3681640625 0.0361328125 0.046875
2 0.5439453125 0.595703125 0.068359375 0.0419921875
1 0.291015625 0.3525390625 0.0107421875 0.0224609375
1 0.7666015625 0.3115234375 0.0205078125 0.033203125
1 0.603515625 0.330078125 0.015625 0.033203125
0 0.451171875 0.3857421875 0.0234375 0.0166015625
0 0.591796875 0.453125 0.0234375 0.0224609375
0 0.349609375 0.37890625 0.0234375 0.025390625
0 0.697265625 0.4794921875 0.044921875 0.025390625
0 0.4970703125 0.591796875 0.0283203125 0.0224609375
0 0.6435546875 0.423828125 0.0439453125 0.01953125
0 0.4189453125 0.4677734375 0.03125 0.01953125
1 0.8544921875 0.337890625 0.0185546875 0.0302734375
2 0.54296875 0.5625 0.0673828125 0.025390625
0 0.048828125 0.568359375 0.0966796875 0.1083984375
0 0.7978515625 0.3759765625 0.0205078125 0.013671875
0 0.6103515625 0.3955078125 0.0263671875 0.013671875
1 0.9052734375 0.3837890625 0.0263671875 0.0390625
0 0.1494140625 0.4375 0.0234375 0.01953125
1 0.337890625 0.3525390625 0.0185546875 0.02734375
0 0.2802734375 0.4306640625 0.0419921875 0.0224609375
1 0.255859375 0.3623046875 0.033203125 0.05859375
0 0.798828125 0.359375 0.017578125 0.01953125
0 0.30078125 0.5 0.0205078125 0.033203125
2 0.60546875 0.576171875 0.0205078125 0.013671875
0 0.54296875 0.357421875 0.013671875 0.0419921875