2 0.8349609375 0.9267578125 0.1669921875 0.0859375
1 0.681640625 0.62890625 0.4248046875 0.453125
1 0.251953125 0.7529296875 0.447265625 0.4775390625
1 0.6435546875 0.3193359375 0.0185546875 0.033203125
1 0.673828125 0.31640625 0.0205078125 0.02734375
1 0.48828125 0.341796875 0.0205078125 0.0390625
1 0.3486328125 0.31640625 0.0185546875 0.02734375
1 0.5009765625 0.330078125 0.013671875 0.033203125
1 0.755859375 0.31640625 0.0419921875 0.078125
1 0.3759765625 0.4931640625 0.1484375 0.1865234375
1 0.8427734375 0.451171875 0.138671875 0.2138671875
1 0.701171875 0.4013671875 0.119140625 0.1748046875
1 0.310546875 0.35546875 0.056640625 0.0888671875
1 0.7060546875 0.326171875 0.0185546875 0.0361328125
1 0.224609375 0.3486328125 0.025390625 0.0419921875
1 0.7294921875 0.3056640625 0.0185546875 0.033203125
1 0.1904296875 0.4267578125 0.1220703125 0.2080078125
1 0.419921875 0.357421875 0.060546875 0.1083984375
1 0.951171875 0.443359375 0.095703125 0.2138671875
1 0.353515625 0.3544921875 0.0419921875 0.0859375
1 0.5439453125 0.3818359375 0.1064453125 0.1357421875
1 0.068359375 0.51171875 0.13671875 0.2578125
1 0.462890625 0.34765625 0.03125 0.06640625
1 0.2802734375 0.3427734375 0.0234375 0.0361328125
0 0.22265625 0.9287109375 0.1669921875 0.119140625
1 0.9306640625 0.3427734375 0.0419921875 0.080078125
0 0.943359375 0.580078125 0.099609375 0.0498046875
1 0.8359375 0.3291015625 0.0341796875 0.0634765625
1 0.197265625 0.361328125 0.0263671875 0.033203125
0 0.41015625 0.443359375 0.0205078125 0.0302734375
0 0.4384765625 0.611328125 0.0546875 0.044921875
1 0.609375 0.35546875 0.046875 0.072265625
0 0.3916015625 0.9287109375 0.1513671875 0.1416015625
1 0.0322265625 0.404296875 0.048828125 0.0634765625
0 0.544921875 0.5556640625 0.0888671875 0.0390625
0 0.857421875 0.5927734375 0.111328125 0.0693359375
0 0.474609375 0.48046875 0.037109375 0.0390625
1 0.2392578125 0.3857421875 0.046875 0.06640625
0 0.486328125 0.4306640625 0.029296875 0.0224609375
1 0.900390625 0.375 0.0361328125 0.0498046875
0 0.59765625 0.3974609375 0.0263671875 0.0166015625
0 0.46875 0.390625 0.025390625 0.025390625
2 0.541015625 0.591796875 0.0625 0.044921875
0 0.802734375 0.3779296875 0.041015625 0.0166015625
0 0.7666015625 0.365234375 0.0263671875 0.01953125
1 0.9638671875 0.3642578125 0.037109375 0.0390625
1 0.669921875 0.361328125 0.033203125 0.0556640625
0 0.494140625 0.5849609375 0.033203125 0.05859375
1 0.6005859375 0.3193359375 0.017578125 0.033203125
1 0.75 0.3095703125 0.0126953125 0.01953125
0 0.326171875 0.404296875 0.0283203125 0.013671875
1 0.634765625 0.359375 0.017578125 0.0302734375
0 0.6376953125 0.4248046875 0.0439453125 0.033203125
0 0.4482421875 0.46484375 0.041015625 0.0361328125
1 0.8876953125 0.3330078125 0.0185546875 0.0390625
0 0.9287109375 0.4111328125 0.0576171875 0.0166015625
0 0.8955078125 0.44140625 0.015625 0.02734375
0 0.28515625 0.4306640625 0.0419921875 0.02734375