2 0.8056640625 0.8623046875 0.1513671875 0.0751953125
1 0.6669921875 0.6279296875 0.4189453125 0.3662109375
1 0.884765625 0.2919921875 0.0283203125 0.0390625
1 0.248046875 0.3291015625 0.021484375 0.0361328125
1 0.53515625 0.447265625 0.154296875 0.1552734375
1 0.267578125 0.7294921875 0.3857421875 0.525390625
1 0.5009765625 0.2958984375 0.013671875 0.025390625
1 0.8310546875 0.4208984375 0.193359375 0.2587890625
1 0.380859375 0.4599609375 0.1328125 0.1806640625
1 0.69140625 0.3857421875 0.1142578125 0.1669921875
1 0.6318359375 0.29296875 0.017578125 0.0302734375
1 0.1875 0.33984375 0.03125 0.0419921875
1 0.65625 0.3056640625 0.037109375 0.0615234375
1 0.0966796875 0.455078125 0.162109375 0.25
1 0.2099609375 0.408203125 0.1201171875 0.171875
1 0.48828125 0.31640625 0.0205078125 0.033203125
1 0.58203125 0.294921875 0.013671875 0.02734375
1 0.455078125 0.330078125 0.0595703125 0.0888671875
1 0.97265625 0.2890625 0.0205078125 0.02734375
1 0.716796875 0.296875 0.021484375 0.044921875
1 0.291015625 0.3115234375 0.0205078125 0.033203125
1 0.3193359375 0.337890625 0.0673828125 0.1083984375
1 0.8369140625 0.2890625 0.044921875 0.0615234375
1 0.787109375 0.3056640625 0.056640625 0.078125
1 0.318359375 0.3037109375 0.0185546875 0.0302734375
1 0.556640625 0.361328125 0.037109375 0.0556640625
1 0.7001953125 0.318359375 0.025390625 0.052734375
1 0.369140625 0.318359375 0.0185546875 0.0419921875
1 0.943359375 0.3115234375 0.037109375 0.044921875
0 0.904296875 0.537109375 0.1669921875 0.0693359375
0 0.478515625 0.4482421875 0.041015625 0.0419921875
0 0.443359375 0.568359375 0.0517578125 0.0361328125
0 0.5341796875 0.5302734375 0.119140625 0.0498046875
1 0.6044921875 0.341796875 0.0654296875 0.138671875
1 0.9091796875 0.3193359375 0.0341796875 0.0498046875
1 0.23828125 0.359375 0.0205078125 0.0302734375
0 0.41015625 0.3955078125 0.0263671875 0.025390625
0 0.4892578125 0.400390625 0.0283203125 0.0166015625
0 0.3779296875 0.5322265625 0.0595703125 0.0419921875
1 0.59765625 0.298828125 0.017578125 0.0302734375
0 0.3564453125 0.3447265625 0.025390625 0.0224609375
1 0.744140625 0.2919921875 0.0361328125 0.0615234375
0 0.423828125 0.41796875 0.0205078125 0.0361328125
0 0.1875 0.427734375 0.03125 0.0224609375
1 0.7451171875 0.3486328125 0.021484375 0.05859375
0 0.0302734375 0.4609375 0.017578125 0.0166015625
0 0.607421875 0.35546875 0.0234375 0.0224609375
1 0.26171875 0.3681640625 0.0263671875 0.0361328125
0 0.748046875 0.4072265625 0.0361328125 0.0419921875
0 0.466796875 0.365234375 0.0234375 0.01953125
2 0.3955078125 0.9736328125 0.0341796875 0.0419921875
0 0.638671875 0.3955078125 0.03125 0.013671875
0 0.58203125 0.3486328125 0.013671875 0.0087890625
0 0.900390625 0.361328125 0.0185546875 0.033203125
0 0.39453125 0.5556640625 0.033203125 0.0107421875
0 0.2919921875 0.3984375 0.037109375 0.01953125
0 0.5810546875 0.3720703125 0.0185546875 0.044921875
0 0.79296875 0.3740234375 0.0361328125 0.0419921875
0 0.21875 0.41796875 0.0439453125 0.025390625
0 0.794921875 0.33984375 0.013671875 0.01953125
1 0.517578125 0.28515625 0.0185546875 0.0302734375
1 0.6240234375 0.3232421875 0.0205078125 0.0302734375
0 0.5849609375 0.4267578125 0.0205078125 0.0361328125
2 0.966796875 0.5126953125 0.037109375 0.01953125
1 0.517578125 0.3427734375 0.025390625 0.0361328125
0 0.2177734375 0.4443359375 0.0517578125 0.02734375