2 0.8349609375 0.927734375 0.1640625 0.0830078125
1 0.66796875 0.681640625 0.4482421875 0.375
1 0.8447265625 0.455078125 0.236328125 0.2666015625
1 0.2314453125 0.3515625 0.025390625 0.0361328125
1 0.248046875 0.75390625 0.34375 0.474609375
1 0.373046875 0.4931640625 0.1669921875 0.19140625
1 0.7099609375 0.4111328125 0.1142578125 0.1669921875
1 0.1923828125 0.4384765625 0.115234375 0.2001953125
1 0.8115234375 0.341796875 0.0546875 0.0947265625
1 0.5380859375 0.4931640625 0.1640625 0.1640625
1 0.275390625 0.345703125 0.025390625 0.0361328125
1 0.7744140625 0.3115234375 0.0419921875 0.06640625
1 0.4921875 0.341796875 0.0185546875 0.02734375
1 0.5068359375 0.37890625 0.0703125 0.1474609375
1 0.900390625 0.3515625 0.048828125 0.1025390625
1 0.599609375 0.35546875 0.037109375 0.078125
1 0.5791015625 0.337890625 0.0234375 0.0302734375
1 0.2470703125 0.3857421875 0.037109375 0.0556640625
1 0.435546875 0.3662109375 0.0966796875 0.10546875
1 0.7197265625 0.3193359375 0.044921875 0.072265625
1 0.3017578125 0.3427734375 0.025390625 0.0419921875
0 0.4755859375 0.48046875 0.0419921875 0.0390625
1 0.673828125 0.326171875 0.0205078125 0.0361328125
0 0.37890625 0.5791015625 0.060546875 0.0361328125
1 0.0751953125 0.517578125 0.1435546875 0.2861328125
1 0.94140625 0.3583984375 0.0419921875 0.072265625
1 0.974609375 0.380859375 0.0498046875 0.0830078125
0 0.8681640625 0.60546875 0.1044921875 0.0615234375
0 0.4384765625 0.6083984375 0.0546875 0.0390625
0 0.419921875 0.455078125 0.033203125 0.0390625
1 0.5634765625 0.3916015625 0.060546875 0.10546875
0 0.537109375 0.5791015625 0.1044921875 0.046875
0 0.40625 0.427734375 0.025390625 0.0224609375
0 0.494140625 0.4306640625 0.03125 0.0224609375
0 0.3857421875 0.92578125 0.154296875 0.1484375
1 0.1923828125 0.3662109375 0.0341796875 0.044921875
1 0.0498046875 0.4072265625 0.056640625 0.0634765625
1 0.5947265625 0.3037109375 0.013671875 0.025390625
1 0.6806640625 0.3720703125 0.029296875 0.0556640625
1 0.62890625 0.34765625 0.029296875 0.0556640625
0 0.693359375 0.48046875 0.0498046875 0.033203125
0 0.326171875 0.4052734375 0.029296875 0.0107421875
1 0.6494140625 0.3232421875 0.017578125 0.0302734375
1 0.3447265625 0.3544921875 0.0419921875 0.0859375
0 0.283203125 0.4306640625 0.041015625 0.0224609375
1 0.0234375 0.462890625 0.046875 0.0751953125
0 0.306640625 0.56640625 0.03125 0.02734375
0 0.9111328125 0.408203125 0.03125 0.0166015625
0 0.30078125 0.49609375 0.0205078125 0.025390625
1 0.22265625 0.380859375 0.017578125 0.033203125
1 0.9541015625 0.7275390625 0.0888671875 0.2275390625
0 0.6103515625 0.39453125 0.0263671875 0.0166015625
1 0.763671875 0.4111328125 0.0361328125 0.0556640625
0 0.4638671875 0.3916015625 0.0185546875 0.0166015625
0 0.7978515625 0.3779296875 0.0205078125 0.0107421875
1 0.5419921875 0.3544921875 0.015625 0.0302734375
1 0.138671875 0.41796875 0.0126953125 0.0302734375
0 0.25 0.41796875 0.03125 0.01953125
1 0.45703125 0.3544921875 0.0234375 0.0361328125
0 0.947265625 0.587890625 0.046875 0.01953125
0 0.646484375 0.4208984375 0.037109375 0.025390625
0 0.767578125 0.443359375 0.0205078125 0.025390625
1 0.712890625 0.3662109375 0.0205078125 0.02734375
0 0.5810546875 0.5302734375 0.025390625 0.0498046875
0 0.1318359375 0.4609375 0.0234375 0.0166015625
0 0.3115234375 0.3818359375 0.013671875 0.046875