2 0.8349609375 0.9248046875 0.1669921875 0.0830078125
1 0.6767578125 0.630859375 0.4248046875 0.455078125
1 0.2626953125 0.759765625 0.40625 0.44140625
1 0.369140625 0.4912109375 0.1435546875 0.1669921875
1 0.5263671875 0.33984375 0.021484375 0.0419921875
1 0.8369140625 0.3056640625 0.017578125 0.033203125
1 0.197265625 0.443359375 0.1171875 0.2080078125
1 0.64453125 0.318359375 0.0205078125 0.0361328125
1 0.2919921875 0.3212890625 0.015625 0.025390625
1 0.552734375 0.3623046875 0.037109375 0.0419921875
1 0.73046875 0.31640625 0.0205078125 0.044921875
1 0.080078125 0.50390625 0.154296875 0.26953125
1 0.26171875 0.3837890625 0.064453125 0.099609375
1 0.462890625 0.3525390625 0.0439453125 0.0888671875
1 0.5810546875 0.3388671875 0.03125 0.072265625
1 0.7431640625 0.37890625 0.0703125 0.1025390625
1 0.3134765625 0.3857421875 0.060546875 0.1279296875
1 0.9501953125 0.439453125 0.099609375 0.20703125
1 0.6005859375 0.4052734375 0.0576171875 0.1279296875
1 0.025390625 0.380859375 0.029296875 0.02734375
1 0.5068359375 0.369140625 0.064453125 0.1611328125
1 0.404296875 0.380859375 0.03125 0.078125
1 0.7666015625 0.3193359375 0.044921875 0.072265625
1 0.21875 0.3623046875 0.03125 0.0419921875
1 0.896484375 0.3291015625 0.052734375 0.0693359375
1 0.818359375 0.33203125 0.076171875 0.091796875
1 0.4873046875 0.341796875 0.0185546875 0.033203125
1 0.9306640625 0.3427734375 0.0361328125 0.0634765625
1 0.712890625 0.341796875 0.03125 0.0498046875
0 0.478515625 0.482421875 0.0439453125 0.0361328125
1 0.66796875 0.318359375 0.0205078125 0.0419921875
0 0.9287109375 0.572265625 0.107421875 0.0556640625
0 0.3935546875 0.9287109375 0.1435546875 0.1416015625
0 0.380859375 0.5791015625 0.060546875 0.0361328125
1 0.6064453125 0.3212890625 0.0185546875 0.0361328125
0 0.4384765625 0.607421875 0.0546875 0.0419921875
1 0.318359375 0.359375 0.0234375 0.0302734375
1 0.673828125 0.3681640625 0.033203125 0.05859375
0 0.5439453125 0.5556640625 0.0810546875 0.0390625
1 0.69921875 0.3916015625 0.0361328125 0.033203125
0 0.79296875 0.37890625 0.0205078125 0.013671875
0 0.326171875 0.404296875 0.0263671875 0.013671875
1 0.3359375 0.3427734375 0.0185546875 0.025390625
1 0.9501953125 0.7236328125 0.099609375 0.23046875
0 0.623046875 0.4794921875 0.025390625 0.025390625
0 0.4931640625 0.4306640625 0.029296875 0.0224609375
0 0.4306640625 0.466796875 0.0263671875 0.0224609375
0 0.494140625 0.58203125 0.033203125 0.05859375
0 0.650390625 0.423828125 0.025390625 0.01953125
2 0.541015625 0.591796875 0.0625 0.044921875
0 0.349609375 0.37890625 0.037109375 0.025390625
1 0.2763671875 0.359375 0.0185546875 0.0302734375
0 0.30078125 0.50390625 0.0234375 0.0361328125
0 0.8134765625 0.400390625 0.044921875 0.044921875
0 0.2939453125 0.4287109375 0.0185546875 0.013671875
2 0.5947265625 0.41015625 0.0205078125 0.0302734375
1 0.76171875 0.3037109375 0.0107421875 0.025390625
0 0.486328125 0.5126953125 0.0234375 0.01953125
2 0.4599609375 0.955078125 0.0234375 0.0830078125
0 0.9384765625 0.384765625 0.013671875 0.0419921875
2 0.8818359375 0.619140625 0.0234375 0.0166015625