2 0.8056640625 0.859375 0.1513671875 0.080078125
1 0.669921875 0.615234375 0.4111328125 0.3583984375
1 0.283203125 0.6845703125 0.3720703125 0.4697265625
1 0.3876953125 0.4541015625 0.125 0.19140625
1 0.541015625 0.4443359375 0.1533203125 0.1669921875
1 0.6904296875 0.3779296875 0.109375 0.1337890625
1 0.4375 0.31640625 0.0185546875 0.02734375
1 0.3115234375 0.2998046875 0.017578125 0.0166015625
1 0.091796875 0.4580078125 0.1640625 0.2333984375
1 0.20703125 0.3974609375 0.1044921875 0.1669921875
1 0.25 0.33203125 0.037109375 0.0634765625
1 0.2880859375 0.31640625 0.0234375 0.0390625
1 0.9345703125 0.4296875 0.130859375 0.19921875
1 0.3232421875 0.3388671875 0.0439453125 0.072265625
1 0.8076171875 0.275390625 0.021484375 0.033203125
0 0.099609375 0.927734375 0.19921875 0.13671875
1 0.869140625 0.294921875 0.0439453125 0.0615234375
1 0.8369140625 0.3427734375 0.048828125 0.052734375
1 0.7177734375 0.2958984375 0.0234375 0.0419921875
1 0.46875 0.318359375 0.0439453125 0.0693359375
1 0.65625 0.302734375 0.037109375 0.0556640625
0 0.8955078125 0.5419921875 0.1376953125 0.0615234375
1 0.6279296875 0.29296875 0.0185546875 0.0302734375
1 0.787109375 0.318359375 0.056640625 0.080078125
1 0.8935546875 0.330078125 0.03125 0.0498046875
1 0.6171875 0.328125 0.0498046875 0.078125
1 0.7509765625 0.294921875 0.0390625 0.072265625
1 0.3642578125 0.31640625 0.025390625 0.0498046875
1 0.9619140625 0.3037109375 0.0205078125 0.052734375
0 0.478515625 0.451171875 0.041015625 0.0361328125
1 0.498046875 0.2958984375 0.015625 0.025390625
0 0.443359375 0.568359375 0.0546875 0.0361328125
1 0.5791015625 0.31640625 0.033203125 0.06640625
1 0.212890625 0.3349609375 0.03125 0.0302734375
1 0.681640625 0.3330078125 0.0263671875 0.0390625
0 0.4912109375 0.4013671875 0.029296875 0.025390625
1 0.5986328125 0.3056640625 0.015625 0.02734375
2 0.5419921875 0.552734375 0.0654296875 0.0390625
0 0.3984375 0.544921875 0.03125 0.0224609375
1 0.513671875 0.298828125 0.015625 0.0419921875
0 0.4072265625 0.3955078125 0.029296875 0.025390625
0 0.6044921875 0.3642578125 0.03125 0.0224609375
0 0.4287109375 0.41796875 0.029296875 0.0361328125
0 0.9599609375 0.5302734375 0.0419921875 0.0224609375
0 0.46875 0.361328125 0.0185546875 0.0166015625
0 0.587890625 0.5166015625 0.029296875 0.0224609375
0 0.9326171875 0.357421875 0.025390625 0.025390625
0 0.29296875 0.3984375 0.048828125 0.0302734375
1 0.255859375 0.322265625 0.0126953125 0.0166015625
2 0.3984375 0.9599609375 0.037109375 0.0693359375
1 0.326171875 0.328125 0.013671875 0.0224609375
0 0.3623046875 0.904296875 0.150390625 0.1865234375
0 0.76171875 0.4052734375 0.017578125 0.0224609375
0 0.6142578125 0.3876953125 0.0341796875 0.0302734375
1 0.7373046875 0.4072265625 0.037109375 0.046875
1 0.3134765625 0.466796875 0.076171875 0.0556640625
0 0.357421875 0.3486328125 0.0234375 0.0302734375
0 0.72265625 0.44140625 0.0517578125 0.0390625
0 0.158203125 0.4306640625 0.021484375 0.0224609375
1 0.58203125 0.294921875 0.0107421875 0.0166015625
1 0.5244140625 0.328125 0.0234375 0.0390625
0 0.62890625 0.41796875 0.029296875 0.046875