2 0.83203125 0.927734375 0.1669921875 0.0830078125
1 0.373046875 0.48046875 0.140625 0.2109375
1 0.6064453125 0.591796875 0.3125 0.52734375
1 0.236328125 0.3623046875 0.046875 0.080078125
1 0.607421875 0.330078125 0.0205078125 0.033203125
1 0.5 0.326171875 0.0185546875 0.0361328125
1 0.8603515625 0.5087890625 0.263671875 0.27734375
1 0.484375 0.341796875 0.021484375 0.033203125
1 0.4326171875 0.3330078125 0.0185546875 0.033203125
1 0.4541015625 0.3955078125 0.0986328125 0.1474609375
1 0.306640625 0.3681640625 0.048828125 0.080078125
1 0.580078125 0.330078125 0.0390625 0.072265625
1 0.1748046875 0.39453125 0.1064453125 0.14453125
1 0.349609375 0.3447265625 0.037109375 0.0615234375
1 0.4560546875 0.318359375 0.025390625 0.0419921875
1 0.642578125 0.318359375 0.0205078125 0.025390625
1 0.830078125 0.3359375 0.041015625 0.06640625
1 0.734375 0.3251953125 0.021484375 0.044921875
1 0.279296875 0.3525390625 0.0234375 0.0390625
1 0.181640625 0.3427734375 0.025390625 0.0361328125
1 0.7666015625 0.3193359375 0.0361328125 0.0830078125
1 0.673828125 0.3134765625 0.0185546875 0.02734375
1 0.744140625 0.3984375 0.068359375 0.130859375
1 0.23046875 0.740234375 0.4267578125 0.513671875
1 0.931640625 0.3427734375 0.056640625 0.0859375
1 0.0830078125 0.4912109375 0.166015625 0.2333984375
1 0.5068359375 0.3056640625 0.0107421875 0.0166015625
1 0.884765625 0.3291015625 0.0625 0.0693359375
1 0.7109375 0.31640625 0.025390625 0.033203125
0 0.380859375 0.9423828125 0.10546875 0.115234375
0 0.4384765625 0.611328125 0.0517578125 0.044921875
0 0.375 0.5751953125 0.068359375 0.044921875
0 0.4072265625 0.4375 0.029296875 0.0302734375
0 0.8818359375 0.609375 0.0673828125 0.0419921875
0 0.1689453125 0.447265625 0.03125 0.033203125
1 0.5380859375 0.3544921875 0.033203125 0.0634765625
0 0.2685546875 0.9619140625 0.091796875 0.076171875
1 0.0185546875 0.4208984375 0.037109375 0.0859375
0 0.4794921875 0.4833984375 0.046875 0.0390625
0 0.494140625 0.5830078125 0.029296875 0.0390625
0 0.498046875 0.4306640625 0.0185546875 0.0224609375
1 0.9677734375 0.7080078125 0.064453125 0.2607421875
2 0.796875 0.4306640625 0.021484375 0.0224609375
1 0.494140625 0.37890625 0.025390625 0.05859375
0 0.7734375 0.443359375 0.037109375 0.0361328125
0 0.4384765625 0.4677734375 0.029296875 0.01953125
0 0.2548828125 0.408203125 0.021484375 0.0166015625
0 0.1181640625 0.466796875 0.0234375 0.0224609375
0 0.64453125 0.8251953125 0.1328125 0.033203125
0 0.30078125 0.5068359375 0.0234375 0.046875
1 0.35546875 0.328125 0.0107421875 0.0166015625
0 0.5869140625 0.380859375 0.0205078125 0.0166015625
1 0.5986328125 0.3486328125 0.015625 0.0302734375
1 0.5869140625 0.3193359375 0.013671875 0.0224609375
0 0.2001953125 0.490234375 0.0498046875 0.025390625
2 0.2919921875 0.404296875 0.009765625 0.0302734375
1 0.279296875 0.3837890625 0.017578125 0.033203125
1 0.3662109375 0.37109375 0.0205078125 0.025390625
0 0.5126953125 0.3916015625 0.025390625 0.044921875
0 0.279296875 0.4306640625 0.0439453125 0.0224609375