2 0.8056640625 0.8623046875 0.1513671875 0.0751953125
1 0.6865234375 0.654296875 0.4140625 0.2861328125
1 0.7236328125 0.28515625 0.0185546875 0.0302734375
1 0.279296875 0.69140625 0.3984375 0.5
1 0.806640625 0.44140625 0.181640625 0.216796875
1 0.3759765625 0.4541015625 0.142578125 0.1806640625
1 0.556640625 0.4287109375 0.1376953125 0.1748046875
1 0.4931640625 0.31640625 0.0205078125 0.0390625
1 0.2001953125 0.37890625 0.099609375 0.1474609375
1 0.294921875 0.3115234375 0.0234375 0.044921875
1 0.193359375 0.3232421875 0.0185546875 0.0302734375
1 0.25 0.326171875 0.025390625 0.046875
1 0.8037109375 0.2919921875 0.0234375 0.044921875
1 0.46875 0.3251953125 0.03125 0.06640625
1 0.8779296875 0.3017578125 0.03125 0.052734375
1 0.3232421875 0.341796875 0.056640625 0.06640625
1 0.69921875 0.3125 0.044921875 0.0693359375
1 0.6376953125 0.3681640625 0.068359375 0.169921875
1 0.087890625 0.453125 0.1611328125 0.2333984375
1 0.9599609375 0.31640625 0.0732421875 0.0830078125
1 0.5498046875 0.337890625 0.03125 0.0419921875
1 0.8466796875 0.3349609375 0.046875 0.080078125
1 0.935546875 0.5693359375 0.125 0.4169921875
1 0.59765625 0.3056640625 0.017578125 0.02734375
1 0.4130859375 0.3486328125 0.0263671875 0.080078125
1 0.9814453125 0.29296875 0.0185546875 0.0302734375
1 0.5751953125 0.3154296875 0.03125 0.0634765625
1 0.7490234375 0.29296875 0.033203125 0.0693359375
0 0.8486328125 0.54296875 0.09375 0.0634765625
1 0.373046875 0.3291015625 0.0263671875 0.05859375
1 0.62890625 0.296875 0.0263671875 0.044921875
0 0.443359375 0.568359375 0.0498046875 0.0361328125
0 0.423828125 0.4169921875 0.0234375 0.033203125
0 0.7138671875 0.443359375 0.087890625 0.0419921875
0 0.611328125 0.5166015625 0.09375 0.0498046875
1 0.3291015625 0.3232421875 0.013671875 0.01953125
0 0.478515625 0.451171875 0.0419921875 0.0361328125
0 0.3974609375 0.544921875 0.0517578125 0.0224609375
1 0.5166015625 0.3037109375 0.0234375 0.052734375
2 0.5419921875 0.5498046875 0.0654296875 0.044921875
1 0.662109375 0.31640625 0.025390625 0.0390625
0 0.408203125 0.3974609375 0.03125 0.0166015625
0 0.7451171875 0.4140625 0.0341796875 0.0390625
0 0.4931640625 0.3984375 0.0205078125 0.01953125
1 0.044921875 0.44140625 0.0361328125 0.0390625
1 0.78125 0.3056640625 0.025390625 0.044921875
2 0.3984375 0.95703125 0.037109375 0.0751953125
0 0.630859375 0.39453125 0.0361328125 0.02734375
0 0.2978515625 0.3974609375 0.0361328125 0.0166015625
1 0.2373046875 0.3486328125 0.0185546875 0.0302734375
1 0.0185546875 0.4931640625 0.037109375 0.0634765625
2 0.837890625 0.49609375 0.0185546875 0.013671875
0 0.931640625 0.359375 0.03125 0.0302734375
0 0.6005859375 0.380859375 0.0263671875 0.0498046875
0 0.7548828125 0.34765625 0.0185546875 0.044921875