1 0.6689453125 0.6240234375 0.400390625 0.369140625
2 0.806640625 0.857421875 0.15625 0.0751953125
1 0.380859375 0.4501953125 0.130859375 0.1943359375
1 0.541015625 0.44140625 0.142578125 0.1669921875
1 0.263671875 0.7294921875 0.3984375 0.513671875
1 0.3193359375 0.330078125 0.048828125 0.072265625
1 0.8134765625 0.4384765625 0.1611328125 0.22265625
1 0.630859375 0.2890625 0.017578125 0.02734375
1 0.1943359375 0.427734375 0.1171875 0.1884765625
1 0.287109375 0.3115234375 0.0205078125 0.033203125
1 0.431640625 0.3359375 0.076171875 0.10546875
1 0.4873046875 0.3056640625 0.037109375 0.072265625
1 0.693359375 0.369140625 0.1142578125 0.138671875
1 0.244140625 0.3154296875 0.025390625 0.0419921875
1 0.279296875 0.3837890625 0.0830078125 0.138671875
1 0.7978515625 0.3212890625 0.0703125 0.1083984375
1 0.5 0.294921875 0.0126953125 0.0224609375
1 0.9375 0.5654296875 0.125 0.4365234375
1 0.95703125 0.318359375 0.076171875 0.080078125
1 0.353515625 0.3154296875 0.0185546875 0.0361328125
1 0.8681640625 0.30859375 0.0732421875 0.0830078125
1 0.1064453125 0.3779296875 0.068359375 0.0947265625
1 0.619140625 0.31640625 0.056640625 0.078125
1 0.7119140625 0.287109375 0.0390625 0.05859375
1 0.580078125 0.296875 0.03125 0.0556640625
1 0.7490234375 0.29296875 0.048828125 0.0634765625
0 0.892578125 0.5419921875 0.1357421875 0.06640625
0 0.478515625 0.451171875 0.0390625 0.0361328125
1 0.8125 0.2822265625 0.0185546875 0.025390625
0 0.35546875 0.931640625 0.138671875 0.125
0 0.1005859375 0.94140625 0.1611328125 0.111328125
1 0.41796875 0.3056640625 0.017578125 0.0390625
1 0.6806640625 0.3017578125 0.0234375 0.0419921875
0 0.443359375 0.568359375 0.0546875 0.0361328125
1 0.548828125 0.3427734375 0.0361328125 0.0634765625
1 0.185546875 0.318359375 0.0341796875 0.052734375
0 0.37890625 0.533203125 0.0673828125 0.0390625
0 0.529296875 0.5400390625 0.115234375 0.05859375
0 0.4873046875 0.400390625 0.025390625 0.0166015625
0 0.181640625 0.4208984375 0.0263671875 0.025390625
0 0.412109375 0.39453125 0.025390625 0.0224609375
1 0.65625 0.296875 0.0185546875 0.033203125
1 0.5185546875 0.31640625 0.03125 0.0498046875
0 0.056640625 0.5302734375 0.1123046875 0.10546875
0 0.291015625 0.4013671875 0.044921875 0.025390625
0 0.78125 0.3427734375 0.0185546875 0.013671875
0 0.470703125 0.359375 0.021484375 0.01953125
0 0.9287109375 0.3642578125 0.0234375 0.02734375
1 0.255859375 0.361328125 0.029296875 0.044921875
2 0.9501953125 0.5302734375 0.025390625 0.0166015625
1 0.599609375 0.3115234375 0.013671875 0.0224609375
0 0.5791015625 0.3447265625 0.0234375 0.0166015625
0 0.60546875 0.3544921875 0.0234375 0.025390625
0 0.3076171875 0.4638671875 0.0283203125 0.0224609375
0 0.353515625 0.3544921875 0.0185546875 0.0302734375
0 0.69921875 0.4443359375 0.029296875 0.033203125
0 0.4384765625 0.4150390625 0.064453125 0.046875
0 0.3349609375 0.37109375 0.0234375 0.013671875