2 0.8056640625 0.8623046875 0.1513671875 0.0751953125
1 0.3955078125 0.4306640625 0.115234375 0.2001953125
1 0.8251953125 0.4541015625 0.224609375 0.2138671875
1 0.65625 0.6416015625 0.40625 0.322265625
1 0.5439453125 0.4384765625 0.15625 0.1611328125
1 0.298828125 0.6337890625 0.248046875 0.3662109375
1 0.318359375 0.3349609375 0.056640625 0.080078125
1 0.6884765625 0.39453125 0.1142578125 0.177734375
1 0.2060546875 0.3662109375 0.0810546875 0.1162109375
1 0.095703125 0.5859375 0.1875 0.4833984375
1 0.4912109375 0.31640625 0.0234375 0.044921875
1 0.431640625 0.3232421875 0.060546875 0.1083984375
1 0.287109375 0.3037109375 0.0185546875 0.0361328125
1 0.875 0.3037109375 0.068359375 0.0859375
1 0.275390625 0.3544921875 0.033203125 0.05859375
1 0.6259765625 0.3154296875 0.060546875 0.080078125
1 0.248046875 0.3291015625 0.0234375 0.0361328125
1 0.794921875 0.3154296875 0.0703125 0.0859375
1 0.9736328125 0.3037109375 0.0185546875 0.046875
1 0.71875 0.2919921875 0.0185546875 0.044921875
0 0.4755859375 0.4482421875 0.0361328125 0.0419921875
1 0.5751953125 0.3037109375 0.0185546875 0.0361328125
1 0.521484375 0.3115234375 0.041015625 0.06640625
0 0.39453125 0.53515625 0.064453125 0.0419921875
1 0.6884765625 0.3154296875 0.0419921875 0.0751953125
0 0.5439453125 0.5302734375 0.119140625 0.044921875
0 0.859375 0.56640625 0.078125 0.0390625
0 0.4267578125 0.4169921875 0.0283203125 0.033203125
1 0.75 0.3037109375 0.0439453125 0.0751953125
1 0.9384765625 0.6181640625 0.1142578125 0.3251953125
1 0.654296875 0.2919921875 0.0185546875 0.033203125
1 0.587890625 0.2705078125 0.0126953125 0.025390625
1 0.37890625 0.3251953125 0.017578125 0.033203125
0 0.443359375 0.568359375 0.0517578125 0.0361328125
1 0.5576171875 0.345703125 0.0341796875 0.0634765625
1 0.634765625 0.294921875 0.015625 0.02734375
0 0.158203125 0.8916015625 0.3125 0.2001953125
0 0.47265625 0.3583984375 0.0234375 0.0166015625
1 0.349609375 0.3193359375 0.0185546875 0.02734375
0 0.693359375 0.443359375 0.0419921875 0.0361328125
1 0.4375 0.29296875 0.0185546875 0.0302734375
0 0.494140625 0.400390625 0.025390625 0.0166015625
1 0.98046875 0.3681640625 0.0390625 0.1416015625
0 0.408203125 0.3974609375 0.025390625 0.0166015625
1 0.318359375 0.3154296875 0.0126953125 0.025390625
2 0.9794921875 0.490234375 0.025390625 0.0302734375
0 0.6259765625 0.3916015625 0.033203125 0.0224609375
1 0.59765625 0.298828125 0.017578125 0.0302734375
0 0.375 0.892578125 0.1376953125 0.2138671875
0 0.4501953125 0.44140625 0.025390625 0.0166015625
1 0.6552734375 0.3447265625 0.0263671875 0.044921875
0 0.30078125 0.3984375 0.0205078125 0.01953125
0 0.607421875 0.35546875 0.0205078125 0.0224609375
0 0.7802734375 0.3427734375 0.0205078125 0.013671875
0 0.5869140625 0.4248046875 0.013671875 0.033203125
0 0.580078125 0.3544921875 0.013671875 0.013671875
0 0.33203125 0.3759765625 0.0205078125 0.013671875
2 0.763671875 0.380859375 0.0283203125 0.02734375
0 0.6005859375 0.443359375 0.0234375 0.01953125
0 0.7548828125 0.4052734375 0.025390625 0.02734375
1 0.013671875 0.490234375 0.02734375 0.06640625
2 0.6240234375 0.4541015625 0.017578125 0.0419921875