2 0.8349609375 0.923828125 0.1640625 0.080078125
1 0.2626953125 0.7373046875 0.3935546875 0.4580078125
1 0.8232421875 0.4638671875 0.1591796875 0.2275390625
1 0.44140625 0.4052734375 0.076171875 0.14453125
1 0.7060546875 0.423828125 0.119140625 0.1806640625
1 0.697265625 0.693359375 0.470703125 0.330078125
1 0.2744140625 0.349609375 0.0234375 0.033203125
1 0.509765625 0.3916015625 0.064453125 0.138671875
1 0.357421875 0.341796875 0.033203125 0.044921875
1 0.591796875 0.318359375 0.0185546875 0.0361328125
1 0.1875 0.419921875 0.1064453125 0.205078125
1 0.494140625 0.3291015625 0.0185546875 0.0419921875
1 0.630859375 0.341796875 0.0498046875 0.0830078125
1 0.2294921875 0.35546875 0.021484375 0.033203125
1 0.66015625 0.31640625 0.0205078125 0.0498046875
1 0.068359375 0.515625 0.13671875 0.265625
1 0.822265625 0.3330078125 0.0595703125 0.0888671875
1 0.7705078125 0.328125 0.046875 0.0615234375
1 0.2978515625 0.3427734375 0.0205078125 0.0419921875
1 0.9423828125 0.4580078125 0.115234375 0.216796875
1 0.7255859375 0.31640625 0.0234375 0.033203125
1 0.888671875 0.326171875 0.0673828125 0.0859375
1 0.259765625 0.3857421875 0.0732421875 0.0947265625
0 0.1552734375 0.9443359375 0.283203125 0.099609375
1 0.9853515625 0.3447265625 0.0263671875 0.044921875
0 0.87890625 0.58984375 0.1044921875 0.052734375
0 0.474609375 0.4833984375 0.037109375 0.0390625
1 0.431640625 0.330078125 0.0126953125 0.0224609375
1 0.9638671875 0.7109375 0.068359375 0.255859375
1 0.9423828125 0.3544921875 0.0283203125 0.052734375
1 0.61328125 0.4462890625 0.1015625 0.2080078125
1 0.8994140625 0.3779296875 0.0361328125 0.0498046875
0 0.4921875 0.4306640625 0.0341796875 0.0224609375
0 0.4384765625 0.607421875 0.0546875 0.0419921875
0 0.69921875 0.48046875 0.0390625 0.0224609375
0 0.55078125 0.576171875 0.1357421875 0.052734375
1 0.7744140625 0.3955078125 0.0361328125 0.0751953125
1 0.59765625 0.3681640625 0.0263671875 0.052734375
0 0.37890625 0.919921875 0.1513671875 0.150390625
0 0.375 0.5791015625 0.056640625 0.046875
0 0.46875 0.3916015625 0.0185546875 0.0166015625
0 0.6484375 0.4248046875 0.0341796875 0.0166015625
1 0.521484375 0.31640625 0.025390625 0.033203125
1 0.8232421875 0.318359375 0.015625 0.025390625
0 0.3232421875 0.404296875 0.0283203125 0.013671875
1 0.4619140625 0.3212890625 0.0234375 0.0361328125
0 0.798828125 0.3759765625 0.0185546875 0.013671875
0 0.900390625 0.5615234375 0.037109375 0.0166015625
0 0.98046875 0.5654296875 0.0390625 0.025390625
0 0.619140625 0.5634765625 0.0390625 0.02734375
0 0.3125 0.3740234375 0.0185546875 0.0087890625
0 0.818359375 0.3779296875 0.025390625 0.0166015625
0 0.9130859375 0.404296875 0.029296875 0.01953125
0 0.244140625 0.4208984375 0.0205078125 0.013671875
0 0.5 0.5263671875 0.0439453125 0.0751953125
1 0.32421875 0.34765625 0.033203125 0.0556640625
2 0.310546875 0.5068359375 0.0390625 0.05859375
2 0.287109375 0.953125 0.0234375 0.044921875