2 0.806640625 0.859375 0.15625 0.080078125
1 0.65625 0.60546875 0.412109375 0.388671875
1 0.48828125 0.3125 0.0205078125 0.0302734375
1 0.287109375 0.7197265625 0.3623046875 0.5390625
1 0.6240234375 0.279296875 0.013671875 0.025390625
1 0.6884765625 0.375 0.1142578125 0.14453125
1 0.287109375 0.322265625 0.025390625 0.044921875
1 0.380859375 0.4609375 0.130859375 0.18359375
1 0.087890625 0.572265625 0.1689453125 0.455078125
1 0.205078125 0.3759765625 0.1064453125 0.1640625
1 0.9609375 0.318359375 0.0751953125 0.0751953125
1 0.904296875 0.3212890625 0.0341796875 0.05859375
1 0.4501953125 0.330078125 0.0185546875 0.0498046875
1 0.7177734375 0.2822265625 0.0205078125 0.025390625
1 0.568359375 0.3681640625 0.1015625 0.1357421875
1 0.8134765625 0.287109375 0.0205078125 0.0302734375
1 0.875 0.29296875 0.03125 0.046875
1 0.931640625 0.41796875 0.1357421875 0.2080078125
1 0.65625 0.3037109375 0.0439453125 0.0693359375
1 0.103515625 0.380859375 0.076171875 0.0947265625
1 0.369140625 0.3291015625 0.03125 0.0693359375
1 0.576171875 0.298828125 0.021484375 0.046875
1 0.7509765625 0.306640625 0.0517578125 0.09765625
1 0.287109375 0.380859375 0.087890625 0.14453125
1 0.2509765625 0.3154296875 0.0234375 0.0419921875
1 0.3115234375 0.318359375 0.0263671875 0.0419921875
1 0.599609375 0.296875 0.013671875 0.033203125
0 0.9091796875 0.5400390625 0.087890625 0.0419921875
0 0.478515625 0.4482421875 0.041015625 0.0419921875
0 0.0859375 0.9384765625 0.171875 0.1220703125
1 0.9384765625 0.6416015625 0.1201171875 0.27734375
0 0.443359375 0.568359375 0.0498046875 0.0361328125
0 0.5205078125 0.548828125 0.09375 0.0419921875
0 0.4111328125 0.3984375 0.0283203125 0.0302734375
1 0.693359375 0.3154296875 0.03125 0.052734375
0 0.3798828125 0.5322265625 0.056640625 0.0419921875
1 0.826171875 0.306640625 0.0185546875 0.0302734375
1 0.4091796875 0.35546875 0.0341796875 0.0615234375
0 0.4248046875 0.4169921875 0.0185546875 0.033203125
0 0.361328125 0.9404296875 0.1376953125 0.119140625
0 0.494140625 0.400390625 0.03125 0.0166015625
1 0.48828125 0.3525390625 0.044921875 0.06640625
1 0.3310546875 0.3544921875 0.025390625 0.0419921875
1 0.78515625 0.30859375 0.0234375 0.0390625
1 0.5244140625 0.3115234375 0.029296875 0.0556640625
1 0.8115234375 0.341796875 0.0361328125 0.0498046875
0 0.7626953125 0.4013671875 0.0185546875 0.025390625
0 0.7373046875 0.4072265625 0.037109375 0.0419921875
0 0.3369140625 0.3759765625 0.0234375 0.013671875
0 0.30078125 0.3955078125 0.0205078125 0.013671875
0 0.5869140625 0.4169921875 0.013671875 0.0166015625
1 0.2626953125 0.375 0.025390625 0.033203125
0 0.4677734375 0.361328125 0.013671875 0.0166015625
0 0.931640625 0.359375 0.0263671875 0.0302734375
0 0.78125 0.3427734375 0.0185546875 0.013671875
1 0.619140625 0.3037109375 0.033203125 0.046875
0 0.5810546875 0.3515625 0.0126953125 0.013671875
1 0.8056640625 0.3134765625 0.017578125 0.02734375
0 0.6005859375 0.361328125 0.029296875 0.0166015625
1 0.7822265625 0.3662109375 0.0546875 0.0615234375
1 0.34375 0.404296875 0.0126953125 0.025390625