2 0.8349609375 0.9267578125 0.1669921875 0.0859375
1 0.6787109375 0.6357421875 0.4736328125 0.455078125
1 0.369140625 0.4912109375 0.158203125 0.18359375
1 0.205078125 0.720703125 0.3984375 0.5419921875
1 0.732421875 0.3115234375 0.0205078125 0.0224609375
1 0.3134765625 0.3876953125 0.060546875 0.119140625
1 0.548828125 0.466796875 0.142578125 0.18359375
1 0.4658203125 0.3515625 0.041015625 0.0859375
1 0.357421875 0.341796875 0.033203125 0.0556640625
1 0.28125 0.3349609375 0.025390625 0.0302734375
1 0.744140625 0.3837890625 0.076171875 0.1337890625
1 0.947265625 0.4404296875 0.1044921875 0.2529296875
1 0.6435546875 0.31640625 0.0185546875 0.033203125
1 0.189453125 0.423828125 0.115234375 0.19140625
1 0.421875 0.3681640625 0.052734375 0.1083984375
1 0.494140625 0.3427734375 0.0234375 0.046875
1 0.060546875 0.443359375 0.1171875 0.15234375
1 0.0185546875 0.3857421875 0.037109375 0.033203125
1 0.234375 0.3515625 0.025390625 0.0361328125
1 0.818359375 0.3515625 0.0830078125 0.1142578125
1 0.6181640625 0.341796875 0.0732421875 0.0888671875
1 0.89453125 0.328125 0.0546875 0.072265625
1 0.16015625 0.3447265625 0.0390625 0.0390625
0 0.478515625 0.482421875 0.044921875 0.0419921875
1 0.6748046875 0.3359375 0.056640625 0.0830078125
1 0.25 0.390625 0.0439453125 0.0693359375
1 0.8359375 0.306640625 0.021484375 0.0302734375
0 0.412109375 0.44140625 0.0205078125 0.0390625
1 0.30078125 0.3193359375 0.013671875 0.0224609375
0 0.923828125 0.576171875 0.1142578125 0.052734375
0 0.380859375 0.9423828125 0.1015625 0.115234375
1 0.193359375 0.3662109375 0.025390625 0.033203125
0 0.439453125 0.6083984375 0.052734375 0.0390625
0 0.53125 0.580078125 0.1123046875 0.0615234375
1 0.2744140625 0.3623046875 0.0234375 0.0302734375
0 0.3798828125 0.578125 0.068359375 0.0390625
1 0.7001953125 0.392578125 0.03125 0.046875
1 0.755859375 0.302734375 0.0185546875 0.02734375
0 0.6123046875 0.39453125 0.025390625 0.0224609375
0 0.330078125 0.404296875 0.0283203125 0.013671875
0 0.466796875 0.392578125 0.025390625 0.025390625
0 0.2060546875 0.4609375 0.0439453125 0.044921875
1 0.3291015625 0.3544921875 0.017578125 0.025390625
0 0.029296875 0.5458984375 0.0576171875 0.046875
0 0.48828125 0.4306640625 0.017578125 0.0224609375
0 0.7978515625 0.3759765625 0.0263671875 0.013671875
1 0.5185546875 0.341796875 0.037109375 0.0830078125
1 0.205078125 0.40234375 0.033203125 0.0615234375
0 0.900390625 0.443359375 0.0185546875 0.0302734375
0 0.4375 0.4736328125 0.0439453125 0.01953125
1 0.94140625 0.3544921875 0.0234375 0.0361328125
0 0.7685546875 0.44140625 0.025390625 0.02734375
0 0.0283203125 0.6015625 0.056640625 0.052734375
0 0.912109375 0.4111328125 0.037109375 0.0166015625
1 0.2255859375 0.380859375 0.013671875 0.0390625
0 0.3740234375 0.3779296875 0.013671875 0.0224609375
0 0.2822265625 0.4287109375 0.0390625 0.0302734375
2 0.4599609375 0.955078125 0.0234375 0.0830078125
2 0.818359375 0.3662109375 0.0205078125 0.0224609375
0 0.853515625 0.35546875 0.0126953125 0.0166015625
1 0.572265625 0.341796875 0.017578125 0.02734375
0 0.76953125 0.37890625 0.013671875 0.046875