1 0.478515625 0.3447265625 0.0830078125 0.171875
1 0.685546875 0.2529296875 0.017578125 0.02734375
1 0.958984375 0.2373046875 0.025390625 0.0302734375
1 0.5751953125 0.6044921875 0.337890625 0.2138671875
1 0.2666015625 0.3212890625 0.060546875 0.1357421875
1 0.931640625 0.2705078125 0.0703125 0.091796875
1 0.0888671875 0.525390625 0.1435546875 0.43359375
1 0.330078125 0.5166015625 0.2138671875 0.421875
1 0.712890625 0.279296875 0.033203125 0.0693359375
1 0.638671875 0.2958984375 0.0517578125 0.1142578125
1 0.8173828125 0.232421875 0.021484375 0.0361328125
1 0.787109375 0.455078125 0.181640625 0.4384765625
1 0.3818359375 0.3115234375 0.0419921875 0.0830078125
1 0.3662109375 0.294921875 0.017578125 0.02734375
1 0.5751953125 0.392578125 0.130859375 0.2138671875
1 0.3369140625 0.2900390625 0.0263671875 0.046875
0 0.4384765625 0.5302734375 0.048828125 0.033203125
1 0.310546875 0.296875 0.021484375 0.033203125
1 0.9326171875 0.5234375 0.125 0.380859375
1 0.630859375 0.2802734375 0.0185546875 0.033203125
1 0.75 0.27734375 0.03125 0.0615234375
1 0.1884765625 0.4306640625 0.1201171875 0.27734375
1 0.412109375 0.29296875 0.037109375 0.0634765625
0 0.8427734375 0.517578125 0.1044921875 0.052734375
2 0.181640625 0.7802734375 0.099609375 0.0888671875
1 0.2470703125 0.30859375 0.0126953125 0.0390625
1 0.8779296875 0.2294921875 0.0283203125 0.05859375
1 0.138671875 0.357421875 0.0185546875 0.052734375
1 0.50390625 0.2802734375 0.0205078125 0.0390625
0 0.6162109375 0.5107421875 0.091796875 0.06640625
1 0.537109375 0.294921875 0.017578125 0.02734375
0 0.5205078125 0.50390625 0.068359375 0.0634765625
0 0.4501953125 0.3818359375 0.025390625 0.025390625
0 0.4169921875 0.509765625 0.0283203125 0.01953125
0 0.041015625 0.49609375 0.0576171875 0.0361328125
0 0.8935546875 0.37890625 0.03125 0.025390625
0 0.1064453125 0.94140625 0.119140625 0.078125
1 0.8759765625 0.318359375 0.0673828125 0.1416015625
0 0.26171875 0.4052734375 0.044921875 0.044921875
1 0.5546875 0.2919921875 0.025390625 0.0390625
0 0.13671875 0.861328125 0.138671875 0.1162109375
0 0.1171875 0.4677734375 0.0908203125 0.0419921875
1 0.7177734375 0.3525390625 0.0703125 0.1220703125
1 0.236328125 0.3662109375 0.013671875 0.033203125
0 0.4990234375 0.4267578125 0.0419921875 0.0361328125
0 0.38671875 0.35546875 0.017578125 0.0166015625
2 0.55078125 0.765625 0.1044921875 0.05859375
0 0.1162109375 0.5107421875 0.095703125 0.044921875
0 0.669921875 0.3681640625 0.0361328125 0.0302734375
0 0.1640625 0.4287109375 0.015625 0.025390625
0 0.6318359375 0.328125 0.0234375 0.0166015625
0 0.716796875 0.830078125 0.4296875 0.328125
1 0.6494140625 0.2568359375 0.017578125 0.025390625
0 0.505859375 0.337890625 0.0185546875 0.01953125
0 0.6435546875 0.3359375 0.0126953125 0.0166015625
0 0.451171875 0.341796875 0.0263671875 0.033203125
0 0.9814453125 0.7998046875 0.037109375 0.099609375
0 0.6982421875 0.4287109375 0.03125 0.046875
0 0.525390625 0.380859375 0.025390625 0.02734375