2 0.8056640625 0.8623046875 0.1513671875 0.0751953125
1 0.6689453125 0.6123046875 0.412109375 0.3916015625
1 0.294921875 0.7197265625 0.3330078125 0.5390625
1 0.7490234375 0.3134765625 0.0419921875 0.111328125
1 0.693359375 0.3662109375 0.0986328125 0.1337890625
1 0.380859375 0.453125 0.126953125 0.1884765625
1 0.5419921875 0.4345703125 0.146484375 0.169921875
1 0.2060546875 0.3837890625 0.1064453125 0.1669921875
1 0.974609375 0.369140625 0.0498046875 0.216796875
1 0.6357421875 0.2919921875 0.015625 0.02734375
1 0.89453125 0.29296875 0.0234375 0.046875
1 0.7197265625 0.287109375 0.017578125 0.0302734375
1 0.2880859375 0.328125 0.0205078125 0.033203125
1 0.478515625 0.3349609375 0.0576171875 0.1083984375
1 0.619140625 0.3193359375 0.0625 0.078125
1 0.419921875 0.3359375 0.0546875 0.10546875
1 0.8154296875 0.31640625 0.0810546875 0.10546875
1 0.6572265625 0.3037109375 0.0361328125 0.0634765625
1 0.0966796875 0.380859375 0.103515625 0.1220703125
1 0.5 0.298828125 0.0126953125 0.0302734375
1 0.4443359375 0.3037109375 0.013671875 0.0302734375
1 0.4892578125 0.31640625 0.0185546875 0.02734375
1 0.580078125 0.30859375 0.0283203125 0.06640625
1 0.267578125 0.365234375 0.0341796875 0.05859375
0 0.1376953125 0.927734375 0.275390625 0.14453125
1 0.30078125 0.37890625 0.0703125 0.1357421875
0 0.478515625 0.453125 0.0390625 0.0390625
1 0.978515625 0.2919921875 0.0185546875 0.033203125
1 0.7041015625 0.298828125 0.017578125 0.01953125
1 0.3125 0.3212890625 0.025390625 0.0361328125
0 0.86328125 0.54296875 0.1044921875 0.05859375
1 0.244140625 0.3232421875 0.0234375 0.0419921875
1 0.373046875 0.3291015625 0.0205078125 0.046875
0 0.5302734375 0.5419921875 0.1142578125 0.0498046875
1 0.5234375 0.3251953125 0.0283203125 0.0556640625
1 0.9423828125 0.650390625 0.115234375 0.255859375
0 0.408203125 0.39453125 0.03125 0.0224609375
0 0.443359375 0.56640625 0.0517578125 0.0390625
0 0.4912109375 0.400390625 0.0263671875 0.0166015625
0 0.951171875 0.517578125 0.0908203125 0.052734375
0 0.0498046875 0.4609375 0.0439453125 0.033203125
0 0.3359375 0.3759765625 0.021484375 0.013671875
2 0.3955078125 0.9765625 0.0341796875 0.046875
0 0.2607421875 0.392578125 0.021484375 0.013671875
0 0.19140625 0.4267578125 0.0361328125 0.025390625
0 0.056640625 0.529296875 0.1123046875 0.1083984375
0 0.388671875 0.5419921875 0.0390625 0.02734375
1 0.162109375 0.388671875 0.017578125 0.02734375
0 0.462890625 0.3623046875 0.025390625 0.01953125
1 0.513671875 0.28515625 0.021484375 0.0302734375
0 0.78125 0.345703125 0.0185546875 0.013671875
0 0.7451171875 0.41015625 0.0341796875 0.0419921875
1 0.8623046875 0.302734375 0.0185546875 0.02734375
0 0.42578125 0.4169921875 0.0205078125 0.033203125
0 0.60546875 0.361328125 0.033203125 0.0166015625
0 0.15625 0.4306640625 0.025390625 0.0166015625
0 0.44140625 0.4365234375 0.0263671875 0.0166015625
1 0.599609375 0.3056640625 0.0126953125 0.0224609375
1 0.806640625 0.322265625 0.017578125 0.044921875
0 0.576171875 0.3544921875 0.0185546875 0.01953125
1 0.755859375 0.380859375 0.03125 0.02734375
0 0.3486328125 0.365234375 0.015625 0.0361328125
1 0.748046875 0.328125 0.017578125 0.02734375
0 0.2177734375 0.4462890625 0.048828125 0.025390625