2 0.8056640625 0.8623046875 0.1513671875 0.0751953125
1 0.6572265625 0.619140625 0.4013671875 0.3662109375
1 0.2626953125 0.73046875 0.3935546875 0.5
1 0.3076171875 0.3037109375 0.0185546875 0.025390625
1 0.287109375 0.3193359375 0.0205078125 0.033203125
1 0.716796875 0.28515625 0.017578125 0.01953125
1 0.193359375 0.3232421875 0.03125 0.0419921875
1 0.462890625 0.3125 0.0576171875 0.080078125
1 0.69140625 0.3740234375 0.107421875 0.1416015625
1 0.4892578125 0.31640625 0.0185546875 0.033203125
1 0.369140625 0.455078125 0.123046875 0.1552734375
1 0.0859375 0.4697265625 0.166015625 0.2392578125
1 0.5615234375 0.37890625 0.0888671875 0.130859375
1 0.943359375 0.3837890625 0.1123046875 0.25
1 0.2421875 0.3427734375 0.03125 0.0751953125
1 0.2802734375 0.35546875 0.0576171875 0.0830078125
1 0.5966796875 0.30859375 0.025390625 0.0498046875
1 0.326171875 0.35546875 0.0546875 0.1162109375
1 0.357421875 0.3154296875 0.017578125 0.0361328125
1 0.63671875 0.3017578125 0.0205078125 0.052734375
1 0.662109375 0.306640625 0.0419921875 0.0634765625
1 0.5751953125 0.3056640625 0.025390625 0.0498046875
1 0.7412109375 0.3037109375 0.0234375 0.0361328125
1 0.822265625 0.318359375 0.0439453125 0.0693359375
1 0.6181640625 0.3193359375 0.0263671875 0.0615234375
1 0.7080078125 0.318359375 0.0341796875 0.05859375
1 0.8681640625 0.3212890625 0.0576171875 0.091796875
0 0.443359375 0.568359375 0.0546875 0.0361328125
0 0.419921875 0.41796875 0.0234375 0.0361328125
0 0.380859375 0.5390625 0.0498046875 0.0390625
0 0.412109375 0.39453125 0.0234375 0.0166015625
0 0.46875 0.35546875 0.025390625 0.02734375
1 0.779296875 0.3095703125 0.0439453125 0.080078125
0 0.9638671875 0.5302734375 0.0595703125 0.0390625
0 0.474609375 0.451171875 0.033203125 0.0361328125
1 0.951171875 0.6552734375 0.0908203125 0.255859375
0 0.35546875 0.3486328125 0.0263671875 0.01953125
0 0.630859375 0.3916015625 0.0390625 0.0224609375
1 0.806640625 0.279296875 0.0205078125 0.0302734375
0 0.3359375 0.3759765625 0.025390625 0.013671875
0 0.603515625 0.365234375 0.0234375 0.01953125
0 0.853515625 0.5400390625 0.0595703125 0.05859375
1 0.435546875 0.3037109375 0.0185546875 0.01953125
0 0.4912109375 0.3974609375 0.0234375 0.0166015625
0 0.20703125 0.431640625 0.0732421875 0.052734375
2 0.537109375 0.5517578125 0.0625 0.0361328125
0 0.869140625 0.572265625 0.033203125 0.0166015625
1 0.5302734375 0.31640625 0.0205078125 0.044921875
0 0.3037109375 0.9306640625 0.0390625 0.1337890625
0 0.576171875 0.4287109375 0.033203125 0.0419921875
1 0.587890625 0.4736328125 0.064453125 0.080078125
0 0.5439453125 0.5205078125 0.068359375 0.025390625
0 0.1494140625 0.431640625 0.013671875 0.013671875
0 0.6884765625 0.44140625 0.0546875 0.02734375
1 0.3642578125 0.37109375 0.0126953125 0.0361328125
1 0.755859375 0.3544921875 0.0126953125 0.046875
0 0.7607421875 0.3134765625 0.015625 0.02734375