2 0.833984375 0.923828125 0.166015625 0.080078125
1 0.7001953125 0.6806640625 0.4814453125 0.35546875
1 0.2607421875 0.71484375 0.3876953125 0.447265625
1 0.384765625 0.4833984375 0.1279296875 0.1669921875
1 0.5390625 0.4736328125 0.146484375 0.158203125
1 0.2734375 0.3486328125 0.021484375 0.0302734375
1 0.701171875 0.4384765625 0.126953125 0.1884765625
1 0.5126953125 0.3662109375 0.056640625 0.099609375
1 0.2314453125 0.3662109375 0.025390625 0.044921875
1 0.31640625 0.3740234375 0.0703125 0.1083984375
1 0.080078125 0.505859375 0.158203125 0.255859375
1 0.755859375 0.330078125 0.0439453125 0.0947265625
1 0.3662109375 0.357421875 0.0361328125 0.0751953125
1 0.1923828125 0.4208984375 0.119140625 0.1640625
1 0.8193359375 0.33984375 0.091796875 0.125
0 0.1552734375 0.9375 0.283203125 0.119140625
1 0.7177734375 0.34765625 0.029296875 0.0556640625
1 0.181640625 0.359375 0.025390625 0.0302734375
1 0.5859375 0.318359375 0.0185546875 0.0361328125
1 0.6162109375 0.3447265625 0.060546875 0.0830078125
1 0.4365234375 0.361328125 0.095703125 0.10546875
1 0.935546875 0.4501953125 0.1279296875 0.244140625
1 0.904296875 0.326171875 0.0283203125 0.052734375
1 0.818359375 0.3154296875 0.017578125 0.0419921875
0 0.4169921875 0.4482421875 0.025390625 0.0419921875
1 0.662109375 0.328125 0.037109375 0.06640625
0 0.361328125 0.9287109375 0.173828125 0.130859375
1 0.0498046875 0.400390625 0.0498046875 0.0556640625
0 0.4072265625 0.427734375 0.0234375 0.0224609375
1 0.4970703125 0.3251953125 0.0126953125 0.0166015625
0 0.861328125 0.5849609375 0.123046875 0.05859375
0 0.4384765625 0.607421875 0.0546875 0.0419921875
0 0.53125 0.576171875 0.09375 0.052734375
1 0.2724609375 0.404296875 0.029296875 0.0419921875
0 0.697265625 0.48046875 0.0419921875 0.0224609375
0 0.455078125 0.48046875 0.0419921875 0.0390625
0 0.388671875 0.5791015625 0.03125 0.0419921875
1 0.580078125 0.345703125 0.0234375 0.0361328125
1 0.9794921875 0.3544921875 0.037109375 0.05859375
1 0.5625 0.37890625 0.037109375 0.0634765625
0 0.603515625 0.5556640625 0.060546875 0.0615234375
1 0.8935546875 0.380859375 0.025390625 0.0498046875
1 0.681640625 0.380859375 0.03125 0.0556640625
1 0.9296875 0.3359375 0.0341796875 0.0556640625
0 0.947265625 0.5751953125 0.0888671875 0.0498046875
0 0.291015625 0.4306640625 0.0234375 0.0166015625
0 0.611328125 0.3916015625 0.0263671875 0.0166015625
1 0.23828125 0.4150390625 0.0234375 0.025390625
1 0.517578125 0.318359375 0.021484375 0.0361328125
0 0.5869140625 0.45703125 0.0263671875 0.0361328125
0 0.3232421875 0.404296875 0.025390625 0.013671875
0 0.9072265625 0.4072265625 0.0390625 0.013671875
1 0.318359375 0.3525390625 0.0126953125 0.02734375
1 0.474609375 0.3330078125 0.0185546875 0.033203125
0 0.611328125 0.4775390625 0.0234375 0.0224609375
0 0.880859375 0.4306640625 0.0361328125 0.0390625
1 0.96875 0.7099609375 0.056640625 0.23046875
0 0.267578125 0.455078125 0.0830078125 0.078125
1 0.5419921875 0.3525390625 0.015625 0.02734375
0 0.6181640625 0.3125 0.013671875 0.0302734375