2 0.8349609375 0.923828125 0.1640625 0.080078125
1 0.6767578125 0.654296875 0.4248046875 0.4140625
1 0.712890625 0.419921875 0.130859375 0.171875
1 0.541015625 0.4775390625 0.1591796875 0.171875
1 0.88671875 0.4892578125 0.201171875 0.25
1 0.0625 0.630859375 0.125 0.5224609375
1 0.3671875 0.490234375 0.15625 0.1748046875
1 0.9052734375 0.322265625 0.0263671875 0.044921875
1 0.6669921875 0.318359375 0.021484375 0.0302734375
1 0.451171875 0.41015625 0.0888671875 0.130859375
1 0.8193359375 0.302734375 0.0234375 0.0390625
1 0.03125 0.37890625 0.0439453125 0.0419921875
1 0.2255859375 0.3544921875 0.029296875 0.046875
1 0.4384765625 0.3251953125 0.0205078125 0.033203125
0 0.205078125 0.919921875 0.2998046875 0.150390625
1 0.279296875 0.3525390625 0.021484375 0.033203125
1 0.5888671875 0.318359375 0.015625 0.0302734375
1 0.1884765625 0.44140625 0.126953125 0.1884765625
1 0.318359375 0.3681640625 0.0546875 0.1416015625
1 0.6240234375 0.349609375 0.064453125 0.0830078125
1 0.7177734375 0.3056640625 0.013671875 0.0224609375
1 0.6474609375 0.318359375 0.013671875 0.025390625
1 0.76953125 0.3154296875 0.048828125 0.0751953125
1 0.462890625 0.33984375 0.03125 0.0419921875
1 0.931640625 0.330078125 0.0205078125 0.0390625
0 0.478515625 0.48046875 0.0439453125 0.0390625
1 0.255859375 0.3779296875 0.0498046875 0.0830078125
1 0.080078125 0.4052734375 0.0703125 0.0830078125
1 0.7177734375 0.341796875 0.029296875 0.0498046875
1 0.572265625 0.37890625 0.0390625 0.0693359375
1 0.9697265625 0.34765625 0.0517578125 0.0830078125
0 0.380859375 0.94140625 0.107421875 0.1162109375
1 0.7001953125 0.3291015625 0.0126953125 0.01953125
0 0.5263671875 0.5791015625 0.119140625 0.046875
0 0.4384765625 0.607421875 0.0546875 0.0419921875
0 0.4072265625 0.443359375 0.0234375 0.025390625
1 0.298828125 0.3291015625 0.015625 0.0361328125
1 0.3359375 0.3291015625 0.015625 0.0419921875
1 0.744140625 0.3212890625 0.0185546875 0.0361328125
1 0.99609375 0.3212890625 0.0078125 0.0361328125
1 0.8671875 0.3447265625 0.052734375 0.072265625
0 0.326171875 0.404296875 0.0234375 0.013671875
0 0.7763671875 0.443359375 0.041015625 0.0419921875
0 0.498046875 0.4287109375 0.017578125 0.01953125
1 0.5517578125 0.3544921875 0.015625 0.0302734375
0 0.375 0.5751953125 0.0625 0.044921875
0 0.603515625 0.3974609375 0.0263671875 0.0166015625
0 0.2841796875 0.4287109375 0.0439453125 0.025390625
0 0.201171875 0.490234375 0.052734375 0.025390625
0 0.88671875 0.6181640625 0.0419921875 0.025390625
1 0.5068359375 0.3662109375 0.0576171875 0.0947265625
0 0.353515625 0.380859375 0.0205078125 0.0224609375
1 0.494140625 0.326171875 0.0185546875 0.025390625
0 0.23828125 0.4169921875 0.0234375 0.0166015625
1 0.4228515625 0.3662109375 0.0263671875 0.044921875
0 0.787109375 0.3955078125 0.017578125 0.013671875
0 0.6435546875 0.4208984375 0.037109375 0.013671875
0 0.599609375 0.5556640625 0.0185546875 0.0166015625
0 0.798828125 0.3779296875 0.0205078125 0.0107421875
1 0.361328125 0.4208984375 0.0205078125 0.0419921875
1 0.5380859375 0.330078125 0.0205078125 0.044921875
0 0.615234375 0.484375 0.037109375 0.0302734375
0 0.423828125 0.46484375 0.0234375 0.013671875
1 0.666015625 0.3740234375 0.0283203125 0.0419921875
1 0.513671875 0.31640625 0.025390625 0.0390625
1 0.6943359375 0.3525390625 0.0205078125 0.02734375
1 0.53125 0.3681640625 0.0185546875 0.0302734375
0 0.9404296875 0.375 0.015625 0.033203125
0 0.7685546875 0.3525390625 0.0185546875 0.0166015625
1 0.8291015625 0.330078125 0.0234375 0.033203125
2 0.5673828125 0.5302734375 0.025390625 0.033203125
1 0.3505859375 0.3291015625 0.017578125 0.025390625
1 0.6376953125 0.3486328125 0.0185546875 0.01953125