2 0.8359375 0.927734375 0.166015625 0.0830078125
1 0.2509765625 0.744140625 0.4482421875 0.4892578125
1 0.6796875 0.658203125 0.427734375 0.388671875
1 0.8310546875 0.455078125 0.162109375 0.2001953125
1 0.724609375 0.3125 0.0205078125 0.01953125
1 0.375 0.4931640625 0.1435546875 0.1806640625
1 0.705078125 0.4052734375 0.123046875 0.177734375
1 0.4892578125 0.341796875 0.021484375 0.0390625
1 0.4580078125 0.3544921875 0.056640625 0.09765625
1 0.6689453125 0.3154296875 0.0185546875 0.0302734375
1 0.755859375 0.322265625 0.0439453125 0.0830078125
1 0.443359375 0.337890625 0.017578125 0.0302734375
1 0.224609375 0.349609375 0.0234375 0.044921875
1 0.556640625 0.45703125 0.1435546875 0.19140625
1 0.806640625 0.3388671875 0.0625 0.0888671875
1 0.185546875 0.4208984375 0.1171875 0.1865234375
1 0.5439453125 0.3623046875 0.037109375 0.0419921875
1 0.306640625 0.3544921875 0.056640625 0.0859375
1 0.6162109375 0.35546875 0.0576171875 0.078125
1 0.2626953125 0.3984375 0.068359375 0.1083984375
1 0.0732421875 0.5107421875 0.1435546875 0.255859375
1 0.2802734375 0.3427734375 0.0205078125 0.0361328125
1 0.517578125 0.3115234375 0.0263671875 0.044921875
1 0.8984375 0.349609375 0.056640625 0.10546875
1 0.3466796875 0.3388671875 0.0283203125 0.0498046875
1 0.7001953125 0.3486328125 0.0185546875 0.052734375
1 0.9501953125 0.3798828125 0.099609375 0.337890625
0 0.412109375 0.44140625 0.0185546875 0.033203125
0 0.935546875 0.5791015625 0.091796875 0.046875
0 0.38671875 0.580078125 0.080078125 0.033203125
0 0.3935546875 0.9287109375 0.150390625 0.1416015625
0 0.4384765625 0.6083984375 0.0546875 0.0390625
1 0.197265625 0.359375 0.0263671875 0.0302734375
0 0.474609375 0.4833984375 0.037109375 0.0390625
0 0.5439453125 0.5556640625 0.087890625 0.0390625
1 0.6494140625 0.3134765625 0.0205078125 0.0390625
1 0.5751953125 0.3447265625 0.025390625 0.033203125
0 0.4873046875 0.4306640625 0.025390625 0.0224609375
1 0.9599609375 0.3662109375 0.0263671875 0.033203125
0 0.638671875 0.4208984375 0.048828125 0.025390625
0 0.8486328125 0.5419921875 0.0908203125 0.0390625
2 0.54296875 0.591796875 0.0673828125 0.044921875
0 0.037109375 0.54296875 0.07421875 0.046875
0 0.5966796875 0.3984375 0.025390625 0.01953125
0 0.4248046875 0.466796875 0.025390625 0.0166015625
0 0.7626953125 0.361328125 0.0185546875 0.0166015625
0 0.494140625 0.580078125 0.033203125 0.0556640625
0 0.326171875 0.404296875 0.029296875 0.013671875
1 0.3134765625 0.345703125 0.013671875 0.025390625
0 0.669921875 0.470703125 0.029296875 0.013671875
0 0.587890625 0.37890625 0.0185546875 0.01953125
0 0.794921875 0.3759765625 0.0263671875 0.013671875
0 0.013671875 0.505859375 0.02734375 0.02734375
0 0.955078125 0.388671875 0.0185546875 0.0224609375
2 0.9248046875 0.2275390625 0.0126953125 0.0224609375
0 0.224609375 0.380859375 0.0126953125 0.02734375
1 0.818359375 0.369140625 0.0205078125 0.02734375
0 0.349609375 0.4052734375 0.029296875 0.0615234375
1 0.6630859375 0.3681640625 0.0263671875 0.0361328125