2 0.833984375 0.9267578125 0.166015625 0.0859375
1 0.6572265625 0.6552734375 0.4296875 0.4169921875
1 0.3740234375 0.48046875 0.1513671875 0.1884765625
1 0.5302734375 0.4697265625 0.1611328125 0.1884765625
1 0.8759765625 0.4892578125 0.2294921875 0.2275390625
1 0.7373046875 0.31640625 0.0185546875 0.02734375
1 0.701171875 0.4150390625 0.115234375 0.15234375
1 0.26171875 0.7802734375 0.3232421875 0.427734375
1 0.462890625 0.3486328125 0.0498046875 0.091796875
1 0.6416015625 0.318359375 0.0234375 0.0302734375
1 0.0751953125 0.630859375 0.150390625 0.544921875
1 0.830078125 0.298828125 0.021484375 0.0302734375
0 0.33203125 0.955078125 0.1767578125 0.0830078125
1 0.1884765625 0.4638671875 0.1298828125 0.25
1 0.8857421875 0.33984375 0.0751953125 0.1025390625
1 0.498046875 0.3388671875 0.0234375 0.0390625
1 0.8125 0.341796875 0.0751953125 0.1162109375
1 0.7685546875 0.31640625 0.037109375 0.0556640625
1 0.2783203125 0.34765625 0.025390625 0.044921875
1 0.2177734375 0.357421875 0.029296875 0.046875
1 0.3486328125 0.375 0.0439453125 0.1162109375
1 0.1669921875 0.3544921875 0.0341796875 0.052734375
1 0.0751953125 0.4052734375 0.0751953125 0.0830078125
1 0.7197265625 0.3427734375 0.0263671875 0.052734375
1 0.279296875 0.41796875 0.0673828125 0.1640625
1 0.5888671875 0.3359375 0.03125 0.06640625
1 0.6123046875 0.328125 0.0185546875 0.033203125
1 0.666015625 0.322265625 0.0205078125 0.044921875
0 0.478515625 0.482421875 0.0439453125 0.0419921875
1 0.685546875 0.3662109375 0.03125 0.0498046875
0 0.875 0.6044921875 0.0810546875 0.052734375
1 0.9443359375 0.6865234375 0.0986328125 0.31640625
1 0.537109375 0.3349609375 0.0185546875 0.0419921875
0 0.439453125 0.6083984375 0.052734375 0.0390625
0 0.375 0.580078125 0.0625 0.0390625
1 0.8154296875 0.3095703125 0.0126953125 0.01953125
0 0.5234375 0.580078125 0.119140625 0.06640625
0 0.29296875 0.5654296875 0.048828125 0.01953125
0 0.349609375 0.380859375 0.0185546875 0.0224609375
1 0.310546875 0.3359375 0.0263671875 0.0556640625
0 0.388671875 0.892578125 0.1376953125 0.091796875
0 0.4931640625 0.41796875 0.029296875 0.025390625
2 0.7998046875 0.431640625 0.025390625 0.025390625
1 0.568359375 0.375 0.03125 0.044921875
0 0.775390625 0.44140625 0.033203125 0.033203125
0 0.326171875 0.4013671875 0.041015625 0.025390625
0 0.419921875 0.4482421875 0.013671875 0.0419921875
0 0.587890625 0.462890625 0.0234375 0.0419921875
0 0.6171875 0.4794921875 0.0341796875 0.025390625
0 0.294921875 0.349609375 0.017578125 0.0166015625
0 0.798828125 0.37890625 0.0205078125 0.013671875
0 0.64453125 0.4248046875 0.029296875 0.0166015625
1 0.0263671875 0.4443359375 0.052734375 0.138671875
0 0.611328125 0.390625 0.0205078125 0.025390625
0 0.4541015625 0.4541015625 0.0390625 0.05859375
0 0.4287109375 0.466796875 0.017578125 0.0224609375
2 0.541015625 0.556640625 0.0498046875 0.013671875
0 0.1240234375 0.466796875 0.017578125 0.0166015625
2 0.8603515625 0.337890625 0.0234375 0.01953125
1 0.23828125 0.3916015625 0.0205078125 0.0390625
0 0.30078125 0.505859375 0.0234375 0.044921875
0 0.55078125 0.3447265625 0.017578125 0.02734375
2 0.0244140625 0.953125 0.048828125 0.0888671875
0 0.78515625 0.4013671875 0.017578125 0.013671875
0 0.755859375 0.4765625 0.0439453125 0.0361328125