0 0.8056640625 0.8623046875 0.1513671875 0.0751953125
1 0.826171875 0.4541015625 0.2216796875 0.224609375
1 0.255859375 0.7294921875 0.380859375 0.5302734375
1 0.6884765625 0.365234375 0.1015625 0.169921875
1 0.546875 0.4384765625 0.181640625 0.1669921875
1 0.716796875 0.283203125 0.0185546875 0.033203125
1 0.654296875 0.64453125 0.408203125 0.3330078125
1 0.380859375 0.4501953125 0.1123046875 0.1552734375
1 0.3095703125 0.3037109375 0.015625 0.025390625
1 0.2177734375 0.3916015625 0.111328125 0.177734375
1 0.798828125 0.3037109375 0.0595703125 0.0751953125
1 0.244140625 0.341796875 0.03125 0.044921875
1 0.2880859375 0.3154296875 0.017578125 0.0302734375
1 0.6552734375 0.296875 0.0361328125 0.0556640625
1 0.6162109375 0.3193359375 0.0546875 0.078125
1 0.6259765625 0.2763671875 0.013671875 0.025390625
1 0.73828125 0.298828125 0.0419921875 0.0693359375
1 0.087890625 0.45703125 0.1640625 0.2412109375
1 0.859375 0.302734375 0.0595703125 0.06640625
1 0.5498046875 0.3427734375 0.037109375 0.05859375
1 0.326171875 0.3720703125 0.0576171875 0.1552734375
1 0.9052734375 0.3193359375 0.060546875 0.0830078125
1 0.443359375 0.322265625 0.0234375 0.044921875
0 0.474609375 0.451171875 0.037109375 0.0361328125
1 0.47265625 0.330078125 0.0419921875 0.06640625
0 0.873046875 0.548828125 0.111328125 0.05859375
1 0.962890625 0.318359375 0.0625 0.080078125
0 0.4130859375 0.3955078125 0.0205078125 0.025390625
1 0.57421875 0.3017578125 0.029296875 0.052734375
1 0.6552734375 0.345703125 0.0263671875 0.05859375
0 0.5322265625 0.5390625 0.1015625 0.0390625
0 0.443359375 0.568359375 0.0517578125 0.0361328125
0 0.423828125 0.419921875 0.029296875 0.033203125
0 0.384765625 0.5419921875 0.0546875 0.033203125
0 0.48828125 0.3984375 0.029296875 0.01953125
0 0.357421875 0.3486328125 0.0205078125 0.01953125
1 0.9384765625 0.625 0.123046875 0.3125
0 0.681640625 0.443359375 0.037109375 0.025390625
0 0.962890625 0.529296875 0.0439453125 0.0302734375
0 0.1884765625 0.427734375 0.033203125 0.0224609375
1 0.97265625 0.4306640625 0.0546875 0.1884765625
0 0.7802734375 0.3486328125 0.0205078125 0.01953125
1 0.48828125 0.3154296875 0.013671875 0.025390625
1 0.53125 0.3017578125 0.0185546875 0.025390625
0 0.580078125 0.3515625 0.0185546875 0.013671875
1 0.1640625 0.3857421875 0.0283203125 0.033203125
0 0.755859375 0.4052734375 0.029296875 0.02734375
0 0.439453125 0.443359375 0.041015625 0.01953125
0 0.287109375 0.3984375 0.0439453125 0.0302734375
0 0.6064453125 0.3544921875 0.0185546875 0.025390625
0 0.630859375 0.39453125 0.0263671875 0.0166015625
1 0.4755859375 0.302734375 0.017578125 0.02734375
1 0.0634765625 0.4013671875 0.0361328125 0.0751953125
0 0.5849609375 0.3662109375 0.033203125 0.02734375
1 0.0244140625 0.404296875 0.0205078125 0.0419921875
0 0.8125 0.35546875 0.0498046875 0.02734375
0 0.4677734375 0.3623046875 0.013671875 0.01953125
0 0.9375 0.3193359375 0.025390625 0.02734375