1 0.669921875 0.6484375 0.4267578125 0.30859375
2 0.806640625 0.8623046875 0.150390625 0.0751953125
1 0.83203125 0.4306640625 0.1982421875 0.255859375
1 0.38671875 0.455078125 0.1328125 0.18359375
1 0.541015625 0.4404296875 0.1533203125 0.1748046875
1 0.693359375 0.404296875 0.119140625 0.19140625
1 0.28125 0.720703125 0.349609375 0.525390625
1 0.8818359375 0.2919921875 0.029296875 0.0390625
1 0.2158203125 0.390625 0.099609375 0.1806640625
1 0.3291015625 0.328125 0.064453125 0.099609375
1 0.654296875 0.3056640625 0.0419921875 0.072265625
1 0.7041015625 0.2998046875 0.0419921875 0.06640625
1 0.8125 0.279296875 0.0185546875 0.01953125
1 0.435546875 0.318359375 0.017578125 0.0302734375
1 0.287109375 0.328125 0.0234375 0.0390625
1 0.4931640625 0.3095703125 0.0263671875 0.0419921875
1 0.796875 0.3193359375 0.0654296875 0.0830078125
1 0.466796875 0.3232421875 0.046875 0.091796875
1 0.6064453125 0.337890625 0.0625 0.130859375
1 0.9755859375 0.380859375 0.048828125 0.1884765625
1 0.2470703125 0.330078125 0.021484375 0.0390625
1 0.546875 0.341796875 0.0341796875 0.0556640625
1 0.3623046875 0.3193359375 0.025390625 0.0498046875
1 0.974609375 0.294921875 0.0205078125 0.0390625
1 0.53515625 0.306640625 0.017578125 0.0302734375
1 0.283203125 0.380859375 0.068359375 0.1279296875
1 0.587890625 0.29296875 0.013671875 0.0302734375
0 0.201171875 0.943359375 0.197265625 0.1025390625
0 0.4755859375 0.451171875 0.0419921875 0.0361328125
1 0.9384765625 0.6259765625 0.1201171875 0.3134765625
1 0.6298828125 0.298828125 0.0185546875 0.0419921875
0 0.443359375 0.568359375 0.0546875 0.0361328125
1 0.75 0.294921875 0.0439453125 0.06640625
0 0.412109375 0.3955078125 0.025390625 0.025390625
1 0.572265625 0.302734375 0.015625 0.0390625
1 0.1044921875 0.3818359375 0.0625 0.0751953125
0 0.537109375 0.5302734375 0.1201171875 0.0498046875
0 0.86328125 0.552734375 0.0830078125 0.0390625
0 0.423828125 0.4169921875 0.029296875 0.0390625
1 0.744140625 0.33984375 0.0234375 0.0419921875
0 0.7119140625 0.443359375 0.064453125 0.0361328125
0 0.4873046875 0.400390625 0.025390625 0.0166015625
1 0.09375 0.474609375 0.181640625 0.255859375
1 0.9609375 0.3193359375 0.021484375 0.0390625
0 0.1875 0.427734375 0.03125 0.0224609375
0 0.3369140625 0.3740234375 0.0234375 0.01953125
1 0.7060546875 0.2900390625 0.0126953125 0.01953125
2 0.3955078125 0.9736328125 0.0341796875 0.0419921875
1 0.8251953125 0.3017578125 0.0126953125 0.0361328125
0 0.361328125 0.34765625 0.017578125 0.0166015625
0 0.60546875 0.35546875 0.029296875 0.0224609375
0 0.744140625 0.4072265625 0.03125 0.0419921875
0 0.94921875 0.5224609375 0.064453125 0.044921875
1 0.65625 0.365234375 0.025390625 0.0361328125
0 0.62890625 0.41796875 0.029296875 0.052734375
0 0.162109375 0.4306640625 0.0234375 0.0224609375
0 0.962890625 0.35546875 0.033203125 0.0224609375
0 0.57421875 0.3447265625 0.013671875 0.0166015625
1 0.7177734375 0.3662109375 0.0361328125 0.0556640625
0 0.58203125 0.423828125 0.0205078125 0.0302734375
1 0.693359375 0.302734375 0.0126953125 0.0166015625