2 0.833984375 0.927734375 0.166015625 0.0830078125
1 0.8369140625 0.482421875 0.1982421875 0.2080078125
1 0.416015625 0.3740234375 0.037109375 0.1025390625
1 0.6884765625 0.7001953125 0.4580078125 0.31640625
1 0.369140625 0.4677734375 0.150390625 0.203125
1 0.537109375 0.4736328125 0.162109375 0.19140625
1 0.275390625 0.3447265625 0.025390625 0.044921875
1 0.2373046875 0.767578125 0.4560546875 0.447265625
1 0.669921875 0.3154296875 0.017578125 0.0302734375
1 0.6435546875 0.3212890625 0.0185546875 0.0419921875
1 0.197265625 0.4404296875 0.1328125 0.224609375
1 0.759765625 0.337890625 0.060546875 0.1083984375
1 0.8818359375 0.37890625 0.0546875 0.052734375
1 0.9560546875 0.4609375 0.087890625 0.1943359375
1 0.8974609375 0.330078125 0.060546875 0.072265625
1 0.53125 0.33203125 0.0185546875 0.0361328125
1 0.73046875 0.3017578125 0.017578125 0.025390625
1 0.2998046875 0.3427734375 0.025390625 0.046875
1 0.58203125 0.33984375 0.044921875 0.0751953125
1 0.8193359375 0.33984375 0.080078125 0.091796875
1 0.3359375 0.3486328125 0.0498046875 0.0693359375
1 0.462890625 0.3447265625 0.03125 0.06640625
0 0.943359375 0.576171875 0.1064453125 0.052734375
0 0.322265625 0.9599609375 0.158203125 0.080078125
1 0.697265625 0.41796875 0.1279296875 0.2529296875
0 0.4755859375 0.48046875 0.0419921875 0.0390625
1 0.0751953125 0.5068359375 0.1435546875 0.2529296875
1 0.251953125 0.3759765625 0.041015625 0.0751953125
0 0.4384765625 0.611328125 0.0546875 0.044921875
1 0.525390625 0.3544921875 0.0751953125 0.1025390625
0 0.541015625 0.578125 0.1201171875 0.0615234375
1 0.4970703125 0.341796875 0.0126953125 0.033203125
0 0.3798828125 0.587890625 0.0595703125 0.025390625
0 0.701171875 0.4775390625 0.0517578125 0.033203125
0 0.767578125 0.44140625 0.0234375 0.033203125
1 0.048828125 0.390625 0.041015625 0.052734375
1 0.9736328125 0.3544921875 0.052734375 0.052734375
0 0.1533203125 0.4384765625 0.021484375 0.0224609375
0 0.4677734375 0.3857421875 0.0234375 0.0166015625
0 0.330078125 0.404296875 0.0205078125 0.013671875
0 0.9716796875 0.3857421875 0.046875 0.0166015625
0 0.4384765625 0.4697265625 0.0390625 0.02734375
0 0.794921875 0.3759765625 0.0263671875 0.013671875
0 0.615234375 0.5615234375 0.021484375 0.0166015625
1 0.611328125 0.3583984375 0.025390625 0.0390625
0 0.5859375 0.37890625 0.021484375 0.01953125
0 0.63671875 0.423828125 0.033203125 0.01953125
1 0.634765625 0.3525390625 0.0205078125 0.033203125
0 0.6064453125 0.4775390625 0.025390625 0.02734375
0 0.4189453125 0.4501953125 0.0185546875 0.033203125
0 0.611328125 0.3974609375 0.0205078125 0.0166015625
0 0.30078125 0.50390625 0.0234375 0.0419921875
1 0.841796875 0.30859375 0.0185546875 0.02734375
0 0.78515625 0.4013671875 0.0263671875 0.013671875
0 0.8505859375 0.365234375 0.0234375 0.01953125
1 0.134765625 0.423828125 0.0205078125 0.01953125
0 0.75 0.3818359375 0.0185546875 0.0419921875
1 0.935546875 0.35546875 0.0283203125 0.033203125
0 0.3564453125 0.41796875 0.0126953125 0.0361328125
2 0.818359375 0.3681640625 0.0205078125 0.01953125
0 0.130859375 0.4501953125 0.037109375 0.044921875