2 0.83203125 0.923828125 0.1640625 0.080078125
1 0.6865234375 0.6669921875 0.4453125 0.3837890625
1 0.4375 0.404296875 0.1123046875 0.15234375
1 0.26171875 0.7490234375 0.4169921875 0.4912109375
1 0.4951171875 0.3212890625 0.015625 0.025390625
1 0.5322265625 0.4794921875 0.158203125 0.169921875
1 0.298828125 0.33984375 0.025390625 0.0419921875
1 0.5068359375 0.375 0.064453125 0.1162109375
1 0.6689453125 0.3095703125 0.0185546875 0.0302734375
1 0.64453125 0.318359375 0.0205078125 0.0302734375
1 0.228515625 0.3583984375 0.025390625 0.0390625
1 0.349609375 0.3291015625 0.0185546875 0.0302734375
1 0.7197265625 0.4013671875 0.1298828125 0.1474609375
1 0.576171875 0.3232421875 0.029296875 0.0693359375
1 0.2861328125 0.4052734375 0.072265625 0.138671875
1 0.201171875 0.4169921875 0.125 0.2333984375
1 0.80078125 0.318359375 0.0517578125 0.0859375
1 0.7177734375 0.3427734375 0.0234375 0.046875
1 0.07421875 0.5166015625 0.142578125 0.294921875
1 0.97265625 0.345703125 0.0546875 0.1142578125
1 0.9287109375 0.341796875 0.029296875 0.0556640625
0 0.4052734375 0.44140625 0.029296875 0.033203125
1 0.7607421875 0.31640625 0.046875 0.072265625
1 0.888671875 0.33203125 0.0595703125 0.0859375
1 0.25 0.3515625 0.0126953125 0.013671875
0 0.5380859375 0.5732421875 0.111328125 0.05859375
1 0.548828125 0.3740234375 0.037109375 0.05859375
0 0.4736328125 0.48046875 0.0341796875 0.0390625
0 0.4384765625 0.607421875 0.0546875 0.0419921875
1 0.31640625 0.3515625 0.0107421875 0.025390625
1 0.6142578125 0.3427734375 0.0625 0.0859375
1 0.36328125 0.3544921875 0.0234375 0.0634765625
0 0.3876953125 0.580078125 0.0439453125 0.033203125
1 0.9443359375 0.669921875 0.1015625 0.328125
0 0.353515625 0.380859375 0.0234375 0.0224609375
0 0.775390625 0.443359375 0.0419921875 0.0361328125
1 0.017578125 0.4169921875 0.0263671875 0.044921875
0 0.6103515625 0.3916015625 0.0263671875 0.0166015625
0 0.462890625 0.3876953125 0.025390625 0.01953125
1 0.599609375 0.3349609375 0.017578125 0.0302734375
0 0.353515625 0.943359375 0.140625 0.1083984375
0 0.6982421875 0.4775390625 0.0439453125 0.02734375
0 0.4921875 0.4287109375 0.021484375 0.01953125
0 0.1328125 0.4599609375 0.0439453125 0.01953125
1 0.33203125 0.380859375 0.033203125 0.0556640625
1 0.0166015625 0.4638671875 0.033203125 0.072265625
0 0.291015625 0.4287109375 0.0205078125 0.013671875
0 0.041015625 0.544921875 0.0810546875 0.0498046875
0 0.900390625 0.611328125 0.0517578125 0.033203125
0 0.587890625 0.4541015625 0.025390625 0.0302734375
0 0.8642578125 0.3623046875 0.0341796875 0.025390625
0 0.1494140625 0.4404296875 0.0234375 0.025390625
1 0.666015625 0.3681640625 0.029296875 0.0419921875
1 0.1435546875 0.412109375 0.025390625 0.0302734375
0 0.798828125 0.359375 0.021484375 0.01953125
0 0.380859375 0.4052734375 0.0126953125 0.0224609375
1 0.705078125 0.3662109375 0.021484375 0.02734375
0 0.94921875 0.3486328125 0.0205078125 0.01953125
1 0.7841796875 0.3544921875 0.025390625 0.0419921875