2 0.8349609375 0.923828125 0.1640625 0.080078125
1 0.6630859375 0.662109375 0.423828125 0.408203125
1 0.263671875 0.681640625 0.3330078125 0.408203125
1 0.859375 0.453125 0.234375 0.283203125
1 0.380859375 0.4912109375 0.126953125 0.18359375
1 0.642578125 0.3193359375 0.0185546875 0.033203125
1 0.4931640625 0.3330078125 0.0205078125 0.0390625
1 0.4384765625 0.3212890625 0.0205078125 0.0361328125
1 0.69921875 0.408203125 0.095703125 0.150390625
1 0.2744140625 0.3486328125 0.0234375 0.0302734375
1 0.2314453125 0.3525390625 0.025390625 0.0390625
1 0.76171875 0.328125 0.0517578125 0.0888671875
1 0.1884765625 0.421875 0.123046875 0.1552734375
1 0.0712890625 0.6357421875 0.142578125 0.5166015625
1 0.466796875 0.35546875 0.046875 0.0830078125
1 0.8916015625 0.330078125 0.0576171875 0.078125
1 0.826171875 0.3291015625 0.064453125 0.0751953125
1 0.32421875 0.3837890625 0.064453125 0.1337890625
1 0.7197265625 0.3193359375 0.0419921875 0.06640625
1 0.3505859375 0.337890625 0.017578125 0.0302734375
1 0.619140625 0.35546875 0.056640625 0.0888671875
1 0.5126953125 0.388671875 0.0751953125 0.150390625
1 0.259765625 0.388671875 0.060546875 0.099609375
1 0.6728515625 0.3232421875 0.0205078125 0.0302734375
0 0.212890625 0.927734375 0.255859375 0.1337890625
1 0.173828125 0.3525390625 0.037109375 0.0498046875
1 0.6103515625 0.330078125 0.017578125 0.02734375
1 0.9365234375 0.35546875 0.044921875 0.072265625
0 0.4755859375 0.48046875 0.0419921875 0.0390625
1 0.8125 0.3095703125 0.0185546875 0.01953125
0 0.4072265625 0.4384765625 0.029296875 0.0390625
1 0.083984375 0.4306640625 0.0595703125 0.0830078125
1 0.951171875 0.705078125 0.0888671875 0.2666015625
0 0.869140625 0.580078125 0.0888671875 0.0498046875
0 0.4384765625 0.6083984375 0.0546875 0.0390625
0 0.537109375 0.5791015625 0.1123046875 0.052734375
1 0.9794921875 0.359375 0.041015625 0.05859375
0 0.38671875 0.5888671875 0.044921875 0.0224609375
0 0.494140625 0.4306640625 0.03125 0.0224609375
1 0.5634765625 0.380859375 0.048828125 0.078125
0 0.3916015625 0.927734375 0.142578125 0.14453125
1 0.8544921875 0.341796875 0.0185546875 0.033203125
1 0.31640625 0.3515625 0.0107421875 0.025390625
0 0.6484375 0.4208984375 0.037109375 0.025390625
0 0.611328125 0.3955078125 0.025390625 0.013671875
0 0.28515625 0.4287109375 0.0361328125 0.01953125
1 0.67578125 0.3720703125 0.029296875 0.044921875
1 0.224609375 0.388671875 0.0185546875 0.0390625
1 0.5927734375 0.3232421875 0.0205078125 0.0302734375
0 0.587890625 0.4609375 0.0263671875 0.044921875
0 0.900390625 0.404296875 0.0498046875 0.025390625
1 0.84375 0.318359375 0.0185546875 0.0302734375
1 0.517578125 0.3056640625 0.0185546875 0.0224609375
1 0.3623046875 0.3544921875 0.0126953125 0.01953125
0 0.34765625 0.37890625 0.0263671875 0.0302734375
2 0.0234375 0.9482421875 0.046875 0.091796875
1 0.263671875 0.3681640625 0.015625 0.0302734375
0 0.7041015625 0.369140625 0.0205078125 0.0166015625