2 0.8349609375 0.923828125 0.1640625 0.080078125
1 0.8466796875 0.486328125 0.224609375 0.2333984375
1 0.6923828125 0.693359375 0.4716796875 0.330078125
1 0.822265625 0.306640625 0.0234375 0.0302734375
1 0.7099609375 0.4287109375 0.1357421875 0.1806640625
1 0.5478515625 0.48046875 0.1513671875 0.177734375
1 0.2548828125 0.72265625 0.3876953125 0.466796875
1 0.232421875 0.3662109375 0.029296875 0.044921875
1 0.3916015625 0.4912109375 0.1201171875 0.171875
1 0.185546875 0.4052734375 0.1044921875 0.14453125
1 0.2978515625 0.3212890625 0.017578125 0.025390625
1 0.2734375 0.3486328125 0.021484375 0.0419921875
1 0.509765625 0.3779296875 0.064453125 0.1162109375
1 0.779296875 0.318359375 0.0234375 0.0361328125
1 0.318359375 0.3974609375 0.064453125 0.1552734375
1 0.0810546875 0.4990234375 0.15625 0.2587890625
1 0.9130859375 0.35546875 0.064453125 0.099609375
1 0.1875 0.3544921875 0.025390625 0.0361328125
1 0.494140625 0.3212890625 0.013671875 0.025390625
1 0.609375 0.3251953125 0.021484375 0.044921875
1 0.3681640625 0.3681640625 0.033203125 0.0859375
1 0.6435546875 0.31640625 0.0185546875 0.033203125
1 0.7138671875 0.35546875 0.0341796875 0.072265625
1 0.759765625 0.34765625 0.0283203125 0.0556640625
1 0.4189453125 0.3681640625 0.068359375 0.09765625
0 0.849609375 0.6044921875 0.138671875 0.0634765625
1 0.591796875 0.3212890625 0.0185546875 0.0361328125
1 0.666015625 0.328125 0.0341796875 0.0615234375
0 0.5439453125 0.5732421875 0.119140625 0.0693359375
1 0.0556640625 0.390625 0.0390625 0.046875
1 0.576171875 0.3359375 0.0205078125 0.033203125
0 0.3681640625 0.9267578125 0.1767578125 0.1357421875
1 0.5537109375 0.3740234375 0.0361328125 0.05859375
0 0.4375 0.6083984375 0.056640625 0.0390625
1 0.4599609375 0.3486328125 0.033203125 0.080078125
1 0.974609375 0.35546875 0.0439453125 0.06640625
0 0.3505859375 0.37890625 0.0205078125 0.01953125
1 0.849609375 0.33984375 0.056640625 0.1025390625
0 0.462890625 0.4794921875 0.060546875 0.0419921875
0 0.697265625 0.48046875 0.0439453125 0.0224609375
1 0.3193359375 0.349609375 0.0107421875 0.033203125
1 0.5849609375 0.3974609375 0.033203125 0.06640625
0 0.494140625 0.4306640625 0.0185546875 0.0166015625
0 0.4677734375 0.384765625 0.0234375 0.01953125
0 0.6181640625 0.380859375 0.0263671875 0.0224609375
1 0.681640625 0.37890625 0.03125 0.046875
1 0.787109375 0.3525390625 0.025390625 0.0390625
0 0.0390625 0.544921875 0.078125 0.0498046875
1 0.7998046875 0.330078125 0.0185546875 0.02734375
1 0.3056640625 0.35546875 0.0205078125 0.02734375
1 0.880859375 0.33984375 0.0185546875 0.0419921875
1 0.9599609375 0.65234375 0.076171875 0.35546875
1 0.26171875 0.380859375 0.0205078125 0.0390625
0 0.2412109375 0.41796875 0.0205078125 0.013671875
0 0.3232421875 0.4052734375 0.025390625 0.0166015625
0 0.291015625 0.4287109375 0.021484375 0.013671875
0 0.39453125 0.580078125 0.0205078125 0.02734375
0 0.421875 0.4482421875 0.015625 0.0419921875
0 0.591796875 0.4541015625 0.0185546875 0.025390625
1 0.98828125 0.4541015625 0.0205078125 0.0751953125
0 0.4287109375 0.4677734375 0.017578125 0.013671875
1 0.5166015625 0.3095703125 0.0205078125 0.0302734375
0 0.95703125 0.349609375 0.0205078125 0.0166015625
0 0.634765625 0.44140625 0.033203125 0.0615234375