2 0.8349609375 0.923828125 0.1640625 0.080078125
1 0.66796875 0.66015625 0.419921875 0.419921875
1 0.494140625 0.33984375 0.0234375 0.046875
1 0.763671875 0.3232421875 0.052734375 0.091796875
1 0.375 0.4931640625 0.1435546875 0.19140625
1 0.84765625 0.4541015625 0.1953125 0.263671875
1 0.2353515625 0.3486328125 0.0263671875 0.0419921875
1 0.0732421875 0.634765625 0.1435546875 0.5087890625
1 0.4560546875 0.361328125 0.068359375 0.10546875
1 0.6923828125 0.4052734375 0.0908203125 0.150390625
1 0.6748046875 0.318359375 0.0185546875 0.0361328125
1 0.5849609375 0.328125 0.044921875 0.06640625
1 0.2734375 0.3486328125 0.021484375 0.0302734375
1 0.63671875 0.3388671875 0.0390625 0.072265625
1 0.4384765625 0.328125 0.017578125 0.02734375
1 0.716796875 0.3232421875 0.0439453125 0.0693359375
1 0.8125 0.33203125 0.056640625 0.0751953125
1 0.193359375 0.4384765625 0.125 0.2109375
1 0.3193359375 0.3681640625 0.0673828125 0.09765625
1 0.353515625 0.3349609375 0.017578125 0.0302734375
1 0.9560546875 0.427734375 0.087890625 0.1552734375
1 0.900390625 0.3486328125 0.048828125 0.091796875
1 0.2451171875 0.390625 0.0341796875 0.052734375
1 0.0859375 0.423828125 0.056640625 0.080078125
0 0.3759765625 0.58203125 0.060546875 0.025390625
0 0.40625 0.443359375 0.025390625 0.0361328125
0 0.439453125 0.607421875 0.052734375 0.0419921875
0 0.474609375 0.482421875 0.0439453125 0.0361328125
0 0.3837890625 0.92578125 0.154296875 0.1484375
1 0.611328125 0.3291015625 0.017578125 0.0302734375
0 0.494140625 0.4306640625 0.029296875 0.0224609375
0 0.212890625 0.927734375 0.2373046875 0.138671875
0 0.5380859375 0.5791015625 0.1142578125 0.046875
1 0.5693359375 0.3759765625 0.0390625 0.0634765625
1 0.6611328125 0.3349609375 0.021484375 0.0302734375
1 0.599609375 0.3720703125 0.025390625 0.044921875
1 0.0205078125 0.443359375 0.041015625 0.1083984375
1 0.423828125 0.3017578125 0.0185546875 0.0361328125
1 0.951171875 0.7177734375 0.095703125 0.2529296875
0 0.6474609375 0.4208984375 0.0390625 0.025390625
0 0.611328125 0.39453125 0.025390625 0.0166015625
0 0.8994140625 0.404296875 0.0419921875 0.025390625
0 0.306640625 0.5634765625 0.0205078125 0.0224609375
0 0.2861328125 0.4306640625 0.0341796875 0.0224609375
1 0.9697265625 0.3515625 0.0205078125 0.025390625
0 0.185546875 0.4541015625 0.0732421875 0.0302734375
1 0.5185546875 0.337890625 0.03125 0.05859375
0 0.7978515625 0.37890625 0.0205078125 0.013671875
0 0.30078125 0.5 0.0205078125 0.033203125
2 0.0234375 0.9501953125 0.046875 0.0947265625
0 0.25 0.419921875 0.03125 0.0224609375
1 0.361328125 0.3544921875 0.0126953125 0.01953125
1 0.201171875 0.384765625 0.03125 0.0419921875
1 0.1416015625 0.4169921875 0.013671875 0.02734375
0 0.2001953125 0.490234375 0.0498046875 0.025390625
1 0.31640625 0.3525390625 0.0107421875 0.0224609375
0 0.32421875 0.404296875 0.0263671875 0.013671875