2 0.833984375 0.923828125 0.166015625 0.080078125
1 0.73828125 0.3134765625 0.017578125 0.02734375
1 0.25390625 0.7607421875 0.4296875 0.455078125
1 0.8779296875 0.4833984375 0.240234375 0.25
1 0.8388671875 0.31640625 0.0185546875 0.0390625
1 0.373046875 0.4873046875 0.158203125 0.1806640625
1 0.4873046875 0.3427734375 0.025390625 0.0361328125
1 0.5546875 0.4912109375 0.203125 0.1611328125
1 0.4560546875 0.404296875 0.09375 0.130859375
1 0.5 0.3232421875 0.0126953125 0.0302734375
1 0.28515625 0.3515625 0.0263671875 0.046875
1 0.701171875 0.693359375 0.4736328125 0.330078125
1 0.6474609375 0.31640625 0.017578125 0.02734375
1 0.462890625 0.337890625 0.0263671875 0.0419921875
1 0.7109375 0.41796875 0.1220703125 0.1748046875
1 0.8681640625 0.35546875 0.048828125 0.0615234375
1 0.1875 0.4462890625 0.130859375 0.224609375
1 0.6689453125 0.3251953125 0.0185546875 0.033203125
1 0.0810546875 0.4150390625 0.09375 0.1142578125
1 0.71875 0.3515625 0.03125 0.0634765625
1 0.2236328125 0.361328125 0.021484375 0.044921875
1 0.9384765625 0.3427734375 0.0390625 0.046875
0 0.4794921875 0.4833984375 0.046875 0.0390625
0 0.326171875 0.9599609375 0.1845703125 0.0693359375
1 0.763671875 0.3154296875 0.0341796875 0.0634765625
1 0.5185546875 0.3876953125 0.056640625 0.130859375
0 0.54296875 0.5830078125 0.1328125 0.0498046875
1 0.3427734375 0.35546875 0.044921875 0.078125
1 0.431640625 0.3427734375 0.0419921875 0.046875
1 0.580078125 0.3388671875 0.021484375 0.0390625
1 0.810546875 0.34765625 0.068359375 0.0947265625
1 0.2998046875 0.3291015625 0.0126953125 0.0302734375
1 0.826171875 0.3427734375 0.021484375 0.0302734375
1 0.9814453125 0.3544921875 0.03125 0.052734375
0 0.439453125 0.611328125 0.052734375 0.044921875
0 0.6240234375 0.5595703125 0.0576171875 0.0419921875
0 0.3779296875 0.5791015625 0.0595703125 0.0361328125
1 0.5947265625 0.3154296875 0.013671875 0.0302734375
0 0.7763671875 0.443359375 0.041015625 0.0361328125
0 0.40625 0.427734375 0.025390625 0.02734375
0 0.697265625 0.48046875 0.0498046875 0.033203125
1 0.0263671875 0.4580078125 0.052734375 0.138671875
1 0.5927734375 0.3955078125 0.0576171875 0.1142578125
1 0.3720703125 0.3720703125 0.025390625 0.0556640625
0 0.6435546875 0.423828125 0.037109375 0.01953125
0 0.294921875 0.56640625 0.048828125 0.033203125
0 0.8984375 0.599609375 0.103515625 0.0556640625
0 0.61328125 0.388671875 0.0234375 0.0224609375
1 0.6318359375 0.3720703125 0.0234375 0.033203125
0 0.0478515625 0.568359375 0.095703125 0.1083984375
0 0.587890625 0.380859375 0.0185546875 0.0224609375
1 0.517578125 0.3115234375 0.0205078125 0.0224609375
1 0.9072265625 0.298828125 0.033203125 0.0419921875
1 0.9599609375 0.73046875 0.080078125 0.216796875
0 0.59375 0.4482421875 0.0126953125 0.01953125
0 0.787109375 0.4052734375 0.0205078125 0.0166015625
0 0.30078125 0.4990234375 0.0234375 0.0302734375
2 0.4541015625 0.4736328125 0.013671875 0.01953125
0 0.7197265625 0.4580078125 0.0361328125 0.0166015625
0 0.798828125 0.3876953125 0.013671875 0.025390625
1 0.9052734375 0.33984375 0.0205078125 0.0361328125
0 0.3125 0.3818359375 0.0126953125 0.052734375
0 0.935546875 0.3740234375 0.025390625 0.0302734375
1 0.2431640625 0.3974609375 0.029296875 0.044921875
1 0.98046875 0.4150390625 0.029296875 0.046875