2 0.8056640625 0.859375 0.1513671875 0.080078125
1 0.673828125 0.6015625 0.404296875 0.40234375
1 0.37890625 0.451171875 0.1298828125 0.203125
1 0.423828125 0.337890625 0.052734375 0.091796875
1 0.2470703125 0.3232421875 0.021484375 0.0302734375
1 0.935546875 0.4150390625 0.1279296875 0.2529296875
1 0.55078125 0.35546875 0.0830078125 0.1162109375
1 0.794921875 0.3291015625 0.0830078125 0.1357421875
1 0.6162109375 0.322265625 0.0517578125 0.0830078125
1 0.17578125 0.328125 0.0263671875 0.02734375
1 0.7119140625 0.302734375 0.0234375 0.0390625
1 0.318359375 0.3388671875 0.0498046875 0.078125
1 0.6923828125 0.3251953125 0.0283203125 0.0498046875
1 0.974609375 0.2919921875 0.037109375 0.02734375
1 0.486328125 0.330078125 0.0498046875 0.0947265625
1 0.04296875 0.4169921875 0.0830078125 0.1162109375
1 0.580078125 0.306640625 0.0205078125 0.046875
1 0.861328125 0.306640625 0.064453125 0.0859375
0 0.09765625 0.9287109375 0.1953125 0.130859375
1 0.09765625 0.3515625 0.0390625 0.05859375
1 0.2939453125 0.318359375 0.0185546875 0.0361328125
1 0.6572265625 0.3037109375 0.0419921875 0.05859375
1 0.36328125 0.31640625 0.0234375 0.044921875
1 0.755859375 0.2802734375 0.0205078125 0.0390625
1 0.212890625 0.392578125 0.0888671875 0.1416015625
1 0.259765625 0.359375 0.037109375 0.0693359375
1 0.6748046875 0.3681640625 0.0498046875 0.0693359375
1 0.7373046875 0.3447265625 0.0439453125 0.099609375
0 0.48046875 0.451171875 0.0419921875 0.0361328125
0 0.873046875 0.54296875 0.0859375 0.05859375
1 0.2109375 0.3359375 0.03125 0.033203125
1 0.443359375 0.3125 0.0185546875 0.01953125
0 0.443359375 0.568359375 0.0498046875 0.0361328125
0 0.4921875 0.5419921875 0.041015625 0.044921875
1 0.462890625 0.302734375 0.0185546875 0.0390625
1 0.78125 0.3056640625 0.0185546875 0.033203125
0 0.423828125 0.4169921875 0.0205078125 0.033203125
0 0.412109375 0.544921875 0.0517578125 0.02734375
2 0.5498046875 0.5322265625 0.037109375 0.01953125
0 0.4912109375 0.3984375 0.029296875 0.01953125
0 0.400390625 0.4013671875 0.0419921875 0.025390625
1 0.9052734375 0.306640625 0.0234375 0.0361328125
1 0.5048828125 0.31640625 0.015625 0.02734375
0 0.0537109375 0.537109375 0.1044921875 0.091796875
0 0.3623046875 0.904296875 0.1435546875 0.1865234375
1 0.236328125 0.3544921875 0.0185546875 0.0361328125
1 0.3291015625 0.3232421875 0.013671875 0.01953125
0 0.353515625 0.341796875 0.0263671875 0.0224609375
0 0.916015625 0.3427734375 0.0263671875 0.0361328125
1 0.3125 0.318359375 0.0126953125 0.025390625
1 0.7216796875 0.4052734375 0.0283203125 0.044921875
1 0.279296875 0.3388671875 0.013671875 0.0224609375
0 0.6064453125 0.35546875 0.0126953125 0.0224609375
0 0.62890625 0.404296875 0.029296875 0.046875
0 0.3046875 0.3955078125 0.021484375 0.013671875
0 0.6044921875 0.3837890625 0.0283203125 0.0615234375
2 0.0146484375 0.505859375 0.029296875 0.02734375
0 0.330078125 0.3916015625 0.0185546875 0.044921875
0 0.7607421875 0.4052734375 0.0185546875 0.0224609375
0 0.01953125 0.4697265625 0.0361328125 0.033203125