2 0.833984375 0.923828125 0.166015625 0.080078125
1 0.673828125 0.6484375 0.4296875 0.44140625
1 0.2666015625 0.7578125 0.322265625 0.484375
1 0.3671875 0.486328125 0.1591796875 0.18359375
1 0.080078125 0.62890625 0.1591796875 0.51953125
1 0.734375 0.3212890625 0.0185546875 0.0361328125
1 0.2099609375 0.4365234375 0.1201171875 0.18359375
1 0.7138671875 0.4052734375 0.0966796875 0.1279296875
1 0.8701171875 0.35546875 0.052734375 0.0556640625
1 0.64453125 0.3251953125 0.0205078125 0.044921875
1 0.314453125 0.365234375 0.056640625 0.0859375
1 0.9580078125 0.419921875 0.0810546875 0.177734375
1 0.2763671875 0.330078125 0.0126953125 0.033203125
1 0.513671875 0.39453125 0.076171875 0.14453125
1 0.716796875 0.3447265625 0.0341796875 0.0615234375
1 0.6005859375 0.3447265625 0.0390625 0.078125
0 0.478515625 0.482421875 0.0419921875 0.0361328125
1 0.666015625 0.3251953125 0.0185546875 0.033203125
1 0.8193359375 0.330078125 0.064453125 0.0888671875
0 0.8701171875 0.607421875 0.125 0.09765625
1 0.5009765625 0.3330078125 0.013671875 0.0390625
1 0.560546875 0.318359375 0.0595703125 0.15234375
0 0.3818359375 0.5791015625 0.064453125 0.0361328125
1 0.4443359375 0.3427734375 0.0234375 0.052734375
1 0.9013671875 0.3251953125 0.03125 0.0498046875
1 0.7685546875 0.361328125 0.03125 0.06640625
1 0.2314453125 0.35546875 0.025390625 0.044921875
1 0.912109375 0.3662109375 0.03125 0.0498046875
1 0.3505859375 0.33203125 0.017578125 0.025390625
1 0.1787109375 0.3515625 0.0361328125 0.05859375
0 0.4384765625 0.607421875 0.0546875 0.0419921875
0 0.486328125 0.4306640625 0.0283203125 0.0166015625
0 0.5302734375 0.5791015625 0.0986328125 0.046875
1 0.8486328125 0.3291015625 0.021484375 0.0361328125
1 0.767578125 0.306640625 0.0361328125 0.052734375
1 0.375 0.375 0.0185546875 0.0498046875
1 0.5927734375 0.294921875 0.013671875 0.0224609375
0 0.4111328125 0.4306640625 0.0185546875 0.0224609375
1 0.478515625 0.3427734375 0.017578125 0.0302734375
0 0.4326171875 0.4580078125 0.0439453125 0.0390625
0 0.642578125 0.423828125 0.048828125 0.01953125
0 0.6064453125 0.39453125 0.025390625 0.0166015625
1 0.349609375 0.3681640625 0.033203125 0.046875
1 0.337890625 0.345703125 0.0185546875 0.025390625
0 0.4560546875 0.3837890625 0.03125 0.0166015625
0 0.798828125 0.369140625 0.021484375 0.0166015625
0 0.30078125 0.49609375 0.0205078125 0.025390625
0 0.767578125 0.4365234375 0.0205078125 0.0166015625
0 0.279296875 0.4306640625 0.041015625 0.0224609375
2 0.607421875 0.4775390625 0.0205078125 0.0224609375
0 0.1494140625 0.4365234375 0.017578125 0.0166015625
1 0.5517578125 0.3955078125 0.0283203125 0.0419921875
0 0.587890625 0.462890625 0.025390625 0.0419921875
0 0.068359375 0.955078125 0.1357421875 0.078125
1 0.556640625 0.259765625 0.0205078125 0.0302734375
0 0.591796875 0.369140625 0.0126953125 0.0224609375
0 0.1240234375 0.4501953125 0.0576171875 0.044921875