2 0.833984375 0.923828125 0.166015625 0.080078125
1 0.671875 0.662109375 0.4375 0.419921875
1 0.3681640625 0.4931640625 0.1611328125 0.1865234375
1 0.63671875 0.3134765625 0.017578125 0.0166015625
1 0.251953125 0.779296875 0.353515625 0.4365234375
1 0.5302734375 0.48046875 0.154296875 0.1943359375
1 0.708984375 0.39453125 0.099609375 0.1279296875
1 0.2099609375 0.455078125 0.126953125 0.2392578125
1 0.9609375 0.4306640625 0.078125 0.1943359375
1 0.7353515625 0.31640625 0.013671875 0.02734375
1 0.4443359375 0.33984375 0.0234375 0.05859375
1 0.5009765625 0.330078125 0.013671875 0.0390625
1 0.224609375 0.35546875 0.0185546875 0.0390625
1 0.59765625 0.3427734375 0.0517578125 0.0859375
1 0.6689453125 0.3251953125 0.0185546875 0.033203125
1 0.076171875 0.5166015625 0.1513671875 0.2890625
1 0.900390625 0.330078125 0.056640625 0.06640625
0 0.1328125 0.951171875 0.2216796875 0.09765625
1 0.8232421875 0.3291015625 0.068359375 0.080078125
1 0.48046875 0.337890625 0.013671875 0.0302734375
1 0.85546875 0.3740234375 0.0419921875 0.0419921875
1 0.3125 0.3623046875 0.056640625 0.080078125
1 0.0224609375 0.3779296875 0.0390625 0.02734375
1 0.296875 0.330078125 0.015625 0.033203125
1 0.7734375 0.357421875 0.0498046875 0.1083984375
1 0.3623046875 0.357421875 0.0439453125 0.0751953125
0 0.5341796875 0.578125 0.1064453125 0.0556640625
0 0.474609375 0.48046875 0.0439453125 0.0390625
1 0.9541015625 0.7041015625 0.091796875 0.271484375
0 0.8642578125 0.6181640625 0.09375 0.052734375
0 0.4072265625 0.4384765625 0.0263671875 0.0390625
1 0.5517578125 0.3662109375 0.0341796875 0.0615234375
1 0.279296875 0.330078125 0.015625 0.02734375
0 0.4384765625 0.607421875 0.0546875 0.0419921875
1 0.7685546875 0.3056640625 0.025390625 0.033203125
1 0.197265625 0.3662109375 0.0361328125 0.0556640625
0 0.3740234375 0.5791015625 0.064453125 0.0419921875
0 0.486328125 0.4306640625 0.0263671875 0.0166015625
1 0.5126953125 0.3662109375 0.056640625 0.10546875
0 0.6416015625 0.423828125 0.0419921875 0.01953125
1 0.341796875 0.3291015625 0.021484375 0.0361328125
1 0.849609375 0.328125 0.0185546875 0.033203125
1 0.462890625 0.3291015625 0.0205078125 0.0361328125
0 0.603515625 0.3955078125 0.0234375 0.013671875
1 0.6787109375 0.4541015625 0.0546875 0.0361328125
0 0.45703125 0.3837890625 0.0205078125 0.0166015625
0 0.7685546875 0.443359375 0.025390625 0.025390625
1 0.71875 0.341796875 0.025390625 0.0390625
0 0.9541015625 0.5791015625 0.0732421875 0.0361328125
0 0.30078125 0.494140625 0.0234375 0.02734375
1 0.587890625 0.3193359375 0.0126953125 0.0224609375
0 0.0390625 0.544921875 0.078125 0.0498046875
0 0.419921875 0.466796875 0.029296875 0.0166015625
0 0.609375 0.4775390625 0.021484375 0.02734375
1 0.630859375 0.369140625 0.0205078125 0.0224609375
0 0.798828125 0.3759765625 0.0234375 0.013671875
0 0.712890625 0.470703125 0.029296875 0.025390625
0 0.1494140625 0.4365234375 0.0205078125 0.0166015625
0 0.283203125 0.4306640625 0.03125 0.0166015625
1 0.8955078125 0.3720703125 0.0283203125 0.033203125
1 0.603515625 0.3291015625 0.015625 0.025390625
0 0.5810546875 0.3916015625 0.025390625 0.0390625
0 0.587890625 0.462890625 0.025390625 0.0419921875
0 0.763671875 0.388671875 0.013671875 0.0224609375
1 0.3173828125 0.3525390625 0.0185546875 0.0224609375