2 0.833984375 0.927734375 0.166015625 0.0830078125
1 0.6689453125 0.654296875 0.380859375 0.3974609375
1 0.080078125 0.62890625 0.1513671875 0.5302734375
1 0.4443359375 0.408203125 0.111328125 0.138671875
1 0.4375 0.330078125 0.0185546875 0.0390625
1 0.2939453125 0.3544921875 0.0439453125 0.080078125
1 0.306640625 0.3212890625 0.0126953125 0.025390625
1 0.466796875 0.341796875 0.0341796875 0.072265625
0 0.1982421875 0.9306640625 0.224609375 0.1279296875
1 0.673828125 0.3193359375 0.0205078125 0.033203125
1 0.712890625 0.3955078125 0.099609375 0.125
1 0.544921875 0.4443359375 0.126953125 0.2001953125
1 0.6416015625 0.318359375 0.017578125 0.0361328125
1 0.6162109375 0.341796875 0.048828125 0.078125
1 0.8134765625 0.35546875 0.0830078125 0.14453125
1 0.912109375 0.35546875 0.0673828125 0.0830078125
1 0.3427734375 0.3779296875 0.048828125 0.111328125
1 0.767578125 0.31640625 0.048828125 0.06640625
1 0.341796875 0.328125 0.013671875 0.02734375
1 0.966796875 0.4365234375 0.0654296875 0.1943359375
1 0.232421875 0.341796875 0.0361328125 0.0498046875
1 0.181640625 0.3642578125 0.0234375 0.0498046875
0 0.384765625 0.9345703125 0.130859375 0.130859375
0 0.4755859375 0.482421875 0.0419921875 0.0361328125
0 0.544921875 0.5634765625 0.0703125 0.02734375
0 0.4384765625 0.6083984375 0.0546875 0.0390625
0 0.4189453125 0.453125 0.0185546875 0.033203125
1 0.330078125 0.3447265625 0.015625 0.02734375
1 0.732421875 0.318359375 0.017578125 0.0361328125
1 0.0791015625 0.4169921875 0.0390625 0.0498046875
0 0.5615234375 0.54296875 0.048828125 0.013671875
0 0.162109375 0.45703125 0.03125 0.025390625
2 0.798828125 0.43359375 0.025390625 0.0166015625
0 0.404296875 0.4306640625 0.0263671875 0.0224609375
1 0.13671875 0.41796875 0.0205078125 0.0302734375
0 0.380859375 0.578125 0.0703125 0.0390625
1 0.60546875 0.3037109375 0.013671875 0.0302734375
1 0.67578125 0.4541015625 0.064453125 0.0361328125
1 0.4951171875 0.341796875 0.0185546875 0.02734375
1 0.353515625 0.3427734375 0.0185546875 0.025390625
0 0.7138671875 0.48046875 0.03125 0.02734375
0 0.462890625 0.390625 0.029296875 0.01953125
1 0.951171875 0.7197265625 0.0888671875 0.2275390625
0 0.775390625 0.443359375 0.037109375 0.0361328125
1 0.798828125 0.3291015625 0.021484375 0.0361328125
2 0.537109375 0.595703125 0.0576171875 0.0419921875
1 0.853515625 0.33203125 0.015625 0.0361328125
0 0.5888671875 0.4580078125 0.021484375 0.033203125
1 0.7138671875 0.3486328125 0.021484375 0.0302734375
1 0.8994140625 0.306640625 0.0263671875 0.0361328125
0 0.61328125 0.474609375 0.0205078125 0.0166015625
1 0.69140625 0.3583984375 0.0234375 0.0390625
1 0.5341796875 0.34765625 0.0126953125 0.0166015625
0 0.611328125 0.390625 0.025390625 0.025390625
0 0.9560546875 0.39453125 0.025390625 0.02734375
0 0.861328125 0.615234375 0.0498046875 0.0361328125
0 0.642578125 0.4287109375 0.041015625 0.025390625
0 0.7685546875 0.380859375 0.0185546875 0.0556640625
0 0.853515625 0.3681640625 0.03125 0.025390625
1 0.6630859375 0.3662109375 0.0263671875 0.0390625
0 0.955078125 0.349609375 0.0283203125 0.0166015625
2 0.4599609375 0.955078125 0.0234375 0.0830078125