1 0.6748046875 0.6640625 0.4375 0.4111328125
2 0.8349609375 0.923828125 0.1669921875 0.080078125
1 0.8876953125 0.490234375 0.21875 0.2470703125
1 0.5048828125 0.328125 0.0126953125 0.02734375
1 0.0712890625 0.640625 0.142578125 0.513671875
1 0.4560546875 0.3525390625 0.056640625 0.099609375
1 0.767578125 0.3291015625 0.048828125 0.091796875
1 0.6435546875 0.4052734375 0.0751953125 0.1552734375
1 0.388671875 0.4912109375 0.1328125 0.171875
1 0.88671875 0.328125 0.048828125 0.0830078125
1 0.494140625 0.3427734375 0.0185546875 0.025390625
1 0.2294921875 0.3525390625 0.0283203125 0.033203125
1 0.642578125 0.31640625 0.021484375 0.02734375
1 0.67578125 0.33203125 0.0390625 0.0751953125
1 0.822265625 0.3349609375 0.0654296875 0.091796875
1 0.353515625 0.341796875 0.0205078125 0.0390625
1 0.716796875 0.322265625 0.041015625 0.0556640625
1 0.166015625 0.404296875 0.080078125 0.125
1 0.5849609375 0.330078125 0.029296875 0.0615234375
1 0.2939453125 0.328125 0.0185546875 0.02734375
1 0.287109375 0.3681640625 0.044921875 0.0634765625
1 0.560546875 0.3984375 0.0810546875 0.119140625
1 0.32421875 0.3623046875 0.044921875 0.080078125
1 0.087890625 0.4306640625 0.0625 0.0830078125
1 0.8154296875 0.3115234375 0.015625 0.0166015625
0 0.4755859375 0.48046875 0.0419921875 0.0390625
0 0.2060546875 0.919921875 0.275390625 0.150390625
0 0.388671875 0.927734375 0.154296875 0.14453125
0 0.4384765625 0.607421875 0.0546875 0.0419921875
1 0.037109375 0.41015625 0.0439453125 0.05859375
0 0.41015625 0.443359375 0.0234375 0.0302734375
1 0.607421875 0.3525390625 0.0234375 0.0498046875
1 0.8505859375 0.3427734375 0.0234375 0.0361328125
0 0.48828125 0.4287109375 0.0361328125 0.01953125
0 0.544921875 0.576171875 0.1201171875 0.052734375
0 0.392578125 0.580078125 0.0517578125 0.0390625
0 0.419921875 0.46484375 0.029296875 0.025390625
0 0.787109375 0.443359375 0.056640625 0.0361328125
1 0.9560546875 0.71484375 0.087890625 0.2529296875
0 0.7255859375 0.4677734375 0.1015625 0.0361328125
1 0.9716796875 0.357421875 0.052734375 0.046875
1 0.9306640625 0.35546875 0.0263671875 0.0390625
1 0.8037109375 0.330078125 0.0205078125 0.02734375
0 0.6123046875 0.3876953125 0.0185546875 0.025390625
0 0.7998046875 0.40234375 0.037109375 0.0166015625
1 0.537109375 0.341796875 0.0205078125 0.0498046875
0 0.44921875 0.4677734375 0.029296875 0.025390625
2 0.818359375 0.3662109375 0.025390625 0.0224609375
0 0.3115234375 0.3583984375 0.0205078125 0.0107421875
1 0.0205078125 0.4677734375 0.041015625 0.0751953125