2 0.833984375 0.927734375 0.166015625 0.0830078125
1 0.662109375 0.630859375 0.3876953125 0.4501953125
1 0.076171875 0.6572265625 0.1513671875 0.5859375
1 0.412109375 0.3779296875 0.0517578125 0.099609375
1 0.306640625 0.3212890625 0.013671875 0.025390625
1 0.28125 0.345703125 0.025390625 0.046875
1 0.236328125 0.3544921875 0.0439453125 0.0634765625
1 0.5302734375 0.341796875 0.017578125 0.0390625
1 0.7099609375 0.380859375 0.0546875 0.10546875
1 0.9619140625 0.4404296875 0.076171875 0.201171875
1 0.3916015625 0.484375 0.091796875 0.169921875
1 0.1669921875 0.404296875 0.0810546875 0.119140625
1 0.7744140625 0.3291015625 0.048828125 0.091796875
1 0.4306640625 0.328125 0.013671875 0.02734375
1 0.625 0.380859375 0.068359375 0.1337890625
1 0.349609375 0.380859375 0.048828125 0.1279296875
1 0.8369140625 0.3154296875 0.0205078125 0.025390625
1 0.888671875 0.330078125 0.0576171875 0.078125
1 0.03515625 0.392578125 0.044921875 0.052734375
1 0.67578125 0.330078125 0.033203125 0.0615234375
0 0.478515625 0.4833984375 0.0439453125 0.0390625
1 0.587890625 0.3212890625 0.0185546875 0.0361328125
1 0.537109375 0.3857421875 0.076171875 0.14453125
1 0.474609375 0.3447265625 0.03125 0.078125
1 0.638671875 0.31640625 0.015625 0.033203125
0 0.2197265625 0.9326171875 0.181640625 0.134765625
1 0.3037109375 0.3525390625 0.0263671875 0.0498046875
1 0.919921875 0.3427734375 0.0205078125 0.0361328125
0 0.38671875 0.9345703125 0.1298828125 0.130859375
1 0.17578125 0.3525390625 0.033203125 0.044921875
1 0.609375 0.330078125 0.0185546875 0.033203125
1 0.734375 0.318359375 0.0185546875 0.0361328125
1 0.806640625 0.328125 0.0185546875 0.0390625
0 0.4384765625 0.609375 0.0546875 0.0419921875
0 0.400390625 0.578125 0.03125 0.0390625
1 0.4990234375 0.330078125 0.0078125 0.02734375
0 0.55078125 0.55859375 0.076171875 0.033203125
0 0.42578125 0.4677734375 0.0234375 0.01953125
0 0.1748046875 0.45703125 0.0498046875 0.025390625
1 0.0234375 0.447265625 0.046875 0.0830078125
0 0.775390625 0.44140625 0.0419921875 0.0390625
1 0.8310546875 0.3544921875 0.0498046875 0.091796875
2 0.5341796875 0.5927734375 0.056640625 0.046875
0 0.0439453125 0.595703125 0.087890625 0.0634765625
0 0.591796875 0.46484375 0.0234375 0.0419921875
0 0.025390625 0.4912109375 0.0439453125 0.02734375
0 0.189453125 0.4912109375 0.03125 0.0224609375
0 0.470703125 0.3876953125 0.015625 0.01953125
1 0.9501953125 0.7177734375 0.087890625 0.236328125
0 0.609375 0.390625 0.0185546875 0.025390625
0 0.041015625 0.548828125 0.0810546875 0.052734375
1 0.5556640625 0.3212890625 0.0205078125 0.0361328125
1 0.341796875 0.486328125 0.0361328125 0.072265625
1 0.94140625 0.3544921875 0.0205078125 0.0302734375
1 0.8603515625 0.3623046875 0.0361328125 0.0302734375
1 0.90625 0.369140625 0.025390625 0.033203125
2 0.4599609375 0.9541015625 0.0234375 0.0859375
0 0.8564453125 0.6162109375 0.0439453125 0.033203125
1 0.787109375 0.3984375 0.0439453125 0.05859375
1 0.361328125 0.3291015625 0.0126953125 0.025390625
2 0.498046875 0.462890625 0.013671875 0.025390625