2 0.8349609375 0.927734375 0.1640625 0.0830078125
1 0.662109375 0.6552734375 0.4189453125 0.4111328125
1 0.37890625 0.486328125 0.158203125 0.1943359375
0 0.234375 0.9375 0.1904296875 0.119140625
1 0.701171875 0.4111328125 0.1044921875 0.1552734375
1 0.2265625 0.72265625 0.4091796875 0.544921875
1 0.837890625 0.4794921875 0.15625 0.2529296875
1 0.55078125 0.4775390625 0.1357421875 0.1669921875
1 0.767578125 0.3232421875 0.046875 0.080078125
1 0.7255859375 0.3125 0.0205078125 0.0302734375
1 0.330078125 0.365234375 0.048828125 0.091796875
1 0.6494140625 0.318359375 0.017578125 0.0302734375
1 0.669921875 0.3134765625 0.0205078125 0.02734375
1 0.9482421875 0.451171875 0.103515625 0.236328125
1 0.1845703125 0.4365234375 0.1279296875 0.1943359375
1 0.4658203125 0.3525390625 0.037109375 0.06640625
1 0.6201171875 0.3759765625 0.068359375 0.125
1 0.0625 0.4052734375 0.099609375 0.1220703125
1 0.2822265625 0.330078125 0.013671875 0.033203125
1 0.5869140625 0.330078125 0.0361328125 0.06640625
1 0.236328125 0.369140625 0.0390625 0.06640625
1 0.193359375 0.3486328125 0.0361328125 0.052734375
0 0.4794921875 0.482421875 0.0439453125 0.0361328125
1 0.892578125 0.341796875 0.056640625 0.10546875
1 0.5546875 0.3779296875 0.041015625 0.0615234375
1 0.71875 0.34765625 0.037109375 0.0556640625
1 0.494140625 0.3359375 0.03125 0.06640625
0 0.380859375 0.94140625 0.099609375 0.1162109375
1 0.5126953125 0.3134765625 0.0126953125 0.02734375
0 0.373046875 0.5751953125 0.078125 0.0498046875
1 0.685546875 0.330078125 0.0263671875 0.0390625
0 0.931640625 0.5791015625 0.111328125 0.0634765625
1 0.9560546875 0.7109375 0.087890625 0.2666015625
1 0.81640625 0.33984375 0.060546875 0.0859375
1 0.404296875 0.37890625 0.0341796875 0.080078125
0 0.439453125 0.6083984375 0.052734375 0.0390625
0 0.525390625 0.5791015625 0.1142578125 0.0634765625
1 0.296875 0.330078125 0.0126953125 0.033203125
0 0.4638671875 0.392578125 0.0341796875 0.0302734375
0 0.4873046875 0.4287109375 0.025390625 0.01953125
0 0.2568359375 0.41796875 0.0546875 0.0302734375
0 0.349609375 0.380859375 0.0234375 0.02734375
1 0.837890625 0.3056640625 0.013671875 0.0224609375
0 0.20703125 0.4609375 0.0390625 0.044921875
0 0.875 0.6162109375 0.0498046875 0.033203125
1 0.3681640625 0.35546875 0.013671875 0.02734375
0 0.037109375 0.5673828125 0.07421875 0.115234375
0 0.611328125 0.39453125 0.03125 0.0224609375
1 0.6123046875 0.3193359375 0.0185546875 0.033203125
0 0.767578125 0.44140625 0.0205078125 0.02734375
0 0.900390625 0.4541015625 0.0205078125 0.013671875
0 0.2998046875 0.50390625 0.0185546875 0.0361328125
0 0.587890625 0.380859375 0.025390625 0.02734375
0 0.326171875 0.4052734375 0.0234375 0.0166015625
2 0.6318359375 0.48046875 0.013671875 0.02734375
0 0.9384765625 0.3544921875 0.0517578125 0.025390625
0 0.642578125 0.427734375 0.0390625 0.0224609375
2 0.611328125 0.48046875 0.021484375 0.0224609375
0 0.591796875 0.4580078125 0.0185546875 0.0390625
1 0.787109375 0.3662109375 0.025390625 0.033203125
1 0.6357421875 0.361328125 0.021484375 0.033203125
1 0.3076171875 0.3486328125 0.0185546875 0.0302734375
2 0.4580078125 0.955078125 0.025390625 0.0830078125
1 0.6728515625 0.35546875 0.0234375 0.033203125
0 0.923828125 0.41015625 0.0439453125 0.01953125