2 0.8349609375 0.923828125 0.1640625 0.080078125
1 0.8193359375 0.4501953125 0.1796875 0.216796875
1 0.69140625 0.69140625 0.455078125 0.35546875
1 0.0712890625 0.65234375 0.142578125 0.5615234375
1 0.4619140625 0.34765625 0.048828125 0.0830078125
1 0.3876953125 0.484375 0.125 0.1806640625
1 0.5625 0.4677734375 0.15625 0.2138671875
1 0.181640625 0.380859375 0.099609375 0.138671875
1 0.7607421875 0.3154296875 0.056640625 0.0859375
1 0.6435546875 0.318359375 0.0185546875 0.0361328125
1 0.677734375 0.3232421875 0.021484375 0.0302734375
1 0.869140625 0.3427734375 0.0361328125 0.0302734375
1 0.900390625 0.33984375 0.056640625 0.09765625
1 0.724609375 0.3125 0.0185546875 0.0302734375
1 0.3115234375 0.35546875 0.048828125 0.0888671875
0 0.205078125 0.9306640625 0.2314453125 0.1279296875
1 0.607421875 0.3525390625 0.0546875 0.0888671875
1 0.48828125 0.3427734375 0.0205078125 0.0361328125
1 0.341796875 0.3193359375 0.0185546875 0.033203125
1 0.9453125 0.453125 0.109375 0.244140625
1 0.8173828125 0.341796875 0.068359375 0.0947265625
1 0.2783203125 0.3427734375 0.021484375 0.0361328125
1 0.2109375 0.3525390625 0.025390625 0.033203125
1 0.263671875 0.41015625 0.083984375 0.119140625
1 0.0224609375 0.3955078125 0.044921875 0.05859375
1 0.662109375 0.3720703125 0.0751953125 0.10546875
0 0.478515625 0.482421875 0.0419921875 0.0361328125
1 0.357421875 0.3681640625 0.0390625 0.09765625
0 0.5556640625 0.55859375 0.0576171875 0.033203125
1 0.5751953125 0.306640625 0.03125 0.0859375
0 0.443359375 0.6083984375 0.0439453125 0.0390625
0 0.935546875 0.580078125 0.109375 0.0498046875
1 0.42578125 0.3515625 0.029296875 0.0634765625
1 0.712890625 0.34765625 0.029296875 0.0556640625
1 0.9638671875 0.7138671875 0.068359375 0.25
0 0.6953125 0.4794921875 0.056640625 0.0302734375
1 0.5439453125 0.3681640625 0.037109375 0.05859375
1 0.3662109375 0.3525390625 0.013671875 0.02734375
0 0.1669921875 0.4638671875 0.037109375 0.02734375
0 0.392578125 0.927734375 0.1533203125 0.14453125
1 0.51171875 0.3232421875 0.033203125 0.05859375
1 0.298828125 0.3349609375 0.009765625 0.0302734375
0 0.4248046875 0.466796875 0.0185546875 0.0224609375
0 0.4638671875 0.390625 0.0283203125 0.025390625
0 0.634765625 0.419921875 0.048828125 0.02734375
0 0.4951171875 0.587890625 0.0341796875 0.0419921875
2 0.5390625 0.591796875 0.068359375 0.0498046875
0 0.6044921875 0.3984375 0.037109375 0.01953125
0 0.7998046875 0.3759765625 0.03125 0.013671875
0 0.15625 0.4404296875 0.025390625 0.025390625
1 0.951171875 0.3720703125 0.044921875 0.044921875
0 0.326171875 0.404296875 0.025390625 0.013671875
0 0.7607421875 0.35546875 0.03125 0.0166015625
0 0.8037109375 0.404296875 0.0390625 0.0302734375
0 0.412109375 0.4287109375 0.017578125 0.01953125
1 0.736328125 0.4052734375 0.041015625 0.072265625
0 0.59375 0.3623046875 0.0185546875 0.025390625
0 0.59375 0.4501953125 0.0126953125 0.0166015625
1 0.59765625 0.318359375 0.013671875 0.025390625
2 0.8193359375 0.552734375 0.0361328125 0.0224609375
0 0.962890625 0.3486328125 0.025390625 0.01953125