2 0.8359375 0.927734375 0.166015625 0.0830078125
1 0.67578125 0.6416015625 0.4267578125 0.4384765625
1 0.3798828125 0.474609375 0.130859375 0.2001953125
0 0.2041015625 0.9501953125 0.2294921875 0.099609375
1 0.40625 0.380859375 0.037109375 0.0888671875
1 0.447265625 0.3212890625 0.017578125 0.025390625
1 0.3017578125 0.328125 0.015625 0.0224609375
1 0.064453125 0.662109375 0.1279296875 0.619140625
1 0.53125 0.3486328125 0.0185546875 0.0419921875
1 0.83203125 0.3193359375 0.033203125 0.0498046875
1 0.7197265625 0.3349609375 0.0419921875 0.0693359375
1 0.2802734375 0.341796875 0.0234375 0.044921875
1 0.5126953125 0.392578125 0.0625 0.1474609375
1 0.642578125 0.31640625 0.013671875 0.0224609375
1 0.267578125 0.392578125 0.0595703125 0.0859375
1 0.337890625 0.3525390625 0.048828125 0.072265625
1 0.4931640625 0.328125 0.017578125 0.0390625
1 0.818359375 0.4443359375 0.130859375 0.2392578125
1 0.939453125 0.453125 0.1201171875 0.2333984375
1 0.6064453125 0.34765625 0.037109375 0.0830078125
1 0.767578125 0.3291015625 0.0517578125 0.080078125
1 0.150390625 0.341796875 0.037109375 0.0390625
1 0.2255859375 0.3515625 0.0263671875 0.0361328125
1 0.650390625 0.341796875 0.068359375 0.0888671875
1 0.857421875 0.357421875 0.0419921875 0.0751953125
0 0.916015625 0.580078125 0.1376953125 0.0556640625
1 0.1298828125 0.3818359375 0.021484375 0.046875
1 0.9052734375 0.3447265625 0.048828125 0.0830078125
1 0.9404296875 0.34765625 0.0341796875 0.0556640625
1 0.556640625 0.365234375 0.037109375 0.0419921875
1 0.701171875 0.404296875 0.0546875 0.0859375
0 0.4794921875 0.4833984375 0.0439453125 0.0390625
0 0.375 0.5751953125 0.068359375 0.044921875
0 0.439453125 0.611328125 0.052734375 0.044921875
1 0.466796875 0.3427734375 0.0263671875 0.046875
1 0.0263671875 0.404296875 0.052734375 0.0751953125
0 0.3798828125 0.9423828125 0.099609375 0.115234375
0 0.4072265625 0.4287109375 0.029296875 0.01953125
0 0.529296875 0.58203125 0.109375 0.0634765625
0 0.330078125 0.404296875 0.025390625 0.013671875
1 0.67578125 0.3427734375 0.017578125 0.0302734375
1 0.8056640625 0.33984375 0.0361328125 0.052734375
1 0.9814453125 0.3603515625 0.037109375 0.056640625
1 0.5107421875 0.3251953125 0.0283203125 0.0498046875
1 0.58203125 0.3388671875 0.0234375 0.0390625
1 0.3046875 0.361328125 0.0283203125 0.033203125
0 0.0380859375 0.548828125 0.076171875 0.052734375
0 0.462890625 0.392578125 0.029296875 0.0302734375
0 0.4443359375 0.4775390625 0.029296875 0.0166015625
0 0.79296875 0.37890625 0.0205078125 0.013671875
0 0.044921875 0.59375 0.08984375 0.06640625
0 0.609375 0.3916015625 0.021484375 0.0166015625
0 0.484375 0.4306640625 0.0283203125 0.0224609375
0 0.98046875 0.625 0.033203125 0.0830078125
0 0.431640625 0.4677734375 0.0126953125 0.013671875
0 0.4189453125 0.447265625 0.0185546875 0.033203125
1 0.669921875 0.3125 0.017578125 0.01953125
0 0.5693359375 0.529296875 0.0859375 0.0693359375
1 0.3662109375 0.3662109375 0.017578125 0.02734375
0 0.5029296875 0.48046875 0.0126953125 0.0224609375
2 0.4599609375 0.955078125 0.0234375 0.0830078125