2 0.8349609375 0.927734375 0.1640625 0.0830078125
1 0.6806640625 0.6513671875 0.423828125 0.4140625
1 0.2626953125 0.7607421875 0.40625 0.4443359375
1 0.369140625 0.48046875 0.1376953125 0.177734375
1 0.837890625 0.3125 0.017578125 0.0302734375
1 0.8388671875 0.4541015625 0.1533203125 0.2197265625
1 0.6669921875 0.31640625 0.0185546875 0.033203125
1 0.6455078125 0.31640625 0.0185546875 0.0390625
1 0.556640625 0.349609375 0.037109375 0.044921875
1 0.294921875 0.328125 0.013671875 0.0224609375
1 0.53125 0.3427734375 0.0185546875 0.0361328125
1 0.462890625 0.3427734375 0.0419921875 0.080078125
1 0.5546875 0.466796875 0.1533203125 0.2001953125
1 0.4873046875 0.3427734375 0.0185546875 0.0302734375
1 0.7314453125 0.3154296875 0.0185546875 0.0361328125
1 0.275390625 0.3544921875 0.0205078125 0.0419921875
1 0.263671875 0.4287109375 0.072265625 0.1865234375
1 0.712890625 0.341796875 0.029296875 0.0556640625
1 0.755859375 0.3349609375 0.0263671875 0.0419921875
1 0.349609375 0.3642578125 0.0517578125 0.099609375
1 0.2197265625 0.361328125 0.029296875 0.044921875
1 0.0791015625 0.494140625 0.1513671875 0.27734375
1 0.701171875 0.4111328125 0.0908203125 0.14453125
1 0.8984375 0.3232421875 0.052734375 0.05859375
1 0.94921875 0.4375 0.1015625 0.2080078125
1 0.5966796875 0.33984375 0.0439453125 0.080078125
0 0.4755859375 0.4833984375 0.0419921875 0.0390625
0 0.9326171875 0.572265625 0.1064453125 0.0556640625
1 0.306640625 0.3525390625 0.0439453125 0.0615234375
0 0.4931640625 0.4287109375 0.0263671875 0.01953125
0 0.375 0.5751953125 0.0625 0.044921875
1 0.5126953125 0.30859375 0.03125 0.0498046875
1 0.412109375 0.3681640625 0.0205078125 0.0751953125
0 0.3916015625 0.9306640625 0.1484375 0.138671875
0 0.4384765625 0.607421875 0.0546875 0.0419921875
1 0.9384765625 0.330078125 0.0361328125 0.044921875
1 0.142578125 0.392578125 0.033203125 0.091796875
0 0.5439453125 0.5556640625 0.0810546875 0.0390625
1 0.7744140625 0.2919921875 0.0205078125 0.02734375
0 0.462890625 0.390625 0.025390625 0.025390625
0 0.642578125 0.427734375 0.041015625 0.0224609375
1 0.796875 0.349609375 0.0341796875 0.0556640625
0 0.326171875 0.404296875 0.0263671875 0.013671875
0 0.1875 0.4677734375 0.0810546875 0.05859375
1 0.9541015625 0.7177734375 0.0888671875 0.2470703125
0 0.455078125 0.466796875 0.03125 0.0224609375
0 0.494140625 0.58203125 0.033203125 0.05859375
0 0.611328125 0.392578125 0.021484375 0.01953125
2 0.5419921875 0.591796875 0.0625 0.044921875
0 0.42578125 0.466796875 0.0205078125 0.0224609375
0 0.98046875 0.5556640625 0.0390625 0.02734375
0 0.30078125 0.5 0.0234375 0.033203125
0 0.0390625 0.546875 0.078125 0.0556640625
1 0.25390625 0.3544921875 0.0263671875 0.0419921875
1 0.369140625 0.3447265625 0.0126953125 0.0224609375
1 0.556640625 0.3193359375 0.0185546875 0.02734375
0 0.81640625 0.4052734375 0.044921875 0.0498046875
1 0.8193359375 0.318359375 0.0234375 0.0419921875
1 0.986328125 0.419921875 0.0263671875 0.0615234375
0 0.935546875 0.390625 0.0205078125 0.046875
1 0.5927734375 0.318359375 0.0107421875 0.01953125
2 0.59765625 0.4072265625 0.013671875 0.025390625
1 0.7734375 0.37890625 0.015625 0.046875