2 0.833984375 0.9267578125 0.166015625 0.0859375
1 0.6787109375 0.6357421875 0.4169921875 0.4443359375
1 0.6484375 0.3134765625 0.0185546875 0.02734375
1 0.8369140625 0.4541015625 0.158203125 0.2197265625
1 0.6689453125 0.318359375 0.0185546875 0.025390625
1 0.349609375 0.31640625 0.0185546875 0.02734375
1 0.724609375 0.3037109375 0.025390625 0.0302734375
1 0.7509765625 0.330078125 0.0263671875 0.02734375
1 0.25 0.6845703125 0.4375 0.6083984375
1 0.8251953125 0.330078125 0.0625 0.06640625
1 0.392578125 0.484375 0.1044921875 0.169921875
1 0.716796875 0.3447265625 0.0361328125 0.06640625
1 0.279296875 0.349609375 0.0263671875 0.044921875
1 0.5009765625 0.380859375 0.064453125 0.1162109375
1 0.892578125 0.3212890625 0.0546875 0.0634765625
1 0.591796875 0.318359375 0.013671875 0.0302734375
1 0.212890625 0.357421875 0.0419921875 0.05859375
1 0.662109375 0.3759765625 0.0859375 0.125
1 0.3134765625 0.3662109375 0.048828125 0.0947265625
1 0.9501953125 0.443359375 0.099609375 0.2109375
1 0.9306640625 0.349609375 0.0390625 0.0556640625
1 0.4091796875 0.3662109375 0.0498046875 0.0947265625
1 0.462890625 0.3447265625 0.0439453125 0.078125
1 0.7734375 0.3212890625 0.0341796875 0.0634765625
1 0.2939453125 0.33203125 0.0126953125 0.025390625
1 0.255859375 0.3779296875 0.037109375 0.044921875
1 0.3681640625 0.35546875 0.0234375 0.0498046875
1 0.5263671875 0.33203125 0.0185546875 0.0361328125
1 0.955078125 0.6806640625 0.0888671875 0.322265625
0 0.478515625 0.4833984375 0.0439453125 0.0390625
1 0.068359375 0.4169921875 0.087890625 0.0888671875
1 0.486328125 0.3447265625 0.0185546875 0.033203125
0 0.392578125 0.572265625 0.0439453125 0.044921875
1 0.974609375 0.35546875 0.048828125 0.0498046875
0 0.439453125 0.607421875 0.052734375 0.0419921875
0 0.5380859375 0.5595703125 0.0888671875 0.0302734375
0 0.4921875 0.4287109375 0.03125 0.01953125
1 0.0185546875 0.455078125 0.037109375 0.1220703125
0 0.6064453125 0.4677734375 0.03125 0.0361328125
1 0.1572265625 0.421875 0.033203125 0.0556640625
1 0.173828125 0.3447265625 0.048828125 0.0830078125
1 0.546875 0.3662109375 0.0341796875 0.0556640625
0 0.4619140625 0.3916015625 0.0234375 0.02734375
0 0.6015625 0.392578125 0.037109375 0.01953125
1 0.625 0.369140625 0.0185546875 0.02734375
2 0.5380859375 0.591796875 0.0576171875 0.044921875
0 0.1572265625 0.4599609375 0.017578125 0.01953125
0 0.42578125 0.4677734375 0.0205078125 0.01953125
0 0.037109375 0.544921875 0.07421875 0.05859375
0 0.494140625 0.580078125 0.033203125 0.0556640625
0 0.044921875 0.5947265625 0.0888671875 0.06640625
0 0.326171875 0.404296875 0.0283203125 0.013671875
1 0.513671875 0.30859375 0.0185546875 0.02734375
0 0.416015625 0.4306640625 0.0126953125 0.0166015625
1 0.6064453125 0.33984375 0.0185546875 0.025390625
0 0.3447265625 0.3857421875 0.029296875 0.033203125
2 0.4541015625 0.4736328125 0.0263671875 0.01953125
0 0.84765625 0.369140625 0.0234375 0.0166015625
0 0.78515625 0.4111328125 0.029296875 0.033203125
0 0.92578125 0.412109375 0.029296875 0.025390625
1 0.349609375 0.3525390625 0.013671875 0.0224609375
0 0.638671875 0.423828125 0.041015625 0.0302734375
0 0.154296875 0.94140625 0.150390625 0.111328125
1 0.7734375 0.380859375 0.015625 0.044921875
0 0.7998046875 0.3876953125 0.025390625 0.025390625
2 0.29296875 0.94140625 0.0517578125 0.02734375
0 0.5927734375 0.369140625 0.013671875 0.02734375
1 0.8251953125 0.3662109375 0.03125 0.02734375
2 0.634765625 0.48046875 0.015625 0.02734375
2 0.017578125 0.9296875 0.03515625 0.0625
0 0.791015625 0.328125 0.0185546875 0.0166015625