2 0.8349609375 0.923828125 0.1640625 0.080078125
1 0.681640625 0.6806640625 0.435546875 0.3662109375
1 0.244140625 0.75 0.3671875 0.494140625
1 0.880859375 0.4912109375 0.2314453125 0.2392578125
1 0.3623046875 0.4912109375 0.150390625 0.177734375
1 0.505859375 0.328125 0.013671875 0.02734375
1 0.5439453125 0.484375 0.2060546875 0.1806640625
1 0.716796875 0.392578125 0.1044921875 0.169921875
1 0.462890625 0.3486328125 0.048828125 0.080078125
1 0.7314453125 0.3056640625 0.025390625 0.02734375
1 0.767578125 0.33203125 0.044921875 0.09765625
1 0.28125 0.37890625 0.0498046875 0.1025390625
1 0.4931640625 0.341796875 0.0205078125 0.02734375
1 0.5830078125 0.3349609375 0.0341796875 0.0693359375
1 0.642578125 0.3154296875 0.021484375 0.0302734375
1 0.673828125 0.330078125 0.041015625 0.078125
1 0.193359375 0.44140625 0.130859375 0.205078125
1 0.8876953125 0.3291015625 0.0498046875 0.0751953125
1 0.2998046875 0.3349609375 0.0185546875 0.0302734375
1 0.2294921875 0.3662109375 0.0341796875 0.06640625
1 0.8173828125 0.3359375 0.068359375 0.0947265625
1 0.0634765625 0.50390625 0.126953125 0.2470703125
1 0.92578125 0.3427734375 0.0361328125 0.052734375
1 0.63671875 0.3447265625 0.033203125 0.0498046875
0 0.4873046875 0.4287109375 0.03125 0.01953125
0 0.880859375 0.5947265625 0.1123046875 0.06640625
0 0.478515625 0.48046875 0.0439453125 0.0390625
0 0.544921875 0.580078125 0.126953125 0.044921875
1 0.603515625 0.3427734375 0.0185546875 0.0361328125
1 0.1884765625 0.3681640625 0.029296875 0.046875
0 0.380859375 0.580078125 0.0751953125 0.033203125
1 0.955078125 0.693359375 0.0888671875 0.296875
0 0.439453125 0.6083984375 0.052734375 0.0390625
0 0.4169921875 0.451171875 0.021484375 0.0361328125
1 0.5556640625 0.3974609375 0.0361328125 0.0556640625
0 0.4052734375 0.427734375 0.0263671875 0.0224609375
1 0.97265625 0.357421875 0.0517578125 0.052734375
1 0.85546875 0.3427734375 0.0234375 0.0361328125
0 0.69921875 0.4775390625 0.048828125 0.02734375
0 0.7841796875 0.4404296875 0.046875 0.046875
1 0.291015625 0.35546875 0.013671875 0.02734375
1 0.3447265625 0.3720703125 0.048828125 0.1162109375
0 0.2001953125 0.4912109375 0.0498046875 0.02734375
1 0.3134765625 0.345703125 0.0234375 0.025390625
0 0.6015625 0.39453125 0.021484375 0.0166015625
1 0.361328125 0.35546875 0.0126953125 0.0224609375
0 0.25 0.419921875 0.03125 0.0224609375
0 0.30078125 0.49609375 0.0205078125 0.025390625
0 0.1865234375 0.4541015625 0.0732421875 0.0361328125
0 0.650390625 0.421875 0.0234375 0.0166015625
0 0.0107421875 0.505859375 0.021484375 0.033203125
0 0.83203125 0.37109375 0.0419921875 0.013671875
0 0.2841796875 0.4306640625 0.0341796875 0.0224609375
0 0.609375 0.55859375 0.041015625 0.033203125
0 0.3056640625 0.56640625 0.033203125 0.033203125
0 0.466796875 0.3916015625 0.015625 0.0166015625
1 0.8427734375 0.3125 0.0107421875 0.01953125
1 0.6416015625 0.3916015625 0.0263671875 0.0390625
1 0.591796875 0.3232421875 0.0107421875 0.01953125
1 0.529296875 0.3359375 0.029296875 0.044921875
0 0.3125 0.380859375 0.0185546875 0.0498046875
0 0.5869140625 0.3974609375 0.0234375 0.044921875
0 0.33203125 0.4306640625 0.0107421875 0.0224609375
0 0.130859375 0.4482421875 0.0361328125 0.0419921875
0 0.5947265625 0.3779296875 0.013671875 0.0224609375