2 0.8349609375 0.923828125 0.1640625 0.080078125
1 0.384765625 0.490234375 0.126953125 0.169921875
1 0.681640625 0.6806640625 0.4560546875 0.3447265625
1 0.2490234375 0.7294921875 0.392578125 0.486328125
1 0.5439453125 0.4775390625 0.162109375 0.177734375
1 0.841796875 0.4931640625 0.228515625 0.224609375
1 0.642578125 0.31640625 0.0205078125 0.033203125
1 0.4296875 0.3232421875 0.0185546875 0.01953125
1 0.8125 0.341796875 0.068359375 0.0888671875
1 0.193359375 0.4287109375 0.1171875 0.158203125
1 0.705078125 0.4248046875 0.1123046875 0.1669921875
1 0.7451171875 0.3515625 0.037109375 0.046875
1 0.666015625 0.3056640625 0.0185546875 0.02734375
1 0.9609375 0.619140625 0.078125 0.4169921875
1 0.4287109375 0.3681640625 0.0859375 0.1083984375
1 0.36328125 0.359375 0.0390625 0.080078125
1 0.169921875 0.3642578125 0.0361328125 0.0498046875
1 0.2978515625 0.4169921875 0.0888671875 0.1552734375
1 0.60546875 0.3486328125 0.044921875 0.080078125
1 0.71875 0.3427734375 0.03125 0.05859375
1 0.2255859375 0.3681640625 0.0234375 0.046875
1 0.8681640625 0.3759765625 0.0517578125 0.052734375
1 0.923828125 0.3388671875 0.0283203125 0.078125
0 0.474609375 0.482421875 0.0390625 0.0419921875
1 0.275390625 0.3544921875 0.025390625 0.0419921875
1 0.5546875 0.3681640625 0.037109375 0.052734375
0 0.546875 0.56640625 0.125 0.0615234375
0 0.3642578125 0.9287109375 0.171875 0.1357421875
1 0.4609375 0.328125 0.025390625 0.044921875
1 0.775390625 0.328125 0.029296875 0.0498046875
1 0.482421875 0.3447265625 0.0234375 0.033203125
1 0.248046875 0.3916015625 0.03125 0.0498046875
0 0.8623046875 0.6044921875 0.130859375 0.0634765625
0 0.41796875 0.451171875 0.0205078125 0.0361328125
0 0.4384765625 0.607421875 0.0546875 0.0419921875
1 0.900390625 0.322265625 0.025390625 0.044921875
1 0.3037109375 0.341796875 0.0263671875 0.044921875
0 0.40625 0.4248046875 0.025390625 0.0166015625
0 0.697265625 0.48046875 0.0439453125 0.02734375
0 0.494140625 0.4287109375 0.0185546875 0.01953125
0 0.2685546875 0.4306640625 0.0498046875 0.033203125
0 0.2060546875 0.455078125 0.037109375 0.033203125
0 0.3876953125 0.580078125 0.0439453125 0.0390625
0 0.326171875 0.40234375 0.0263671875 0.0166015625
0 0.6435546875 0.4248046875 0.037109375 0.0166015625
0 0.20703125 0.484375 0.0390625 0.0302734375
0 0.6123046875 0.380859375 0.0185546875 0.0224609375
1 0.873046875 0.33984375 0.029296875 0.0361328125
1 0.630859375 0.3681640625 0.0205078125 0.025390625
0 0.048828125 0.568359375 0.0966796875 0.1142578125
0 0.240234375 0.41796875 0.0185546875 0.013671875
1 0.525390625 0.345703125 0.0205078125 0.05859375
0 0.912109375 0.404296875 0.03125 0.01953125
0 0.7978515625 0.37890625 0.0205078125 0.01953125
1 0.5986328125 0.31640625 0.015625 0.02734375
0 0.6123046875 0.5634765625 0.0185546875 0.02734375
0 0.380859375 0.404296875 0.017578125 0.01953125
1 0.8251953125 0.3330078125 0.0185546875 0.0224609375
0 0.5927734375 0.455078125 0.013671875 0.02734375
1 0.76171875 0.3291015625 0.0107421875 0.025390625
0 0.7705078125 0.35546875 0.015625 0.0166015625
1 0.3603515625 0.404296875 0.0205078125 0.0419921875
0 0.44921875 0.48046875 0.0263671875 0.0224609375
1 0.337890625 0.341796875 0.03125 0.0615234375
2 0.4580078125 0.9541015625 0.025390625 0.0859375
0 0.78125 0.412109375 0.03125 0.0302734375