2 0.8349609375 0.923828125 0.1640625 0.080078125
1 0.6875 0.6279296875 0.4375 0.4609375
1 0.7373046875 0.3154296875 0.0185546875 0.0361328125
1 0.2548828125 0.767578125 0.34375 0.4365234375
1 0.8330078125 0.3115234375 0.0185546875 0.033203125
1 0.37890625 0.490234375 0.1513671875 0.19140625
1 0.275390625 0.345703125 0.0234375 0.0361328125
1 0.638671875 0.318359375 0.0185546875 0.025390625
1 0.224609375 0.357421875 0.0234375 0.0419921875
1 0.712890625 0.3427734375 0.0498046875 0.080078125
1 0.97265625 0.4306640625 0.0546875 0.1884765625
1 0.201171875 0.4541015625 0.1201171875 0.2138671875
0 0.33203125 0.9580078125 0.173828125 0.0830078125
1 0.28515625 0.4169921875 0.0703125 0.1669921875
1 0.767578125 0.318359375 0.0419921875 0.0634765625
1 0.5029296875 0.3720703125 0.072265625 0.1337890625
1 0.919921875 0.3583984375 0.0546875 0.072265625
1 0.5927734375 0.318359375 0.0205078125 0.0419921875
1 0.455078125 0.3427734375 0.052734375 0.0693359375
1 0.076171875 0.5439453125 0.15234375 0.337890625
1 0.3427734375 0.3349609375 0.029296875 0.0419921875
1 0.673828125 0.3623046875 0.033203125 0.0693359375
1 0.5302734375 0.341796875 0.0234375 0.044921875
1 0.8681640625 0.365234375 0.0576171875 0.0751953125
1 0.8798828125 0.3037109375 0.037109375 0.0693359375
1 0.48828125 0.3388671875 0.013671875 0.033203125
0 0.478515625 0.4833984375 0.0419921875 0.0390625
1 0.556640625 0.392578125 0.048828125 0.1025390625
1 0.310546875 0.341796875 0.029296875 0.044921875
1 0.6669921875 0.318359375 0.0185546875 0.0302734375
1 0.630859375 0.365234375 0.025390625 0.0361328125
1 0.2451171875 0.3779296875 0.0341796875 0.0615234375
0 0.37890625 0.5791015625 0.060546875 0.0361328125
1 0.044921875 0.392578125 0.048828125 0.05859375
1 0.8173828125 0.3515625 0.0654296875 0.09765625
0 0.439453125 0.611328125 0.052734375 0.044921875
0 0.51171875 0.5849609375 0.1142578125 0.05859375
1 0.171875 0.33203125 0.037109375 0.052734375
1 0.580078125 0.3349609375 0.0185546875 0.0302734375
1 0.6064453125 0.427734375 0.056640625 0.1552734375
0 0.30078125 0.5654296875 0.0361328125 0.025390625
0 0.3876953125 0.8916015625 0.1376953125 0.0888671875
0 0.4619140625 0.3876953125 0.029296875 0.025390625
1 0.509765625 0.3037109375 0.013671875 0.013671875
0 0.875 0.619140625 0.0439453125 0.0224609375
0 0.494140625 0.4287109375 0.0234375 0.01953125
0 0.6357421875 0.423828125 0.041015625 0.0302734375
1 0.9580078125 0.7177734375 0.078125 0.236328125
2 0.798828125 0.4306640625 0.0263671875 0.02734375
2 0.787109375 0.4072265625 0.0234375 0.025390625
1 0.3642578125 0.3544921875 0.0185546875 0.025390625
0 0.5625 0.5556640625 0.0439453125 0.033203125
0 0.611328125 0.39453125 0.015625 0.02734375
0 0.4443359375 0.4736328125 0.033203125 0.01953125
0 0.2470703125 0.4169921875 0.025390625 0.0224609375
0 0.30078125 0.4990234375 0.0205078125 0.0302734375
0 0.34375 0.3720703125 0.037109375 0.044921875
0 0.798828125 0.37890625 0.017578125 0.013671875
0 0.419921875 0.443359375 0.0234375 0.046875
1 0.1435546875 0.4169921875 0.0185546875 0.0390625
0 0.962890625 0.3544921875 0.0234375 0.025390625
0 0.9541015625 0.4013671875 0.0205078125 0.025390625