2 0.8349609375 0.927734375 0.1640625 0.0830078125
1 0.6669921875 0.671875 0.443359375 0.3837890625
1 0.7373046875 0.3134765625 0.0185546875 0.02734375
1 0.45703125 0.3330078125 0.0517578125 0.0888671875
1 0.869140625 0.484375 0.244140625 0.2412109375
1 0.705078125 0.4072265625 0.111328125 0.158203125
1 0.3759765625 0.4794921875 0.142578125 0.197265625
1 0.2568359375 0.77734375 0.326171875 0.427734375
1 0.529296875 0.4794921875 0.1591796875 0.1806640625
1 0.306640625 0.3251953125 0.017578125 0.0166015625
1 0.2744140625 0.341796875 0.0234375 0.02734375
1 0.7197265625 0.33984375 0.0263671875 0.046875
1 0.3193359375 0.3642578125 0.0576171875 0.0888671875
1 0.353515625 0.3427734375 0.0234375 0.052734375
0 0.3310546875 0.9580078125 0.1748046875 0.0830078125
1 0.6123046875 0.3291015625 0.0185546875 0.0302734375
1 0.4306640625 0.3447265625 0.029296875 0.033203125
1 0.2314453125 0.3447265625 0.0498046875 0.078125
1 0.193359375 0.466796875 0.1376953125 0.25
1 0.1845703125 0.345703125 0.037109375 0.0634765625
1 0.763671875 0.318359375 0.0517578125 0.0751953125
1 0.921875 0.3427734375 0.0654296875 0.0859375
1 0.818359375 0.3427734375 0.076171875 0.1083984375
1 0.5341796875 0.330078125 0.0185546875 0.044921875
1 0.072265625 0.41796875 0.091796875 0.1083984375
1 0.638671875 0.318359375 0.021484375 0.0361328125
1 0.5166015625 0.3681640625 0.0703125 0.1142578125
1 0.28125 0.4482421875 0.087890625 0.19140625
1 0.5654296875 0.3876953125 0.041015625 0.080078125
1 0.587890625 0.330078125 0.0390625 0.06640625
1 0.666015625 0.328125 0.029296875 0.0498046875
0 0.4072265625 0.443359375 0.0205078125 0.0361328125
0 0.8818359375 0.6025390625 0.076171875 0.0498046875
1 0.94921875 0.6806640625 0.095703125 0.328125
0 0.375 0.578125 0.0625 0.0390625
0 0.4384765625 0.6083984375 0.0546875 0.0390625
0 0.529296875 0.5791015625 0.1279296875 0.0634765625
1 0.4931640625 0.3427734375 0.0205078125 0.0302734375
0 0.294921875 0.5654296875 0.048828125 0.025390625
1 0.2705078125 0.3916015625 0.0283203125 0.044921875
1 0.869140625 0.35546875 0.037109375 0.0390625
1 0.5126953125 0.3154296875 0.0185546875 0.0361328125
1 0.974609375 0.421875 0.0498046875 0.14453125
0 0.4677734375 0.388671875 0.0263671875 0.0224609375
1 0.974609375 0.3525390625 0.029296875 0.033203125
1 0.63671875 0.255859375 0.013671875 0.0107421875
0 0.388671875 0.892578125 0.138671875 0.091796875
0 0.7705078125 0.44140625 0.03125 0.033203125
0 0.0478515625 0.568359375 0.095703125 0.119140625
0 0.619140625 0.4794921875 0.03125 0.025390625
0 0.69921875 0.4794921875 0.0419921875 0.01953125
0 0.587890625 0.4609375 0.025390625 0.044921875
0 0.3017578125 0.5068359375 0.025390625 0.046875
0 0.494140625 0.4306640625 0.017578125 0.0166015625
0 0.611328125 0.390625 0.0205078125 0.025390625
0 0.64453125 0.427734375 0.033203125 0.0166015625
0 0.443359375 0.474609375 0.03125 0.0166015625
0 0.7978515625 0.3779296875 0.0205078125 0.0107421875
1 0.8447265625 0.345703125 0.0205078125 0.025390625
0 0.5556640625 0.537109375 0.029296875 0.0419921875
0 0.1376953125 0.6513671875 0.0625 0.052734375
0 0.283203125 0.431640625 0.041015625 0.025390625
1 0.8427734375 0.318359375 0.013671875 0.01953125
1 0.3173828125 0.349609375 0.0126953125 0.0166015625
2 0.4599609375 0.9541015625 0.0234375 0.0859375
0 0.330078125 0.404296875 0.0185546875 0.01953125
0 0.787109375 0.408203125 0.0185546875 0.033203125