2 0.8349609375 0.923828125 0.1669921875 0.080078125
1 0.6865234375 0.6865234375 0.4638671875 0.3447265625
1 0.7119140625 0.41796875 0.1357421875 0.19140625
1 0.544921875 0.466796875 0.1669921875 0.1884765625
1 0.263671875 0.7109375 0.373046875 0.5166015625
1 0.48828125 0.341796875 0.0234375 0.044921875
1 0.3876953125 0.490234375 0.125 0.169921875
1 0.826171875 0.3056640625 0.0205078125 0.02734375
1 0.4580078125 0.34765625 0.0439453125 0.06640625
1 0.662109375 0.3232421875 0.037109375 0.05859375
1 0.716796875 0.341796875 0.0263671875 0.044921875
1 0.6005859375 0.3525390625 0.048828125 0.0830078125
1 0.267578125 0.349609375 0.0263671875 0.044921875
1 0.560546875 0.361328125 0.0390625 0.044921875
1 0.1806640625 0.400390625 0.095703125 0.1162109375
1 0.248046875 0.392578125 0.0341796875 0.05859375
1 0.767578125 0.31640625 0.0419921875 0.0556640625
1 0.224609375 0.3662109375 0.025390625 0.0390625
1 0.9013671875 0.341796875 0.046875 0.1220703125
1 0.06640625 0.525390625 0.1298828125 0.283203125
0 0.861328125 0.5859375 0.1435546875 0.06640625
1 0.83203125 0.341796875 0.0361328125 0.0556640625
1 0.9560546875 0.44140625 0.087890625 0.2001953125
0 0.4736328125 0.48046875 0.037109375 0.0390625
1 0.693359375 0.361328125 0.03125 0.044921875
0 0.5439453125 0.568359375 0.125 0.0634765625
1 0.9619140625 0.677734375 0.076171875 0.3203125
1 0.349609375 0.3291015625 0.0185546875 0.0361328125
1 0.3134765625 0.361328125 0.064453125 0.0947265625
0 0.4384765625 0.607421875 0.0546875 0.0419921875
1 0.0546875 0.392578125 0.046875 0.052734375
1 0.3564453125 0.3779296875 0.0439453125 0.111328125
0 0.4892578125 0.4287109375 0.0283203125 0.01953125
0 0.388671875 0.580078125 0.033203125 0.033203125
0 0.4072265625 0.4287109375 0.0234375 0.01953125
0 0.349609375 0.37890625 0.0185546875 0.01953125
0 0.181640625 0.4609375 0.060546875 0.033203125
0 0.291015625 0.4306640625 0.0185546875 0.0166015625
0 0.712890625 0.474609375 0.056640625 0.033203125
0 0.45703125 0.3818359375 0.0263671875 0.013671875
1 0.287109375 0.3515625 0.0126953125 0.025390625
1 0.798828125 0.3291015625 0.0263671875 0.0302734375
1 0.3994140625 0.3916015625 0.0263671875 0.044921875
0 0.32421875 0.404296875 0.0234375 0.013671875
0 0.5849609375 0.3779296875 0.017578125 0.0166015625
0 0.611328125 0.392578125 0.033203125 0.01953125
0 0.7861328125 0.3974609375 0.021484375 0.0166015625
0 0.642578125 0.427734375 0.0341796875 0.0224609375
0 0.591796875 0.455078125 0.0205078125 0.02734375
2 0.2822265625 0.9462890625 0.0205078125 0.0419921875
0 0.7998046875 0.37890625 0.025390625 0.01953125
1 0.06640625 0.76953125 0.1298828125 0.283203125
0 0.380859375 0.40234375 0.013671875 0.0224609375
0 0.423828125 0.4677734375 0.0234375 0.01953125
1 0.318359375 0.3447265625 0.013671875 0.02734375
1 0.603515625 0.3330078125 0.015625 0.0224609375
1 0.53125 0.341796875 0.0185546875 0.0498046875
0 0.91796875 0.408203125 0.029296875 0.0166015625
1 0.642578125 0.33203125 0.013671875 0.01953125