2 0.83203125 0.923828125 0.1640625 0.080078125
1 0.6748046875 0.66015625 0.4501953125 0.408203125
1 0.861328125 0.48046875 0.220703125 0.2333984375
1 0.5380859375 0.4677734375 0.154296875 0.19140625
1 0.697265625 0.4111328125 0.123046875 0.1337890625
1 0.2412109375 0.7607421875 0.3486328125 0.4775390625
1 0.3662109375 0.4912109375 0.158203125 0.18359375
1 0.4853515625 0.3681640625 0.0517578125 0.1142578125
1 0.625 0.3486328125 0.0498046875 0.080078125
1 0.275390625 0.3427734375 0.025390625 0.0419921875
1 0.1875 0.4482421875 0.119140625 0.23046875
1 0.26953125 0.4287109375 0.0859375 0.19140625
1 0.822265625 0.3330078125 0.060546875 0.0888671875
1 0.8876953125 0.330078125 0.068359375 0.0830078125
1 0.712890625 0.3349609375 0.025390625 0.0419921875
1 0.732421875 0.3232421875 0.0205078125 0.0419921875
1 0.3935546875 0.3623046875 0.056640625 0.1083984375
0 0.478515625 0.482421875 0.041015625 0.0419921875
1 0.2978515625 0.3291015625 0.013671875 0.025390625
1 0.2236328125 0.361328125 0.021484375 0.044921875
1 0.6474609375 0.3193359375 0.017578125 0.033203125
1 0.5029296875 0.3291015625 0.0126953125 0.025390625
1 0.7724609375 0.3427734375 0.048828125 0.09765625
1 0.9384765625 0.357421875 0.0546875 0.0693359375
0 0.5341796875 0.578125 0.109375 0.0556640625
1 0.318359375 0.365234375 0.056640625 0.091796875
0 0.8818359375 0.6162109375 0.1328125 0.099609375
1 0.978515625 0.3544921875 0.0419921875 0.05859375
1 0.0791015625 0.5166015625 0.154296875 0.2724609375
0 0.4091796875 0.4306640625 0.0185546875 0.02734375
0 0.4384765625 0.6083984375 0.0546875 0.0390625
0 0.373046875 0.5791015625 0.064453125 0.0419921875
1 0.8154296875 0.306640625 0.0126953125 0.025390625
1 0.517578125 0.337890625 0.0361328125 0.080078125
1 0.572265625 0.3427734375 0.033203125 0.05859375
0 0.375 0.9248046875 0.1376953125 0.14453125
1 0.662109375 0.318359375 0.0185546875 0.0361328125
0 0.7353515625 0.4609375 0.048828125 0.0166015625
0 0.2939453125 0.5693359375 0.056640625 0.0390625
0 0.4345703125 0.4609375 0.056640625 0.033203125
1 0.037109375 0.404296875 0.048828125 0.0634765625
0 0.486328125 0.4306640625 0.0283203125 0.0224609375
1 0.6904296875 0.3544921875 0.0283203125 0.0361328125
1 0.591796875 0.3212890625 0.013671875 0.025390625
0 0.6435546875 0.4248046875 0.037109375 0.0166015625
0 0.2802734375 0.4248046875 0.048828125 0.033203125
0 0.30078125 0.49609375 0.0234375 0.025390625
1 0.650390625 0.4775390625 0.0419921875 0.0556640625
0 0.763671875 0.447265625 0.013671875 0.033203125
0 0.3916015625 0.400390625 0.017578125 0.033203125
1 0.84765625 0.3642578125 0.0205078125 0.02734375
0 0.599609375 0.455078125 0.025390625 0.033203125
1 0.35546875 0.380859375 0.0419921875 0.0498046875
0 0.587890625 0.37890625 0.025390625 0.025390625
0 0.7998046875 0.3857421875 0.025390625 0.033203125
0 0.611328125 0.3857421875 0.017578125 0.033203125
2 0.630859375 0.4931640625 0.0205078125 0.0302734375
1 0.779296875 0.4169921875 0.044921875 0.033203125
0 0.462890625 0.388671875 0.0185546875 0.0224609375
1 0.697265625 0.3779296875 0.015625 0.02734375
1 0.607421875 0.33203125 0.013671875 0.025390625
0 0.962890625 0.4775390625 0.029296875 0.033203125