2 0.833984375 0.923828125 0.166015625 0.080078125
1 0.8681640625 0.50390625 0.2578125 0.2470703125
1 0.673828125 0.693359375 0.455078125 0.3583984375
1 0.3662109375 0.4931640625 0.158203125 0.1865234375
1 0.5478515625 0.490234375 0.1796875 0.1640625
1 0.234375 0.3544921875 0.021484375 0.0419921875
1 0.1982421875 0.4404296875 0.1220703125 0.2080078125
1 0.31640625 0.365234375 0.0576171875 0.0751953125
1 0.697265625 0.423828125 0.140625 0.1806640625
1 0.6669921875 0.341796875 0.041015625 0.072265625
1 0.486328125 0.33203125 0.033203125 0.052734375
1 0.0712890625 0.6279296875 0.142578125 0.5107421875
1 0.443359375 0.3291015625 0.0185546875 0.0361328125
1 0.732421875 0.3212890625 0.0234375 0.0419921875
1 0.2744140625 0.3486328125 0.0234375 0.0419921875
1 0.611328125 0.3291015625 0.0185546875 0.0302734375
1 0.7666015625 0.328125 0.048828125 0.072265625
1 0.58203125 0.341796875 0.029296875 0.044921875
1 0.361328125 0.33984375 0.0234375 0.052734375
1 0.166015625 0.35546875 0.0361328125 0.0498046875
1 0.8173828125 0.3583984375 0.0810546875 0.138671875
1 0.5693359375 0.390625 0.0419921875 0.0693359375
1 0.19921875 0.37109375 0.0361328125 0.05859375
1 0.412109375 0.3642578125 0.0546875 0.099609375
1 0.6474609375 0.3232421875 0.0205078125 0.0302734375
0 0.4931640625 0.4306640625 0.0390625 0.0224609375
0 0.478515625 0.482421875 0.0439453125 0.0419921875
0 0.4384765625 0.607421875 0.0546875 0.0419921875
0 0.4072265625 0.4384765625 0.029296875 0.0390625
0 0.376953125 0.5791015625 0.0625 0.0419921875
0 0.537109375 0.576171875 0.1123046875 0.052734375
1 0.912109375 0.3486328125 0.044921875 0.080078125
1 0.6318359375 0.35546875 0.0390625 0.0556640625
1 0.951171875 0.70703125 0.0888671875 0.2587890625
1 0.830078125 0.3037109375 0.0205078125 0.0302734375
0 0.78125 0.44140625 0.0439453125 0.033203125
1 0.2294921875 0.380859375 0.021484375 0.02734375
1 0.599609375 0.30859375 0.0185546875 0.0390625
0 0.6435546875 0.423828125 0.037109375 0.01953125
0 0.2802734375 0.427734375 0.048828125 0.02734375
0 0.697265625 0.4794921875 0.048828125 0.0302734375
1 0.5107421875 0.3056640625 0.0126953125 0.0166015625
0 0.330078125 0.4052734375 0.03125 0.0166015625
1 0.716796875 0.3515625 0.025390625 0.0361328125
0 0.611328125 0.48046875 0.029296875 0.033203125
0 0.041015625 0.5458984375 0.0810546875 0.046875
0 0.666015625 0.380859375 0.0283203125 0.0224609375
1 0.810546875 0.318359375 0.015625 0.025390625
0 0.611328125 0.3916015625 0.029296875 0.0166015625
0 0.0419921875 0.59765625 0.083984375 0.0556640625
0 0.4345703125 0.4677734375 0.041015625 0.025390625
0 0.30078125 0.494140625 0.0205078125 0.02734375
1 0.517578125 0.3359375 0.033203125 0.0556640625
0 0.9404296875 0.5732421875 0.0810546875 0.0419921875
1 0.0205078125 0.45703125 0.041015625 0.0751953125
1 0.0439453125 0.3974609375 0.03125 0.044921875
0 0.7724609375 0.35546875 0.017578125 0.0224609375
1 0.5439453125 0.3525390625 0.03125 0.0390625
0 0.029296875 0.94921875 0.05859375 0.09375