1 0.6474609375 0.60546875 0.3701171875 0.388671875
2 0.806640625 0.8623046875 0.150390625 0.0751953125
1 0.2705078125 0.7197265625 0.400390625 0.4833984375
1 0.3720703125 0.4541015625 0.150390625 0.1806640625
1 0.7177734375 0.2919921875 0.0234375 0.033203125
1 0.2197265625 0.4052734375 0.1201171875 0.1943359375
1 0.48828125 0.318359375 0.0205078125 0.0302734375
1 0.8671875 0.33984375 0.046875 0.05859375
1 0.462890625 0.330078125 0.0439453125 0.0830078125
1 0.1884765625 0.328125 0.029296875 0.044921875
1 0.4296875 0.3193359375 0.025390625 0.0390625
1 0.5048828125 0.35546875 0.0625 0.10546875
1 0.0869140625 0.4541015625 0.1669921875 0.263671875
1 0.935546875 0.41015625 0.1279296875 0.2080078125
1 0.8046875 0.3056640625 0.0625 0.0830078125
1 0.701171875 0.3662109375 0.091796875 0.1220703125
1 0.59375 0.34765625 0.0498046875 0.1337890625
1 0.630859375 0.29296875 0.0185546875 0.0302734375
1 0.8056640625 0.4404296875 0.1513671875 0.1865234375
1 0.5 0.2998046875 0.0126953125 0.033203125
1 0.654296875 0.2958984375 0.03125 0.052734375
1 0.2470703125 0.3291015625 0.025390625 0.0361328125
0 0.89453125 0.5419921875 0.1484375 0.0615234375
1 0.544921875 0.341796875 0.0361328125 0.06640625
0 0.423828125 0.41796875 0.021484375 0.0302734375
1 0.3046875 0.37109375 0.0654296875 0.158203125
0 0.4755859375 0.451171875 0.0390625 0.0361328125
1 0.9697265625 0.2958984375 0.0419921875 0.0634765625
1 0.7509765625 0.27734375 0.0205078125 0.02734375
1 0.216796875 0.345703125 0.029296875 0.05859375
0 0.443359375 0.568359375 0.0517578125 0.0361328125
0 0.361328125 0.91796875 0.1484375 0.158203125
0 0.3759765625 0.544921875 0.064453125 0.02734375
0 0.5185546875 0.5322265625 0.09375 0.0419921875
1 0.26953125 0.357421875 0.0263671875 0.046875
1 0.9072265625 0.3017578125 0.0361328125 0.0634765625
0 0.494140625 0.40234375 0.025390625 0.0166015625
1 0.29296875 0.3232421875 0.0205078125 0.01953125
1 0.4111328125 0.3486328125 0.037109375 0.0693359375
0 0.3564453125 0.34765625 0.025390625 0.0166015625
1 0.57421875 0.2958984375 0.013671875 0.025390625
0 0.1884765625 0.427734375 0.033203125 0.0224609375
0 0.5810546875 0.345703125 0.0185546875 0.013671875
1 0.619140625 0.326171875 0.0205078125 0.0361328125
1 0.5166015625 0.2900390625 0.0205078125 0.0361328125
1 0.59375 0.3056640625 0.0185546875 0.02734375
1 0.8076171875 0.3134765625 0.0185546875 0.02734375
0 0.255859375 0.392578125 0.0185546875 0.013671875
0 0.2880859375 0.39453125 0.0419921875 0.02734375
1 0.583984375 0.294921875 0.009765625 0.0224609375
0 0.7802734375 0.3447265625 0.017578125 0.0166015625
0 0.5888671875 0.423828125 0.025390625 0.0302734375
2 0.3955078125 0.9736328125 0.037109375 0.0419921875
1 0.3193359375 0.3193359375 0.0205078125 0.033203125
1 0.6865234375 0.3251953125 0.013671875 0.033203125
0 0.7451171875 0.4052734375 0.025390625 0.033203125
0 0.33203125 0.380859375 0.0263671875 0.033203125
0 0.2177734375 0.4443359375 0.0517578125 0.02734375
1 0.7373046875 0.279296875 0.0126953125 0.01953125
0 0.7607421875 0.76953125 0.1123046875 0.0390625