1 0.5927734375 0.4990234375 0.2763671875 0.4306640625
1 0.8251953125 0.263671875 0.037109375 0.0498046875
1 0.400390625 0.4169921875 0.1435546875 0.1669921875
1 0.5537109375 0.267578125 0.0263671875 0.046875
1 0.3232421875 0.5859375 0.228515625 0.283203125
1 0.4716796875 0.359375 0.0595703125 0.119140625
1 0.630859375 0.2666015625 0.0439453125 0.072265625
1 0.2568359375 0.33203125 0.0703125 0.1416015625
1 0.3876953125 0.31640625 0.056640625 0.0947265625
1 0.2978515625 0.2919921875 0.0205078125 0.033203125
1 0.662109375 0.2822265625 0.03125 0.080078125
1 0.681640625 0.25390625 0.0185546875 0.0361328125
1 0.314453125 0.26953125 0.021484375 0.033203125
1 0.8076171875 0.455078125 0.181640625 0.421875
1 0.0703125 0.5107421875 0.140625 0.43359375
1 0.517578125 0.404296875 0.052734375 0.1357421875
1 0.873046875 0.2529296875 0.064453125 0.111328125
1 0.9375 0.287109375 0.0751953125 0.1083984375
1 0.7734375 0.216796875 0.072265625 0.150390625
0 0.4365234375 0.529296875 0.0517578125 0.0361328125
1 0.818359375 0.2275390625 0.0185546875 0.033203125
2 0.1845703125 0.779296875 0.099609375 0.091796875
1 0.712890625 0.263671875 0.0234375 0.0615234375
1 0.525390625 0.2958984375 0.0185546875 0.025390625
1 0.505859375 0.318359375 0.0263671875 0.0361328125
0 0.8623046875 0.515625 0.0625 0.046875
1 0.267578125 0.2919921875 0.017578125 0.0498046875
1 0.1494140625 0.3759765625 0.1044921875 0.1640625
1 0.8603515625 0.328125 0.044921875 0.078125
1 0.4931640625 0.3017578125 0.017578125 0.025390625
1 0.7734375 0.2919921875 0.0185546875 0.0556640625
1 0.419921875 0.35546875 0.0234375 0.0390625
1 0.474609375 0.287109375 0.025390625 0.0302734375
0 0.150390625 0.427734375 0.0390625 0.0166015625
0 0.4365234375 0.3837890625 0.048828125 0.033203125
1 0.9267578125 0.5654296875 0.140625 0.302734375
0 0.138671875 0.85546875 0.1484375 0.1162109375
1 0.9169921875 0.2734375 0.0185546875 0.0302734375
0 0.9404296875 0.3486328125 0.0341796875 0.01953125
1 0.923828125 0.23046875 0.029296875 0.0390625
1 0.705078125 0.35546875 0.0498046875 0.111328125
0 0.115234375 0.4677734375 0.09375 0.0419921875
1 0.3232421875 0.330078125 0.0439453125 0.0830078125
0 0.216796875 0.34765625 0.017578125 0.0166015625
0 0.7138671875 0.83203125 0.427734375 0.3251953125
0 0.1171875 0.5107421875 0.099609375 0.044921875
0 0.263671875 0.4072265625 0.052734375 0.052734375
0 0.73828125 0.3740234375 0.0419921875 0.05859375
1 0.2177734375 0.48046875 0.0673828125 0.18359375
0 0.4541015625 0.4052734375 0.017578125 0.02734375
0 0.0498046875 0.505859375 0.0439453125 0.0224609375
0 0.7060546875 0.4169921875 0.03125 0.0224609375
0 0.88671875 0.318359375 0.017578125 0.01953125
1 0.87890625 0.2109375 0.0234375 0.033203125
0 0.2490234375 0.7666015625 0.044921875 0.06640625
0 0.984375 0.2919921875 0.03125 0.02734375
1 0.7744140625 0.162109375 0.0263671875 0.0302734375
0 0.0263671875 0.404296875 0.03125 0.0302734375
0 0.6455078125 0.341796875 0.015625 0.0224609375
2 0.080078125 0.9375 0.0966796875 0.0419921875