2 0.8056640625 0.8623046875 0.1513671875 0.0751953125
1 0.8310546875 0.447265625 0.224609375 0.2333984375
1 0.2568359375 0.7236328125 0.408203125 0.4697265625
1 0.525390625 0.455078125 0.162109375 0.1669921875
1 0.4384765625 0.3779296875 0.091796875 0.1279296875
1 0.66796875 0.642578125 0.4111328125 0.3193359375
1 0.373046875 0.455078125 0.1279296875 0.1611328125
1 0.630859375 0.2919921875 0.0185546875 0.033203125
1 0.650390625 0.302734375 0.0185546875 0.02734375
1 0.48828125 0.31640625 0.0234375 0.033203125
1 0.69921875 0.3916015625 0.1044921875 0.1611328125
1 0.087890625 0.4677734375 0.1748046875 0.236328125
1 0.8125 0.28515625 0.0185546875 0.0302734375
1 0.216796875 0.4140625 0.123046875 0.1884765625
1 0.70703125 0.3056640625 0.0419921875 0.06640625
1 0.35546875 0.306640625 0.017578125 0.0302734375
1 0.744140625 0.30859375 0.029296875 0.0390625
1 0.96875 0.3037109375 0.056640625 0.0859375
1 0.2001953125 0.3291015625 0.03125 0.0419921875
1 0.5029296875 0.3017578125 0.0126953125 0.025390625
1 0.07421875 0.359375 0.0419921875 0.05859375
1 0.326171875 0.33984375 0.0576171875 0.0859375
0 0.380859375 0.53515625 0.064453125 0.0419921875
1 0.8603515625 0.298828125 0.048828125 0.0693359375
0 0.4130859375 0.39453125 0.0205078125 0.0224609375
1 0.59765625 0.298828125 0.017578125 0.0302734375
1 0.8349609375 0.341796875 0.0361328125 0.0390625
1 0.7998046875 0.322265625 0.0498046875 0.06640625
0 0.478515625 0.451171875 0.041015625 0.0361328125
0 0.84375 0.5615234375 0.056640625 0.033203125
1 0.26171875 0.3427734375 0.033203125 0.05859375
0 0.421875 0.4169921875 0.021484375 0.033203125
1 0.75 0.2802734375 0.025390625 0.033203125
0 0.443359375 0.56640625 0.0546875 0.0390625
0 0.48828125 0.40234375 0.0205078125 0.0224609375
1 0.943359375 0.6552734375 0.1123046875 0.25
1 0.5830078125 0.294921875 0.015625 0.02734375
2 0.541015625 0.548828125 0.0673828125 0.0419921875
0 0.4697265625 0.357421875 0.0234375 0.025390625
1 0.587890625 0.3359375 0.03125 0.0556640625
0 0.685546875 0.443359375 0.0498046875 0.025390625
0 0.966796875 0.5302734375 0.0517578125 0.02734375
0 0.634765625 0.3916015625 0.0390625 0.0224609375
1 0.619140625 0.3349609375 0.0185546875 0.0302734375
0 0.357421875 0.3486328125 0.0234375 0.01953125
1 0.3759765625 0.337890625 0.0205078125 0.0419921875
1 0.51953125 0.318359375 0.0263671875 0.05859375
0 0.603515625 0.365234375 0.0234375 0.01953125
0 0.75390625 0.404296875 0.0234375 0.025390625
2 0.6015625 0.44140625 0.025390625 0.0224609375
0 0.5810546875 0.4306640625 0.025390625 0.0390625
0 0.5 0.544921875 0.03125 0.0166015625
0 0.2939453125 0.3974609375 0.037109375 0.0166015625
1 0.67578125 0.33203125 0.0234375 0.046875
0 0.3125 0.466796875 0.0185546875 0.02734375
0 0.78125 0.345703125 0.0185546875 0.013671875
0 0.3017578125 0.9345703125 0.037109375 0.130859375
0 0.162109375 0.4306640625 0.0234375 0.0224609375
1 0.7685546875 0.296875 0.0126953125 0.0166015625
1 0.4560546875 0.3154296875 0.0185546875 0.0361328125
1 0.88671875 0.33203125 0.033203125 0.0361328125
2 0.216796875 0.7861328125 0.029296875 0.044921875