2 0.8056640625 0.8623046875 0.1513671875 0.0751953125
1 0.669921875 0.59765625 0.4169921875 0.4052734375
1 0.2666015625 0.6904296875 0.4140625 0.5419921875
1 0.466796875 0.3037109375 0.0498046875 0.1083984375
1 0.62890625 0.2919921875 0.017578125 0.0224609375
1 0.25 0.318359375 0.025390625 0.0361328125
1 0.37890625 0.455078125 0.142578125 0.1943359375
1 0.7119140625 0.3662109375 0.1171875 0.1337890625
1 0.7197265625 0.2900390625 0.0205078125 0.0302734375
1 0.529296875 0.4248046875 0.140625 0.18359375
1 0.41796875 0.3447265625 0.048828125 0.0888671875
1 0.755859375 0.2919921875 0.044921875 0.06640625
1 0.2939453125 0.3154296875 0.0185546875 0.0361328125
1 0.2197265625 0.359375 0.123046875 0.169921875
1 0.08203125 0.4462890625 0.1611328125 0.2080078125
1 0.90625 0.31640625 0.056640625 0.0830078125
1 0.9365234375 0.4169921875 0.126953125 0.205078125
1 0.3623046875 0.30859375 0.0185546875 0.02734375
1 0.6181640625 0.31640625 0.076171875 0.0888671875
1 0.07421875 0.365234375 0.0419921875 0.046875
1 0.806640625 0.287109375 0.0263671875 0.0419921875
1 0.69921875 0.31640625 0.029296875 0.0556640625
1 0.494140625 0.3134765625 0.017578125 0.0390625
1 0.9638671875 0.3037109375 0.0185546875 0.046875
1 0.318359375 0.3349609375 0.0498046875 0.0693359375
0 0.88671875 0.5419921875 0.1142578125 0.0556640625
1 0.666015625 0.3447265625 0.0234375 0.044921875
1 0.548828125 0.341796875 0.0361328125 0.0556640625
1 0.84765625 0.3330078125 0.0517578125 0.0830078125
1 0.794921875 0.3359375 0.064453125 0.10546875
1 0.572265625 0.30859375 0.0263671875 0.0498046875
0 0.5302734375 0.5302734375 0.1044921875 0.044921875
1 0.1689453125 0.37890625 0.03125 0.0634765625
0 0.443359375 0.568359375 0.0498046875 0.0361328125
0 0.4091796875 0.3955078125 0.0283203125 0.025390625
1 0.259765625 0.3544921875 0.029296875 0.046875
0 0.494140625 0.400390625 0.025390625 0.0166015625
1 0.517578125 0.3056640625 0.0341796875 0.0615234375
1 0.59375 0.28515625 0.0185546875 0.0302734375
0 0.4482421875 0.4375 0.0625 0.0302734375
0 0.19921875 0.419921875 0.064453125 0.033203125
1 0.662109375 0.3125 0.013671875 0.01953125
0 0.47265625 0.3623046875 0.017578125 0.01953125
0 0.359375 0.3515625 0.021484375 0.025390625
0 0.3369140625 0.3779296875 0.0205078125 0.0166015625
2 0.3984375 0.95703125 0.037109375 0.0751953125
0 0.580078125 0.341796875 0.021484375 0.0166015625
1 0.3125 0.3056640625 0.0126953125 0.02734375
1 0.0390625 0.7802734375 0.078125 0.4169921875
0 0.9423828125 0.525390625 0.025390625 0.0166015625
0 0.3017578125 0.3974609375 0.025390625 0.0166015625
1 0.685546875 0.33984375 0.0126953125 0.01953125