1 0.65625 0.60546875 0.380859375 0.3837890625
2 0.8037109375 0.8623046875 0.1513671875 0.0751953125
1 0.275390625 0.7041015625 0.375 0.4638671875
1 0.4365234375 0.380859375 0.1015625 0.1220703125
1 0.216796875 0.3984375 0.1171875 0.1806640625
1 0.48828125 0.3125 0.017578125 0.0302734375
1 0.861328125 0.3056640625 0.060546875 0.072265625
1 0.62890625 0.2890625 0.0205078125 0.02734375
1 0.931640625 0.37890625 0.1328125 0.2412109375
1 0.3115234375 0.3017578125 0.013671875 0.025390625
1 0.087890625 0.46484375 0.1748046875 0.2412109375
1 0.603515625 0.31640625 0.0419921875 0.06640625
1 0.7001953125 0.3037109375 0.0498046875 0.0751953125
1 0.5 0.2958984375 0.0126953125 0.025390625
1 0.80078125 0.3037109375 0.0576171875 0.0751953125
1 0.455078125 0.318359375 0.037109375 0.0634765625
1 0.986328125 0.29296875 0.025390625 0.0419921875
1 0.3154296875 0.3388671875 0.0595703125 0.099609375
1 0.724609375 0.3779296875 0.0751953125 0.1162109375
1 0.4267578125 0.3056640625 0.0185546875 0.033203125
1 0.7529296875 0.275390625 0.021484375 0.033203125
1 0.5234375 0.3251953125 0.0341796875 0.0830078125
1 0.55078125 0.3232421875 0.033203125 0.05859375
1 0.2373046875 0.341796875 0.025390625 0.0390625
0 0.861328125 0.5537109375 0.0751953125 0.052734375
1 0.650390625 0.2958984375 0.0205078125 0.025390625
1 0.0732421875 0.3681640625 0.046875 0.05859375
0 0.443359375 0.568359375 0.0546875 0.0361328125
1 0.58203125 0.2900390625 0.0205078125 0.046875
1 0.6572265625 0.33984375 0.033203125 0.0634765625
0 0.208984375 0.94140625 0.208984375 0.1162109375
0 0.412109375 0.3916015625 0.0234375 0.0224609375
1 0.900390625 0.3232421875 0.033203125 0.05859375
1 0.9345703125 0.642578125 0.130859375 0.2802734375
0 0.423828125 0.4169921875 0.025390625 0.0390625
1 0.3740234375 0.3388671875 0.029296875 0.0888671875
1 0.4892578125 0.3642578125 0.037109375 0.0615234375
1 0.26171875 0.3681640625 0.0263671875 0.0361328125
1 0.7294921875 0.3037109375 0.0283203125 0.046875
0 0.4755859375 0.451171875 0.0390625 0.0361328125
0 0.2421875 0.369140625 0.015625 0.033203125
0 0.4912109375 0.3984375 0.0263671875 0.01953125
0 0.9619140625 0.52734375 0.0576171875 0.033203125
0 0.3876953125 0.5361328125 0.0498046875 0.033203125
0 0.3564453125 0.3486328125 0.0185546875 0.01953125
0 0.1611328125 0.4306640625 0.03125 0.0224609375
0 0.607421875 0.3544921875 0.0205078125 0.025390625
1 0.6240234375 0.3291015625 0.017578125 0.025390625
0 0.4697265625 0.3623046875 0.0234375 0.01953125
0 0.755859375 0.404296875 0.0263671875 0.025390625
0 0.7001953125 0.44140625 0.025390625 0.0166015625
1 0.748046875 0.3154296875 0.021484375 0.025390625
0 0.580078125 0.423828125 0.0283203125 0.0302734375
2 0.5322265625 0.5537109375 0.0517578125 0.0361328125
2 0.3994140625 0.97265625 0.033203125 0.044921875
0 0.294921875 0.3974609375 0.0263671875 0.0166015625
2 0.53125 0.51953125 0.056640625 0.02734375
0 0.3134765625 0.46484375 0.0205078125 0.025390625
0 0.5810546875 0.349609375 0.0185546875 0.0166015625
0 0.013671875 0.4921875 0.02734375 0.05859375
0 0.779296875 0.35546875 0.017578125 0.0390625
1 0.1630859375 0.3916015625 0.017578125 0.0224609375
0 0.62890625 0.41796875 0.0263671875 0.052734375
1 0.3310546875 0.3193359375 0.0126953125 0.0166015625