2 0.8349609375 0.927734375 0.1640625 0.0830078125
1 0.685546875 0.62890625 0.4267578125 0.4580078125
1 0.267578125 0.74609375 0.4169921875 0.4912109375
1 0.6435546875 0.318359375 0.0185546875 0.025390625
1 0.529296875 0.3388671875 0.0205078125 0.0390625
1 0.380859375 0.4912109375 0.1328125 0.177734375
1 0.7607421875 0.3193359375 0.0341796875 0.078125
1 0.7119140625 0.380859375 0.111328125 0.1669921875
1 0.822265625 0.341796875 0.078125 0.0888671875
1 0.548828125 0.3486328125 0.029296875 0.0302734375
1 0.943359375 0.4111328125 0.1123046875 0.283203125
1 0.1875 0.43359375 0.1123046875 0.2109375
1 0.07421875 0.513671875 0.1484375 0.2607421875
1 0.279296875 0.341796875 0.0205078125 0.0390625
1 0.73046875 0.298828125 0.017578125 0.01953125
1 0.830078125 0.30859375 0.013671875 0.0166015625
1 0.462890625 0.34765625 0.037109375 0.0830078125
1 0.587890625 0.3544921875 0.0439453125 0.0859375
1 0.505859375 0.365234375 0.0625 0.1357421875
1 0.671875 0.3212890625 0.021484375 0.0419921875
1 0.599609375 0.3056640625 0.0185546875 0.02734375
1 0.701171875 0.341796875 0.017578125 0.044921875
1 0.416015625 0.3681640625 0.046875 0.119140625
1 0.255859375 0.3876953125 0.0625 0.080078125
1 0.353515625 0.3740234375 0.046875 0.119140625
1 0.306640625 0.3583984375 0.056640625 0.0830078125
1 0.4912109375 0.337890625 0.013671875 0.0302734375
1 0.03515625 0.4052734375 0.0517578125 0.072265625
0 0.9375 0.580078125 0.1064453125 0.0498046875
1 0.673828125 0.3623046875 0.033203125 0.05859375
0 0.439453125 0.6083984375 0.052734375 0.0390625
1 0.212890625 0.3427734375 0.029296875 0.0419921875
0 0.392578125 0.9287109375 0.1533203125 0.1416015625
0 0.54296875 0.5556640625 0.091796875 0.0390625
1 0.904296875 0.328125 0.0498046875 0.078125
1 0.3662109375 0.349609375 0.017578125 0.033203125
0 0.4755859375 0.482421875 0.0419921875 0.0361328125
0 0.5966796875 0.3974609375 0.025390625 0.0166015625
0 0.486328125 0.4287109375 0.0263671875 0.01953125
1 0.33203125 0.341796875 0.013671875 0.0390625
0 0.6357421875 0.4208984375 0.046875 0.025390625
0 0.388671875 0.5830078125 0.0546875 0.033203125
1 0.9697265625 0.71484375 0.0576171875 0.2470703125
0 0.326171875 0.404296875 0.029296875 0.013671875
0 0.466796875 0.3916015625 0.025390625 0.02734375
2 0.541015625 0.591796875 0.0625 0.044921875
0 0.494140625 0.58203125 0.033203125 0.05859375
0 0.759765625 0.37890625 0.0283203125 0.0361328125
1 0.634765625 0.365234375 0.0205078125 0.025390625
0 0.412109375 0.4306640625 0.0185546875 0.0224609375
0 0.28125 0.4306640625 0.0439453125 0.0224609375
0 0.423828125 0.4697265625 0.0205078125 0.0166015625
1 0.189453125 0.3681640625 0.03125 0.0419921875
0 0.7998046875 0.390625 0.0439453125 0.0419921875
0 0.126953125 0.4609375 0.0283203125 0.0166015625