2 0.8046875 0.8623046875 0.1533203125 0.0751953125
1 0.255859375 0.73046875 0.412109375 0.47265625
1 0.529296875 0.4501953125 0.1591796875 0.1669921875
1 0.8291015625 0.453125 0.2294921875 0.216796875
1 0.369140625 0.4541015625 0.1357421875 0.158203125
1 0.6630859375 0.642578125 0.404296875 0.3193359375
1 0.3125 0.3017578125 0.0185546875 0.025390625
1 0.705078125 0.390625 0.1123046875 0.1640625
1 0.447265625 0.3779296875 0.076171875 0.1279296875
1 0.2109375 0.33984375 0.0625 0.0751953125
1 0.8154296875 0.279296875 0.0185546875 0.025390625
1 0.0869140625 0.4677734375 0.169921875 0.2529296875
1 0.279296875 0.349609375 0.068359375 0.10546875
1 0.0732421875 0.3544921875 0.0498046875 0.05859375
1 0.798828125 0.3134765625 0.0703125 0.0888671875
1 0.701171875 0.3017578125 0.0439453125 0.0634765625
1 0.609375 0.3095703125 0.056640625 0.080078125
1 0.8359375 0.341796875 0.041015625 0.0498046875
1 0.244140625 0.326171875 0.0205078125 0.046875
0 0.244140625 0.8642578125 0.1455078125 0.1279296875
1 0.35546875 0.306640625 0.017578125 0.0302734375
1 0.748046875 0.322265625 0.025390625 0.044921875
0 0.3779296875 0.5361328125 0.0654296875 0.044921875
1 0.8740234375 0.3056640625 0.033203125 0.0498046875
0 0.8603515625 0.54296875 0.091796875 0.05859375
1 0.46875 0.328125 0.025390625 0.044921875
1 0.4912109375 0.298828125 0.0361328125 0.0693359375
1 0.33203125 0.3447265625 0.033203125 0.0498046875
1 0.673828125 0.31640625 0.0205078125 0.0390625
0 0.478515625 0.451171875 0.041015625 0.0361328125
1 0.630859375 0.29296875 0.0185546875 0.0302734375
1 0.6572265625 0.302734375 0.0205078125 0.0498046875
1 0.9599609375 0.3037109375 0.048828125 0.0693359375
0 0.421875 0.41796875 0.021484375 0.0302734375
1 0.943359375 0.6552734375 0.1123046875 0.2607421875
1 0.548828125 0.345703125 0.0361328125 0.0751953125
0 0.443359375 0.568359375 0.0546875 0.0361328125
0 0.544921875 0.5263671875 0.0986328125 0.0361328125
0 0.6865234375 0.443359375 0.0517578125 0.025390625
0 0.4130859375 0.3916015625 0.0205078125 0.0224609375
1 0.7529296875 0.279296875 0.025390625 0.0361328125
0 0.4892578125 0.3984375 0.0283203125 0.01953125
1 0.576171875 0.3037109375 0.0263671875 0.052734375
1 0.599609375 0.4052734375 0.0419921875 0.072265625
0 0.359375 0.3486328125 0.021484375 0.01953125
0 0.498046875 0.544921875 0.03125 0.0224609375
0 0.966796875 0.529296875 0.0546875 0.0302734375
0 0.5791015625 0.3515625 0.0234375 0.013671875
1 0.916015625 0.302734375 0.033203125 0.0498046875
0 0.630859375 0.3916015625 0.037109375 0.0224609375
1 0.3740234375 0.3427734375 0.0234375 0.0693359375
0 0.4697265625 0.3623046875 0.0234375 0.01953125
0 0.2080078125 0.4345703125 0.072265625 0.05859375
1 0.623046875 0.33203125 0.017578125 0.025390625
0 0.7822265625 0.345703125 0.013671875 0.013671875
1 0.51953125 0.3056640625 0.0263671875 0.0498046875
1 0.5966796875 0.279296875 0.015625 0.0302734375
0 0.7529296875 0.4052734375 0.021484375 0.0224609375
2 0.603515625 0.44140625 0.0234375 0.0224609375
0 0.3017578125 0.9345703125 0.037109375 0.119140625
1 0.966796875 0.494140625 0.0595703125 0.0556640625
0 0.5947265625 0.3642578125 0.0361328125 0.0224609375
0 0.0185546875 0.4609375 0.03125 0.0166015625
0 0.3876953125 0.3779296875 0.0126953125 0.0166015625
0 0.1669921875 0.4287109375 0.021484375 0.01953125
1 0.642578125 0.3583984375 0.076171875 0.0615234375
0 0.3134765625 0.4677734375 0.0234375 0.0302734375
0 0.873046875 0.3388671875 0.033203125 0.033203125
0 0.763671875 0.3056640625 0.017578125 0.033203125
0 0.4423828125 0.4384765625 0.041015625 0.0224609375
0 0.232421875 0.3291015625 0.013671875 0.025390625