2 0.8056640625 0.8623046875 0.1513671875 0.0751953125
1 0.6416015625 0.640625 0.404296875 0.34765625
1 0.826171875 0.44140625 0.220703125 0.216796875
1 0.48828125 0.3251953125 0.0205078125 0.044921875
1 0.3173828125 0.294921875 0.015625 0.0224609375
1 0.08203125 0.58203125 0.158203125 0.486328125
1 0.5380859375 0.453125 0.1826171875 0.171875
1 0.53125 0.318359375 0.0185546875 0.0419921875
1 0.431640625 0.37890625 0.1064453125 0.1357421875
1 0.650390625 0.2958984375 0.0205078125 0.025390625
1 0.693359375 0.318359375 0.0498046875 0.080078125
1 0.4658203125 0.330078125 0.03125 0.0556640625
1 0.216796875 0.3955078125 0.1015625 0.1865234375
1 0.2431640625 0.341796875 0.029296875 0.0498046875
1 0.8564453125 0.287109375 0.0498046875 0.080078125
1 0.798828125 0.3056640625 0.056640625 0.078125
1 0.44140625 0.322265625 0.0234375 0.044921875
1 0.6435546875 0.3662109375 0.068359375 0.1337890625
1 0.3056640625 0.3876953125 0.0673828125 0.158203125
1 0.5986328125 0.3056640625 0.0498046875 0.0830078125
1 0.982421875 0.298828125 0.0263671875 0.046875
1 0.630859375 0.296875 0.0205078125 0.044921875
1 0.5556640625 0.341796875 0.0361328125 0.06640625
1 0.861328125 0.3427734375 0.052734375 0.046875
1 0.09765625 0.3759765625 0.060546875 0.0751953125
1 0.900390625 0.326171875 0.0546875 0.0751953125
0 0.8623046875 0.5537109375 0.099609375 0.052734375
1 0.73828125 0.2919921875 0.0517578125 0.078125
1 0.498046875 0.294921875 0.015625 0.02734375
0 0.17578125 0.9111328125 0.298828125 0.1669921875
1 0.26953125 0.3544921875 0.029296875 0.052734375
0 0.4130859375 0.3955078125 0.017578125 0.025390625
0 0.443359375 0.568359375 0.0498046875 0.0361328125
1 0.21875 0.330078125 0.0185546875 0.0224609375
1 0.2939453125 0.326171875 0.0185546875 0.025390625
0 0.4755859375 0.451171875 0.0419921875 0.0361328125
0 0.3818359375 0.5390625 0.0732421875 0.0390625
0 0.357421875 0.3486328125 0.0234375 0.01953125
2 0.537109375 0.552734375 0.0576171875 0.0390625
0 0.6865234375 0.451171875 0.044921875 0.0361328125
0 0.9501953125 0.5302734375 0.037109375 0.02734375
0 0.498046875 0.54296875 0.029296875 0.025390625
0 0.5810546875 0.3486328125 0.025390625 0.01953125
0 0.376953125 0.8916015625 0.146484375 0.205078125
0 0.4873046875 0.400390625 0.03125 0.0166015625
0 0.3037109375 0.3984375 0.0205078125 0.01953125
0 0.7763671875 0.34765625 0.021484375 0.0166015625
0 0.4677734375 0.3623046875 0.013671875 0.01953125
0 0.5810546875 0.4248046875 0.025390625 0.033203125
0 0.75390625 0.408203125 0.0263671875 0.033203125
0 0.607421875 0.35546875 0.017578125 0.0224609375
1 0.572265625 0.3037109375 0.015625 0.025390625
1 0.94140625 0.630859375 0.1171875 0.3056640625
1 0.974609375 0.4345703125 0.0439453125 0.119140625
0 0.15625 0.7763671875 0.056640625 0.025390625
1 0.8056640625 0.2919921875 0.013671875 0.0224609375
0 0.3369140625 0.37890625 0.0205078125 0.0302734375
1 0.341796875 0.3134765625 0.009765625 0.0166015625
1 0.806640625 0.3681640625 0.0498046875 0.046875
0 0.8349609375 0.330078125 0.0205078125 0.0224609375