0 0.806640625 0.8623046875 0.150390625 0.0751953125
1 0.263671875 0.73046875 0.4189453125 0.5224609375
1 0.3759765625 0.4541015625 0.138671875 0.1748046875
1 0.5341796875 0.44140625 0.1435546875 0.1552734375
1 0.4443359375 0.3662109375 0.0986328125 0.14453125
1 0.6953125 0.40234375 0.130859375 0.2392578125
1 0.685546875 0.6669921875 0.4169921875 0.2607421875
1 0.2060546875 0.4052734375 0.1064453125 0.177734375
1 0.5810546875 0.3115234375 0.0185546875 0.044921875
1 0.322265625 0.33984375 0.0546875 0.0693359375
1 0.5986328125 0.3037109375 0.0185546875 0.0302734375
1 0.802734375 0.2919921875 0.021484375 0.044921875
1 0.4658203125 0.318359375 0.025390625 0.052734375
1 0.8857421875 0.2958984375 0.025390625 0.052734375
1 0.3056640625 0.3037109375 0.013671875 0.0302734375
1 0.4990234375 0.298828125 0.017578125 0.0302734375
1 0.193359375 0.3291015625 0.03125 0.046875
1 0.0849609375 0.455078125 0.1640625 0.22265625
1 0.25 0.3291015625 0.025390625 0.052734375
1 0.29296875 0.3134765625 0.017578125 0.0390625
1 0.9375 0.4248046875 0.119140625 0.205078125
0 0.8779296875 0.5419921875 0.09375 0.0556640625
1 0.51171875 0.3447265625 0.060546875 0.111328125
1 0.9814453125 0.294921875 0.0185546875 0.033203125
1 0.0810546875 0.365234375 0.0439453125 0.052734375
0 0.42578125 0.4169921875 0.0263671875 0.033203125
0 0.474609375 0.451171875 0.03125 0.0361328125
1 0.693359375 0.3115234375 0.037109375 0.0556640625
1 0.6376953125 0.2890625 0.025390625 0.0390625
1 0.6552734375 0.2919921875 0.013671875 0.044921875
1 0.5517578125 0.3427734375 0.0341796875 0.05859375
1 0.666015625 0.31640625 0.017578125 0.02734375
1 0.947265625 0.318359375 0.0576171875 0.0693359375
0 0.443359375 0.568359375 0.0498046875 0.0361328125
1 0.779296875 0.318359375 0.0439453125 0.1025390625
1 0.3740234375 0.3291015625 0.013671875 0.0302734375
0 0.388671875 0.5458984375 0.0595703125 0.025390625
0 0.6171875 0.52734375 0.072265625 0.0390625
0 0.537109375 0.5361328125 0.095703125 0.044921875
0 0.408203125 0.39453125 0.03125 0.0224609375
1 0.755859375 0.2802734375 0.0234375 0.033203125
1 0.41796875 0.341796875 0.0205078125 0.044921875
1 0.267578125 0.35546875 0.029296875 0.044921875
0 0.9326171875 0.3583984375 0.025390625 0.033203125
1 0.96875 0.3681640625 0.037109375 0.0634765625
0 0.01953125 0.46484375 0.029296875 0.01953125
0 0.4921875 0.3984375 0.021484375 0.01953125
0 0.580078125 0.427734375 0.0263671875 0.0390625
1 0.587890625 0.3427734375 0.025390625 0.0361328125
0 0.3046875 0.39453125 0.021484375 0.0166015625
1 0.8564453125 0.3251953125 0.056640625 0.0556640625
1 0.3544921875 0.34765625 0.03125 0.044921875
1 0.326171875 0.3193359375 0.013671875 0.0224609375
2 0.38671875 0.529296875 0.013671875 0.0302734375
0 0.3125 0.4638671875 0.0185546875 0.0224609375
1 0.9814453125 0.423828125 0.03125 0.080078125
1 0.51171875 0.2900390625 0.017578125 0.0361328125
0 0.6298828125 0.40234375 0.03125 0.044921875
2 0.6689453125 0.517578125 0.0185546875 0.0302734375
0 0.7548828125 0.34765625 0.0185546875 0.044921875
0 0.6044921875 0.384765625 0.0283203125 0.05859375
2 0.470703125 0.361328125 0.015625 0.0166015625