2 0.8359375 0.927734375 0.162109375 0.0830078125
1 0.248046875 0.75390625 0.431640625 0.474609375
1 0.662109375 0.6142578125 0.412109375 0.5
1 0.369140625 0.4912109375 0.1435546875 0.171875
1 0.673828125 0.3525390625 0.0341796875 0.0390625
1 0.513671875 0.3056640625 0.021484375 0.02734375
1 0.2744140625 0.3388671875 0.0234375 0.0390625
1 0.6455078125 0.318359375 0.0185546875 0.0361328125
1 0.193359375 0.4404296875 0.119140625 0.1865234375
1 0.509765625 0.37109375 0.064453125 0.1357421875
1 0.6748046875 0.3193359375 0.0185546875 0.02734375
1 0.21875 0.361328125 0.03125 0.044921875
1 0.076171875 0.505859375 0.150390625 0.255859375
1 0.580078125 0.33203125 0.041015625 0.0634765625
1 0.7099609375 0.33203125 0.0205078125 0.046875
1 0.7685546875 0.3251953125 0.037109375 0.0947265625
1 0.7138671875 0.35546875 0.0908203125 0.14453125
1 0.310546875 0.359375 0.0576171875 0.080078125
1 0.462890625 0.3525390625 0.0439453125 0.0888671875
1 0.892578125 0.33203125 0.052734375 0.0751953125
1 0.822265625 0.330078125 0.0673828125 0.0947265625
1 0.955078125 0.443359375 0.0888671875 0.2080078125
1 0.35546875 0.37109375 0.0517578125 0.1357421875
1 0.263671875 0.390625 0.0498046875 0.0859375
1 0.4912109375 0.341796875 0.0205078125 0.02734375
1 0.6240234375 0.3486328125 0.0673828125 0.080078125
1 0.1689453125 0.341796875 0.037109375 0.0615234375
1 0.8564453125 0.37890625 0.037109375 0.0419921875
1 0.9365234375 0.341796875 0.0263671875 0.044921875
0 0.392578125 0.9306640625 0.1455078125 0.138671875
0 0.943359375 0.5732421875 0.099609375 0.05859375
0 0.439453125 0.607421875 0.052734375 0.0419921875
0 0.380859375 0.580078125 0.068359375 0.0390625
1 0.494140625 0.3193359375 0.013671875 0.0224609375
0 0.537109375 0.55859375 0.0751953125 0.033203125
0 0.478515625 0.482421875 0.044921875 0.0419921875
0 0.8681640625 0.595703125 0.0888671875 0.0634765625
1 0.94921875 0.705078125 0.095703125 0.2666015625
0 0.4921875 0.4306640625 0.03125 0.0224609375
1 0.298828125 0.3359375 0.013671875 0.02734375
1 0.5625 0.4677734375 0.1123046875 0.1748046875
1 0.4052734375 0.3837890625 0.033203125 0.0615234375
2 0.5322265625 0.591796875 0.048828125 0.044921875
1 0.9716796875 0.35546875 0.046875 0.0498046875
0 0.30078125 0.5029296875 0.0205078125 0.033203125
0 0.494140625 0.5849609375 0.033203125 0.05859375
0 0.4267578125 0.4677734375 0.0185546875 0.01953125
1 0.810546875 0.306640625 0.017578125 0.025390625
0 0.7978515625 0.3681640625 0.0234375 0.01953125
0 0.166015625 0.455078125 0.0419921875 0.0224609375
0 0.955078125 0.3916015625 0.0185546875 0.0224609375
0 0.611328125 0.3916015625 0.0263671875 0.0166015625
0 0.447265625 0.4736328125 0.029296875 0.01953125
1 0.8330078125 0.30859375 0.0185546875 0.02734375
0 0.2001953125 0.490234375 0.0498046875 0.025390625
0 0.326171875 0.404296875 0.0283203125 0.013671875
0 0.138671875 0.4404296875 0.029296875 0.01953125
1 0.904296875 0.380859375 0.0263671875 0.0390625
0 0.880859375 0.3681640625 0.025390625 0.013671875
0 0.818359375 0.3681640625 0.0205078125 0.01953125
0 0.576171875 0.369140625 0.025390625 0.033203125
1 0.6572265625 0.3291015625 0.0107421875 0.01953125
2 0.0185546875 0.951171875 0.037109375 0.0859375
0 0.2060546875 0.455078125 0.037109375 0.02734375
1 0.6064453125 0.3388671875 0.0185546875 0.0224609375
0 0.28515625 0.4287109375 0.0419921875 0.025390625
2 0.0419921875 0.4150390625 0.021484375 0.025390625
2 0.8818359375 0.619140625 0.0234375 0.0166015625
0 0.79296875 0.3955078125 0.033203125 0.0419921875
0 0.9365234375 0.412109375 0.0361328125 0.025390625