2 0.8349609375 0.9248046875 0.1640625 0.0830078125
1 0.6298828125 0.591796875 0.349609375 0.494140625
1 0.736328125 0.3154296875 0.0185546875 0.0302734375
1 0.4111328125 0.37109375 0.0439453125 0.0859375
1 0.4921875 0.341796875 0.021484375 0.0498046875
1 0.080078125 0.638671875 0.15625 0.5390625
1 0.3994140625 0.486328125 0.091796875 0.1669921875
1 0.279296875 0.609375 0.318359375 0.55859375
1 0.8193359375 0.443359375 0.1826171875 0.263671875
1 0.4619140625 0.3447265625 0.044921875 0.078125
1 0.357421875 0.3359375 0.033203125 0.0556640625
1 0.171875 0.4052734375 0.087890625 0.1162109375
1 0.6435546875 0.3056640625 0.0126953125 0.0166015625
1 0.8154296875 0.3037109375 0.021484375 0.0361328125
1 0.830078125 0.326171875 0.0205078125 0.052734375
1 0.724609375 0.392578125 0.076171875 0.1416015625
1 0.599609375 0.337890625 0.025390625 0.05859375
1 0.3125 0.330078125 0.025390625 0.044921875
1 0.767578125 0.31640625 0.033203125 0.06640625
1 0.4365234375 0.328125 0.0205078125 0.044921875
1 0.6669921875 0.31640625 0.021484375 0.044921875
0 0.474609375 0.4833984375 0.048828125 0.0390625
1 0.224609375 0.3525390625 0.037109375 0.072265625
0 0.8916015625 0.59765625 0.169921875 0.06640625
1 0.041015625 0.4111328125 0.072265625 0.0830078125
1 0.9111328125 0.3037109375 0.03125 0.0419921875
1 0.556640625 0.33984375 0.037109375 0.05859375
1 0.9873046875 0.31640625 0.025390625 0.0615234375
1 0.681640625 0.341796875 0.0185546875 0.02734375
0 0.416015625 0.443359375 0.0185546875 0.0361328125
0 0.4375 0.607421875 0.056640625 0.0419921875
1 0.1787109375 0.345703125 0.0361328125 0.046875
0 0.248046875 0.9072265625 0.3251953125 0.1748046875
0 0.3994140625 0.578125 0.033203125 0.0390625
1 0.8056640625 0.341796875 0.044921875 0.0830078125
1 0.5166015625 0.341796875 0.029296875 0.0498046875
0 0.5263671875 0.5634765625 0.0341796875 0.02734375
0 0.462890625 0.388671875 0.025390625 0.0224609375
0 0.349609375 0.380859375 0.0205078125 0.02734375
1 0.525390625 0.466796875 0.0751953125 0.1669921875
0 0.17578125 0.4580078125 0.048828125 0.033203125
0 0.7109375 0.4794921875 0.0283203125 0.0302734375
0 0.423828125 0.4677734375 0.025390625 0.025390625
0 0.9775390625 0.544921875 0.044921875 0.03515625
0 0.0166015625 0.5029296875 0.033203125 0.0390625
0 0.193359375 0.490234375 0.0439453125 0.025390625
0 0.9931640625 0.384765625 0.013671875 0.01953125
0 0.79296875 0.404296875 0.0419921875 0.0419921875
2 0.638671875 0.8095703125 0.0595703125 0.0419921875
0 0.88671875 0.5302734375 0.111328125 0.0615234375
0 0.1865234375 0.5234375 0.0830078125 0.1416015625
1 0.32421875 0.3486328125 0.0107421875 0.01953125
0 0.138671875 0.66015625 0.0673828125 0.0693359375