2 0.8349609375 0.927734375 0.1669921875 0.0830078125
1 0.5009765625 0.3427734375 0.044921875 0.091796875
1 0.5302734375 0.3115234375 0.0205078125 0.0224609375
1 0.642578125 0.3095703125 0.0185546875 0.01953125
1 0.693359375 0.6962890625 0.466796875 0.3359375
1 0.8310546875 0.453125 0.181640625 0.294921875
1 0.7119140625 0.404296875 0.111328125 0.23046875
1 0.455078125 0.4140625 0.099609375 0.138671875
1 0.361328125 0.48046875 0.1484375 0.177734375
1 0.953125 0.4404296875 0.09375 0.263671875
1 0.548828125 0.455078125 0.134765625 0.1943359375
1 0.6689453125 0.3125 0.0185546875 0.0302734375
1 0.232421875 0.357421875 0.0576171875 0.0859375
1 0.2802734375 0.359375 0.0390625 0.0693359375
1 0.9052734375 0.341796875 0.044921875 0.111328125
1 0.357421875 0.3427734375 0.0390625 0.080078125
1 0.4365234375 0.328125 0.0205078125 0.033203125
1 0.8369140625 0.3125 0.017578125 0.0302734375
0 0.4755859375 0.4833984375 0.0419921875 0.0390625
1 0.763671875 0.328125 0.0419921875 0.078125
1 0.4599609375 0.341796875 0.0234375 0.044921875
1 0.587890625 0.3427734375 0.0498046875 0.0859375
1 0.8193359375 0.2919921875 0.029296875 0.044921875
1 0.0751953125 0.49609375 0.150390625 0.263671875
1 0.193359375 0.4775390625 0.1201171875 0.2890625
1 0.955078125 0.681640625 0.0888671875 0.30859375
0 0.568359375 0.5419921875 0.068359375 0.0166015625
0 0.375 0.9345703125 0.1376953125 0.119140625
1 0.5302734375 0.361328125 0.029296875 0.044921875
1 0.3193359375 0.330078125 0.0263671875 0.0498046875
1 0.0234375 0.3974609375 0.046875 0.0556640625
1 0.9873046875 0.328125 0.025390625 0.0556640625
1 0.412109375 0.3662109375 0.025390625 0.0556640625
1 0.634765625 0.341796875 0.0546875 0.078125
0 0.439453125 0.607421875 0.052734375 0.0419921875
0 0.4189453125 0.453125 0.0185546875 0.0390625
0 0.3798828125 0.578125 0.068359375 0.0390625
0 0.4404296875 0.4697265625 0.0498046875 0.02734375
1 0.48828125 0.3447265625 0.013671875 0.02734375
0 0.6181640625 0.4775390625 0.0361328125 0.033203125
0 0.705078125 0.4775390625 0.060546875 0.0390625
0 0.2939453125 0.576171875 0.0498046875 0.046875
1 0.306640625 0.3544921875 0.0185546875 0.025390625
0 0.90625 0.41015625 0.037109375 0.01953125
0 0.2548828125 0.41015625 0.021484375 0.01953125
0 0.4697265625 0.390625 0.017578125 0.01953125
0 0.0380859375 0.548828125 0.076171875 0.052734375
1 0.2119140625 0.37109375 0.0234375 0.025390625
2 0.5439453125 0.5927734375 0.0751953125 0.0419921875
0 0.6123046875 0.3984375 0.025390625 0.01953125
0 0.142578125 0.943359375 0.1611328125 0.1083984375
0 0.650390625 0.4267578125 0.03125 0.025390625
1 0.0498046875 0.41796875 0.025390625 0.0419921875
0 0.494140625 0.427734375 0.017578125 0.0166015625
0 0.740234375 0.46484375 0.037109375 0.01953125
0 0.900390625 0.4541015625 0.0205078125 0.01953125
0 0.7568359375 0.380859375 0.0205078125 0.033203125
0 0.2255859375 0.3837890625 0.013671875 0.0166015625
0 0.30078125 0.5029296875 0.0234375 0.033203125
0 0.0224609375 0.49609375 0.044921875 0.0361328125
0 0.9189453125 0.35546875 0.0185546875 0.0224609375
0 0.587890625 0.455078125 0.0234375 0.033203125
0 0.7919921875 0.404296875 0.0341796875 0.0361328125
0 0.92578125 0.3837890625 0.0205078125 0.0390625
0 0.2802734375 0.4306640625 0.0419921875 0.0224609375
1 0.2685546875 0.392578125 0.0185546875 0.0361328125