2 0.8056640625 0.8623046875 0.1513671875 0.0751953125
1 0.82421875 0.4443359375 0.2294921875 0.2275390625
1 0.3984375 0.4443359375 0.09375 0.171875
1 0.54296875 0.44140625 0.1611328125 0.1611328125
1 0.228515625 0.62890625 0.4111328125 0.453125
1 0.6552734375 0.6513671875 0.4013671875 0.3134765625
1 0.1982421875 0.3681640625 0.09375 0.125
1 0.693359375 0.392578125 0.1171875 0.1640625
1 0.7568359375 0.2734375 0.0234375 0.0302734375
1 0.2861328125 0.306640625 0.025390625 0.0361328125
1 0.5107421875 0.3486328125 0.0654296875 0.119140625
1 0.4189453125 0.341796875 0.056640625 0.0888671875
1 0.2705078125 0.349609375 0.0498046875 0.0830078125
1 0.8134765625 0.2919921875 0.013671875 0.033203125
1 0.58203125 0.3154296875 0.0390625 0.0751953125
1 0.8779296875 0.3115234375 0.068359375 0.0947265625
1 0.662109375 0.2998046875 0.0439453125 0.0556640625
1 0.634765625 0.29296875 0.013671875 0.0361328125
1 0.248046875 0.330078125 0.0205078125 0.033203125
1 0.974609375 0.302734375 0.0185546875 0.033203125
1 0.318359375 0.35546875 0.064453125 0.1162109375
1 0.767578125 0.33203125 0.060546875 0.09765625
1 0.716796875 0.2822265625 0.015625 0.025390625
1 0.7119140625 0.3115234375 0.029296875 0.0556640625
1 0.3798828125 0.341796875 0.0185546875 0.0556640625
1 0.4677734375 0.3212890625 0.0205078125 0.0419921875
0 0.412109375 0.4072265625 0.025390625 0.0419921875
1 0.494140625 0.3037109375 0.017578125 0.0361328125
0 0.4755859375 0.447265625 0.0361328125 0.044921875
0 0.548828125 0.5302734375 0.1279296875 0.044921875
0 0.1572265625 0.8974609375 0.3076171875 0.1943359375
1 0.9375 0.6240234375 0.119140625 0.3193359375
0 0.875 0.5625 0.1064453125 0.0419921875
1 0.5517578125 0.3447265625 0.0341796875 0.06640625
0 0.443359375 0.56640625 0.0517578125 0.0390625
0 0.4697265625 0.3583984375 0.0234375 0.0166015625
1 0.9794921875 0.361328125 0.041015625 0.14453125
0 0.4248046875 0.4345703125 0.03125 0.01953125
0 0.6923828125 0.44140625 0.041015625 0.0390625
1 0.3193359375 0.3125 0.0107421875 0.01953125
1 0.3447265625 0.328125 0.013671875 0.02734375
1 0.654296875 0.345703125 0.0283203125 0.046875
0 0.494140625 0.3974609375 0.025390625 0.0166015625
0 0.62890625 0.392578125 0.033203125 0.01953125
1 0.3427734375 0.4111328125 0.0205078125 0.0556640625
0 0.375 0.8916015625 0.1376953125 0.216796875
0 0.755859375 0.404296875 0.0263671875 0.025390625
1 0.59765625 0.3056640625 0.013671875 0.0224609375
0 0.3564453125 0.345703125 0.03125 0.025390625
0 0.056640625 0.529296875 0.1123046875 0.1083984375
0 0.580078125 0.3525390625 0.021484375 0.0166015625
0 0.6435546875 0.380859375 0.03125 0.0224609375
0 0.779296875 0.3447265625 0.021484375 0.0166015625
1 0.83203125 0.337890625 0.0419921875 0.05859375
0 0.3310546875 0.3759765625 0.025390625 0.013671875
0 0.5849609375 0.427734375 0.017578125 0.0390625
0 0.2998046875 0.9375 0.037109375 0.125
1 0.8603515625 0.3056640625 0.017578125 0.033203125
0 0.599609375 0.3662109375 0.029296875 0.033203125
1 0.4189453125 0.3056640625 0.0185546875 0.0390625
0 0.15625 0.4306640625 0.0185546875 0.0224609375
0 0.2568359375 0.4072265625 0.0361328125 0.0361328125
1 0.361328125 0.31640625 0.013671875 0.0224609375
0 0.798828125 0.337890625 0.015625 0.01953125