1 0.525390625 0.09765625 0.025390625 0.044921875
1 0.7939453125 0.080078125 0.03125 0.0498046875
1 0.705078125 0.091796875 0.0283203125 0.044921875
1 0.29296875 0.4052734375 0.2138671875 0.3115234375
1 0.6279296875 0.384765625 0.3564453125 0.341796875
1 0.388671875 0.1259765625 0.0361328125 0.0634765625
1 0.8974609375 0.255859375 0.205078125 0.31640625
1 0.9619140625 0.0498046875 0.0263671875 0.044921875
1 0.169921875 0.236328125 0.1015625 0.3056640625
1 0.244140625 0.1484375 0.076171875 0.158203125
1 0.498046875 0.134765625 0.0390625 0.0693359375
1 0.443359375 0.1474609375 0.0810546875 0.14453125
1 0.841796875 0.10546875 0.1044921875 0.1162109375
1 0.6923828125 0.1337890625 0.09375 0.138671875
1 0.8359375 0.724609375 0.322265625 0.5498046875
1 0.1552734375 0.078125 0.029296875 0.0615234375
0 0.587890625 0.568359375 0.193359375 0.0859375
1 0.0869140625 0.068359375 0.0517578125 0.1357421875
0 0.349609375 0.2861328125 0.033203125 0.033203125
1 0.0087890625 0.1669921875 0.017578125 0.0615234375
1 0.625 0.205078125 0.0751953125 0.1337890625
0 0.3125 0.5791015625 0.0498046875 0.0751953125
0 0.7978515625 0.2802734375 0.0576171875 0.02734375
1 0.0751953125 0.18359375 0.1376953125 0.2109375
1 0.9619140625 0.111328125 0.048828125 0.0556640625
0 0.728515625 0.2236328125 0.048828125 0.01953125
0 0.181640625 0.24609375 0.0439453125 0.025390625
0 0.505859375 0.2958984375 0.025390625 0.025390625
0 0.3701171875 0.3427734375 0.0498046875 0.0751953125
1 0.91796875 0.142578125 0.064453125 0.09765625
1 0.580078125 0.107421875 0.0283203125 0.0751953125
0 0.474609375 0.4013671875 0.0673828125 0.0751953125
1 0.009765625 0.298828125 0.01953125 0.19140625
2 0.4248046875 0.3662109375 0.0625 0.02734375
1 0.767578125 0.1611328125 0.0498046875 0.06640625
0 0.455078125 0.2138671875 0.041015625 0.0390625
1 0.880859375 0.130859375 0.025390625 0.033203125
1 0.0830078125 0.6416015625 0.166015625 0.466796875
0 0.123046875 0.2919921875 0.03125 0.0224609375
0 0.2744140625 0.1650390625 0.0234375 0.025390625
0 0.6748046875 0.2001953125 0.0185546875 0.033203125
0 0.408203125 0.6357421875 0.099609375 0.06640625
0 0.619140625 0.130859375 0.0205078125 0.02734375
1 0.9814453125 0.4794921875 0.037109375 0.232421875
1 0.875 0.177734375 0.03125 0.0615234375
1 0.0869140625 0.1416015625 0.0263671875 0.0615234375
0 0.3115234375 0.0947265625 0.0263671875 0.033203125