0 0.806640625 0.8623046875 0.154296875 0.0751953125
1 0.6689453125 0.64453125 0.431640625 0.31640625
1 0.380859375 0.4541015625 0.130859375 0.19140625
1 0.826171875 0.427734375 0.1982421875 0.2392578125
1 0.291015625 0.3193359375 0.0234375 0.0390625
1 0.697265625 0.3740234375 0.091796875 0.1416015625
1 0.5419921875 0.4306640625 0.1533203125 0.1884765625
1 0.5546875 0.330078125 0.0341796875 0.0390625
1 0.529296875 0.31640625 0.017578125 0.044921875
1 0.287109375 0.3720703125 0.0830078125 0.1337890625
1 0.5009765625 0.2958984375 0.013671875 0.025390625
1 0.4892578125 0.318359375 0.0185546875 0.0302734375
1 0.2802734375 0.7236328125 0.3642578125 0.5087890625
1 0.4375 0.3154296875 0.0185546875 0.046875
1 0.634765625 0.2919921875 0.0185546875 0.033203125
1 0.1923828125 0.3427734375 0.03125 0.0419921875
1 0.880859375 0.2998046875 0.03125 0.044921875
1 0.244140625 0.3291015625 0.0185546875 0.0361328125
1 0.3310546875 0.328125 0.0439453125 0.078125
1 0.6943359375 0.2998046875 0.017578125 0.033203125
1 0.96875 0.294921875 0.0185546875 0.0390625
1 0.7177734375 0.298828125 0.0263671875 0.046875
1 0.3623046875 0.318359375 0.025390625 0.046875
1 0.462890625 0.330078125 0.0439453125 0.0830078125
1 0.0927734375 0.5400390625 0.169921875 0.40234375
1 0.744140625 0.2919921875 0.0419921875 0.06640625
0 0.478515625 0.4482421875 0.041015625 0.0419921875
1 0.5888671875 0.3037109375 0.0439453125 0.0751953125
1 0.0673828125 0.3720703125 0.0498046875 0.06640625
1 0.94140625 0.6259765625 0.1171875 0.3134765625
1 0.818359375 0.318359375 0.048828125 0.0751953125
0 0.42578125 0.4169921875 0.0263671875 0.0390625
0 0.443359375 0.568359375 0.0498046875 0.0361328125
0 0.53515625 0.5390625 0.1171875 0.0498046875
0 0.85546875 0.54296875 0.0859375 0.0693359375
0 0.4111328125 0.3955078125 0.025390625 0.025390625
0 0.607421875 0.529296875 0.0732421875 0.0419921875
0 0.3798828125 0.537109375 0.056640625 0.0302734375
1 0.662109375 0.31640625 0.0205078125 0.033203125
1 0.7451171875 0.3515625 0.021484375 0.0634765625
0 0.7001953125 0.443359375 0.0498046875 0.0302734375
1 0.9697265625 0.3779296875 0.0576171875 0.1943359375
1 0.7822265625 0.3095703125 0.033203125 0.0419921875
0 0.611328125 0.3544921875 0.033203125 0.025390625
0 0.1884765625 0.4267578125 0.0361328125 0.025390625
0 0.357421875 0.34765625 0.0234375 0.0166015625
0 0.046875 0.5166015625 0.09375 0.0556640625
2 0.3955078125 0.9736328125 0.0341796875 0.0419921875
1 0.6259765625 0.328125 0.0205078125 0.033203125
0 0.03125 0.4599609375 0.025390625 0.01953125
1 0.5166015625 0.2861328125 0.0205078125 0.033203125
1 0.275390625 0.3349609375 0.0107421875 0.0302734375
0 0.78125 0.3427734375 0.0185546875 0.013671875
0 0.44921875 0.44140625 0.0263671875 0.0166015625
0 0.494140625 0.3984375 0.0185546875 0.01953125
0 0.3017578125 0.3955078125 0.0185546875 0.013671875
0 0.744140625 0.4072265625 0.03125 0.0419921875
0 0.6123046875 0.4541015625 0.0185546875 0.0302734375
1 0.2724609375 0.3720703125 0.0263671875 0.033203125
0 0.962890625 0.35546875 0.03125 0.0224609375
0 0.7939453125 0.3740234375 0.0439453125 0.0419921875
0 0.310546875 0.4638671875 0.0185546875 0.0224609375
1 0.66015625 0.3662109375 0.0234375 0.0390625
1 0.51171875 0.3427734375 0.0205078125 0.0302734375
0 0.634765625 0.4150390625 0.0419921875 0.052734375
0 0.2197265625 0.4443359375 0.0517578125 0.02734375
1 0.3408203125 0.404296875 0.015625 0.0361328125