2 0.833984375 0.927734375 0.166015625 0.0830078125
1 0.677734375 0.654296875 0.431640625 0.408203125
1 0.2490234375 0.7431640625 0.4423828125 0.4912109375
1 0.837890625 0.4677734375 0.162109375 0.2197265625
1 0.546875 0.4677734375 0.140625 0.1748046875
1 0.298828125 0.328125 0.017578125 0.02734375
1 0.3740234375 0.4931640625 0.1357421875 0.169921875
1 0.462890625 0.3427734375 0.0419921875 0.0859375
1 0.5107421875 0.306640625 0.025390625 0.0419921875
1 0.3134765625 0.37890625 0.0576171875 0.1142578125
1 0.1875 0.4287109375 0.125 0.1865234375
1 0.275390625 0.3544921875 0.025390625 0.046875
1 0.8330078125 0.306640625 0.0185546875 0.0302734375
1 0.076171875 0.505859375 0.1484375 0.2607421875
1 0.693359375 0.421875 0.076171875 0.14453125
1 0.5576171875 0.37109375 0.037109375 0.0419921875
1 0.744140625 0.3359375 0.025390625 0.033203125
1 0.2177734375 0.357421875 0.0234375 0.0419921875
1 0.9375 0.3427734375 0.03125 0.046875
1 0.162109375 0.35546875 0.037109375 0.0556640625
1 0.951171875 0.4345703125 0.091796875 0.19140625
1 0.642578125 0.3212890625 0.013671875 0.0419921875
1 0.611328125 0.3544921875 0.0517578125 0.080078125
1 0.853515625 0.3681640625 0.048828125 0.046875
1 0.716796875 0.3447265625 0.03125 0.0498046875
1 0.244140625 0.380859375 0.037109375 0.06640625
1 0.8935546875 0.328125 0.056640625 0.072265625
1 0.810546875 0.341796875 0.0576171875 0.0888671875
1 0.32421875 0.341796875 0.0205078125 0.033203125
1 0.48828125 0.341796875 0.0205078125 0.033203125
1 0.3623046875 0.3681640625 0.03125 0.091796875
0 0.3935546875 0.9287109375 0.1435546875 0.1416015625
0 0.869140625 0.5927734375 0.099609375 0.0693359375
1 0.53125 0.3427734375 0.025390625 0.05859375
0 0.439453125 0.611328125 0.052734375 0.044921875
0 0.544921875 0.5595703125 0.091796875 0.0302734375
1 0.771484375 0.322265625 0.041015625 0.06640625
1 0.7353515625 0.3056640625 0.017578125 0.02734375
0 0.4794921875 0.482421875 0.046875 0.0419921875
0 0.380859375 0.5693359375 0.068359375 0.0498046875
0 0.4931640625 0.4306640625 0.029296875 0.0224609375
1 0.59375 0.3154296875 0.0126953125 0.0302734375
0 0.4619140625 0.390625 0.0234375 0.025390625
0 0.3056640625 0.56640625 0.0361328125 0.033203125
0 0.494140625 0.58203125 0.033203125 0.052734375
2 0.541015625 0.591796875 0.064453125 0.044921875
0 0.611328125 0.39453125 0.0234375 0.0166015625
0 0.796875 0.3779296875 0.025390625 0.0107421875
0 0.6806640625 0.4736328125 0.0234375 0.01953125
0 0.6435546875 0.4169921875 0.0439453125 0.0390625
1 0.67578125 0.326171875 0.0205078125 0.025390625
0 0.5927734375 0.369140625 0.017578125 0.0224609375
0 0.326171875 0.404296875 0.025390625 0.013671875
0 0.6162109375 0.4775390625 0.0263671875 0.02734375
0 0.4267578125 0.466796875 0.015625 0.0224609375
0 0.787109375 0.4013671875 0.029296875 0.013671875
1 0.7744140625 0.41796875 0.029296875 0.0361328125
2 0.017578125 0.9482421875 0.03515625 0.091796875
0 0.30078125 0.5029296875 0.0205078125 0.0390625
2 0.447265625 0.4736328125 0.03125 0.01953125
0 0.3740234375 0.375 0.0107421875 0.0166015625
2 0.6318359375 0.4794921875 0.013671875 0.0302734375
0 0.923828125 0.392578125 0.013671875 0.0302734375
2 0.8818359375 0.619140625 0.0234375 0.0166015625
0 0.373046875 0.4365234375 0.013671875 0.0166015625
0 0.9375 0.380859375 0.025390625 0.0390625
0 0.28515625 0.4287109375 0.0419921875 0.025390625
0 0.962890625 0.349609375 0.029296875 0.0166015625
2 0.818359375 0.3662109375 0.025390625 0.0224609375
1 0.181640625 0.3642578125 0.0126953125 0.02734375