2 0.8359375 0.927734375 0.166015625 0.0830078125
1 0.705078125 0.6904296875 0.4736328125 0.3193359375
1 0.0771484375 0.6455078125 0.154296875 0.5634765625
1 0.86328125 0.4931640625 0.2607421875 0.224609375
1 0.638671875 0.31640625 0.017578125 0.033203125
1 0.46875 0.3447265625 0.0439453125 0.078125
1 0.2744140625 0.357421875 0.0361328125 0.0634765625
0 0.2060546875 0.943359375 0.224609375 0.1083984375
1 0.5615234375 0.3857421875 0.1015625 0.14453125
1 0.5537109375 0.3486328125 0.033203125 0.0302734375
1 0.734375 0.318359375 0.021484375 0.046875
1 0.3876953125 0.48046875 0.099609375 0.171875
1 0.4248046875 0.361328125 0.0439453125 0.10546875
1 0.306640625 0.3232421875 0.013671875 0.01953125
1 0.3564453125 0.33984375 0.037109375 0.05859375
1 0.0234375 0.37890625 0.046875 0.0419921875
1 0.5009765625 0.3291015625 0.013671875 0.0302734375
1 0.3125 0.3662109375 0.0625 0.0888671875
1 0.837890625 0.3291015625 0.044921875 0.0634765625
1 0.892578125 0.3447265625 0.078125 0.099609375
1 0.708984375 0.33984375 0.037109375 0.0751953125
1 0.2197265625 0.3544921875 0.029296875 0.0302734375
1 0.1552734375 0.404296875 0.0546875 0.1083984375
0 0.4755859375 0.482421875 0.0419921875 0.0361328125
1 0.7568359375 0.30859375 0.0390625 0.06640625
1 0.181640625 0.3544921875 0.037109375 0.046875
1 0.654296875 0.39453125 0.087890625 0.2001953125
0 0.4384765625 0.611328125 0.0546875 0.044921875
1 0.599609375 0.31640625 0.0205078125 0.0390625
0 0.568359375 0.5419921875 0.0732421875 0.0166015625
0 0.41796875 0.4541015625 0.0205078125 0.0361328125
2 0.796875 0.4287109375 0.021484375 0.01953125
1 0.525390625 0.3251953125 0.029296875 0.044921875
0 0.8544921875 0.6083984375 0.0625 0.0498046875
1 0.7978515625 0.3447265625 0.033203125 0.06640625
0 0.6181640625 0.48046875 0.0361328125 0.02734375
0 0.388671875 0.578125 0.0546875 0.0390625
0 0.38671875 0.9345703125 0.1328125 0.130859375
0 0.7724609375 0.44140625 0.033203125 0.0390625
2 0.546875 0.591796875 0.0751953125 0.044921875
0 0.6064453125 0.39453125 0.0185546875 0.0224609375
0 0.46875 0.390625 0.0185546875 0.01953125
0 0.044921875 0.5927734375 0.0888671875 0.0634765625
0 0.041015625 0.548828125 0.0810546875 0.052734375
0 0.6416015625 0.421875 0.044921875 0.033203125
0 0.6982421875 0.4775390625 0.056640625 0.033203125
1 0.9560546875 0.7197265625 0.087890625 0.22265625
0 0.8466796875 0.3662109375 0.03125 0.02734375
0 0.587890625 0.4599609375 0.0234375 0.0302734375
0 0.34765625 0.380859375 0.0263671875 0.0390625
0 0.1416015625 0.46484375 0.017578125 0.01953125
1 0.318359375 0.3544921875 0.017578125 0.025390625
0 0.294921875 0.4287109375 0.013671875 0.013671875
1 0.17578125 0.392578125 0.017578125 0.025390625
1 0.494140625 0.4306640625 0.0185546875 0.0498046875
1 0.806640625 0.3056640625 0.0205078125 0.033203125
1 0.25 0.431640625 0.2626953125 0.236328125
1 0.923828125 0.369140625 0.021484375 0.02734375
0 0.943359375 0.3525390625 0.0439453125 0.0224609375
0 0.95703125 0.3740234375 0.0205078125 0.0302734375