2 0.8056640625 0.8623046875 0.1513671875 0.0751953125
1 0.65625 0.6123046875 0.412109375 0.3916015625
1 0.71875 0.28515625 0.0185546875 0.01953125
1 0.44140625 0.3134765625 0.017578125 0.02734375
1 0.388671875 0.4541015625 0.119140625 0.1865234375
1 0.498046875 0.294921875 0.015625 0.0224609375
1 0.2626953125 0.66796875 0.375 0.4912109375
1 0.2041015625 0.3681640625 0.095703125 0.1357421875
1 0.505859375 0.3544921875 0.064453125 0.130859375
1 0.9599609375 0.31640625 0.080078125 0.078125
1 0.693359375 0.37890625 0.111328125 0.169921875
1 0.53125 0.2919921875 0.0185546875 0.02734375
1 0.8251953125 0.4443359375 0.1435546875 0.2275390625
1 0.2490234375 0.318359375 0.0234375 0.0302734375
1 0.091796875 0.4677734375 0.169921875 0.2470703125
1 0.3115234375 0.3349609375 0.0205078125 0.0419921875
1 0.361328125 0.3115234375 0.013671875 0.033203125
1 0.7509765625 0.2900390625 0.048828125 0.0751953125
1 0.294921875 0.3115234375 0.0234375 0.033203125
1 0.275390625 0.3486328125 0.0625 0.091796875
1 0.931640625 0.4248046875 0.126953125 0.205078125
1 0.7001953125 0.3056640625 0.0185546875 0.02734375
1 0.5869140625 0.3115234375 0.048828125 0.0830078125
1 0.375 0.33203125 0.0185546875 0.0419921875
1 0.466796875 0.322265625 0.025390625 0.044921875
0 0.4794921875 0.451171875 0.041015625 0.0361328125
1 0.654296875 0.2919921875 0.0185546875 0.0390625
1 0.630859375 0.29296875 0.0126953125 0.0302734375
1 0.869140625 0.2822265625 0.025390625 0.052734375
1 0.080078125 0.359375 0.048828125 0.05859375
1 0.5810546875 0.29296875 0.0126953125 0.025390625
1 0.3310546875 0.3544921875 0.025390625 0.0361328125
1 0.3291015625 0.330078125 0.017578125 0.02734375
0 0.443359375 0.568359375 0.0498046875 0.0361328125
1 0.806640625 0.296875 0.025390625 0.044921875
1 0.685546875 0.3251953125 0.021484375 0.044921875
0 0.9130859375 0.5322265625 0.0986328125 0.0419921875
0 0.5302734375 0.546875 0.091796875 0.044921875
0 0.412109375 0.392578125 0.025390625 0.01953125
0 0.3603515625 0.3525390625 0.0205078125 0.0224609375
0 0.4736328125 0.3623046875 0.021484375 0.01953125
1 0.837890625 0.30859375 0.0546875 0.099609375
1 0.4931640625 0.3251953125 0.0205078125 0.033203125
1 0.9677734375 0.3623046875 0.0390625 0.05859375
0 0.431640625 0.41796875 0.03125 0.0361328125
0 0.931640625 0.359375 0.03125 0.0302734375
0 0.58203125 0.3515625 0.0205078125 0.013671875
0 0.162109375 0.4306640625 0.0234375 0.0166015625
1 0.78125 0.306640625 0.03125 0.0419921875
1 0.1572265625 0.390625 0.0234375 0.025390625
0 0.3046875 0.39453125 0.021484375 0.0166015625
0 0.744140625 0.404296875 0.03125 0.05859375
0 0.447265625 0.44140625 0.029296875 0.02734375
1 0.0205078125 0.4892578125 0.041015625 0.0615234375
1 0.4853515625 0.4169921875 0.0263671875 0.033203125
0 0.630859375 0.392578125 0.044921875 0.025390625
1 0.2744140625 0.3349609375 0.017578125 0.0302734375
2 0.41015625 0.548828125 0.0234375 0.01953125
1 0.6591796875 0.3447265625 0.025390625 0.0390625
0 0.6044921875 0.369140625 0.0283203125 0.033203125