2 0.8349609375 0.923828125 0.1669921875 0.080078125
1 0.6748046875 0.6806640625 0.443359375 0.361328125
1 0.818359375 0.466796875 0.1982421875 0.216796875
1 0.5419921875 0.4541015625 0.1591796875 0.2138671875
1 0.181640625 0.3984375 0.091796875 0.1416015625
1 0.3740234375 0.482421875 0.1455078125 0.1748046875
1 0.9501953125 0.4404296875 0.099609375 0.205078125
1 0.490234375 0.34765625 0.025390625 0.044921875
1 0.412109375 0.3515625 0.037109375 0.09765625
1 0.236328125 0.6875 0.3955078125 0.55859375
1 0.6435546875 0.318359375 0.0185546875 0.025390625
1 0.8154296875 0.3251953125 0.056640625 0.099609375
1 0.275390625 0.3447265625 0.0234375 0.033203125
1 0.630859375 0.3427734375 0.056640625 0.080078125
1 0.0556640625 0.4541015625 0.111328125 0.1640625
1 0.21875 0.3642578125 0.025390625 0.0390625
1 0.4638671875 0.3486328125 0.0283203125 0.0693359375
1 0.763671875 0.3427734375 0.052734375 0.119140625
1 0.3447265625 0.3583984375 0.0390625 0.0830078125
1 0.892578125 0.318359375 0.0517578125 0.0693359375
1 0.53125 0.33984375 0.0185546875 0.05859375
1 0.869140625 0.365234375 0.056640625 0.0361328125
1 0.2802734375 0.412109375 0.0830078125 0.158203125
1 0.5791015625 0.3251953125 0.029296875 0.0498046875
0 0.478515625 0.482421875 0.0419921875 0.0419921875
0 0.8671875 0.595703125 0.099609375 0.0634765625
1 0.6904296875 0.419921875 0.109375 0.177734375
1 0.6689453125 0.3359375 0.037109375 0.06640625
0 0.53125 0.5732421875 0.119140625 0.0693359375
1 0.724609375 0.3125 0.03125 0.05859375
1 0.955078125 0.693359375 0.0859375 0.296875
1 0.79296875 0.3134765625 0.013671875 0.02734375
0 0.4384765625 0.611328125 0.0546875 0.044921875
1 0.701171875 0.3544921875 0.0205078125 0.0419921875
0 0.4052734375 0.427734375 0.0263671875 0.0224609375
0 0.3876953125 0.580078125 0.037109375 0.033203125
1 0.9052734375 0.37890625 0.029296875 0.046875
0 0.4931640625 0.4306640625 0.029296875 0.0224609375
0 0.4189453125 0.4541015625 0.037109375 0.0419921875
1 0.9873046875 0.35546875 0.0185546875 0.0390625
1 0.3125 0.341796875 0.025390625 0.0390625
0 0.7001953125 0.4794921875 0.0439453125 0.025390625
1 0.8427734375 0.330078125 0.0234375 0.044921875
0 0.642578125 0.427734375 0.0419921875 0.0224609375
0 0.607421875 0.470703125 0.0234375 0.025390625
1 0.3701171875 0.3662109375 0.0185546875 0.0615234375
0 0.771484375 0.44140625 0.025390625 0.02734375
0 0.0361328125 0.5458984375 0.072265625 0.05859375
0 0.607421875 0.390625 0.013671875 0.025390625
0 0.046875 0.5947265625 0.09375 0.06640625
0 0.462890625 0.3876953125 0.017578125 0.01953125
0 0.7978515625 0.3759765625 0.017578125 0.013671875
2 0.0185546875 0.9541015625 0.037109375 0.0859375
2 0.818359375 0.3681640625 0.0205078125 0.013671875
1 0.6044921875 0.3427734375 0.0185546875 0.025390625
0 0.3251953125 0.41015625 0.025390625 0.01953125
0 0.91796875 0.4267578125 0.0205078125 0.0361328125
1 0.3427734375 0.4072265625 0.0205078125 0.05859375
0 0.9677734375 0.349609375 0.0361328125 0.0166015625
0 0.775390625 0.37890625 0.0126953125 0.0419921875