2 0.8056640625 0.8623046875 0.154296875 0.0751953125
1 0.6484375 0.580078125 0.396484375 0.4501953125
1 0.44921875 0.37890625 0.0888671875 0.130859375
1 0.1064453125 0.5654296875 0.1748046875 0.5302734375
1 0.5 0.298828125 0.0126953125 0.0302734375
1 0.591796875 0.3681640625 0.0673828125 0.130859375
1 0.25390625 0.3359375 0.0361328125 0.044921875
1 0.48828125 0.3232421875 0.0205078125 0.0419921875
1 0.861328125 0.3291015625 0.0419921875 0.0361328125
1 0.216796875 0.4111328125 0.1064453125 0.216796875
1 0.3134765625 0.298828125 0.013671875 0.01953125
1 0.9443359375 0.4052734375 0.1044921875 0.205078125
1 0.2919921875 0.3232421875 0.0185546875 0.01953125
1 0.798828125 0.3056640625 0.0595703125 0.078125
1 0.712890625 0.279296875 0.017578125 0.025390625
1 0.4677734375 0.3125 0.0205078125 0.0419921875
1 0.7451171875 0.2900390625 0.052734375 0.080078125
1 0.58203125 0.298828125 0.013671875 0.0302734375
1 0.900390625 0.3193359375 0.0576171875 0.0888671875
1 0.4375 0.318359375 0.03125 0.0419921875
1 0.701171875 0.318359375 0.044921875 0.080078125
1 0.986328125 0.294921875 0.021484375 0.0390625
1 0.642578125 0.330078125 0.060546875 0.0888671875
0 0.880859375 0.548828125 0.1142578125 0.05859375
1 0.6279296875 0.294921875 0.0185546875 0.033203125
1 0.2197265625 0.341796875 0.029296875 0.0498046875
0 0.443359375 0.568359375 0.0546875 0.0361328125
0 0.236328125 0.890625 0.4296875 0.2138671875
1 0.2822265625 0.359375 0.033203125 0.05859375
1 0.806640625 0.2919921875 0.013671875 0.02734375
0 0.9501953125 0.5302734375 0.03125 0.02734375
1 0.55078125 0.3427734375 0.033203125 0.052734375
0 0.462890625 0.4482421875 0.0546875 0.0302734375
2 0.53515625 0.552734375 0.0546875 0.0390625
0 0.498046875 0.5419921875 0.0263671875 0.02734375
0 0.48828125 0.3974609375 0.029296875 0.0166015625
1 0.9541015625 0.328125 0.0419921875 0.044921875
0 0.42578125 0.4345703125 0.0234375 0.01953125
1 0.599609375 0.29296875 0.0263671875 0.0419921875
0 0.576171875 0.35546875 0.025390625 0.0224609375
0 0.4697265625 0.3623046875 0.013671875 0.01953125
2 0.53125 0.5234375 0.056640625 0.0302734375
0 0.7763671875 0.3447265625 0.021484375 0.0166015625
0 0.3994140625 0.5390625 0.029296875 0.033203125
0 0.576171875 0.423828125 0.03125 0.0302734375
1 0.9423828125 0.630859375 0.115234375 0.296875
0 0.7548828125 0.4052734375 0.025390625 0.02734375
0 0.6103515625 0.35546875 0.0205078125 0.02734375
1 0.35546875 0.2958984375 0.0205078125 0.025390625
0 0.2861328125 0.3916015625 0.037109375 0.02734375
0 0.248046875 0.3779296875 0.025390625 0.033203125
0 0.8310546875 0.330078125 0.0126953125 0.0224609375
0 0.6748046875 0.767578125 0.162109375 0.0634765625
1 0.87890625 0.306640625 0.017578125 0.025390625
1 0.80078125 0.37109375 0.0546875 0.05859375
1 0.818359375 0.2802734375 0.0126953125 0.0224609375