1 0.339 0.24500000000000002 0.33399999999999996 0.24500000000000002 0.33199999999999996 0.323 0.3265 0.378 0.323 0.369 0.29900000000000004 0.259 0.2895 0.238 0.29 0.251 0.308 0.317 0.314 0.34700000000000003 0.322 0.40099999999999997 0.325 0.413 0.32799999999999996 0.41500000000000004 0.32999999999999996 0.413 0.32999999999999996 0.377 0.33799999999999997 0.315 0.339 0.24500000000000002
1 0.42400000000000004 0.24700000000000003 0.43 0.225 0.433 0.219 0.433 0.213 0.4285 0.21200000000000002 0.42699999999999994 0.215 0.422 0.24100000000000002 0.42000000000000004 0.24500000000000002 0.41900000000000004 0.257 0.41600000000000004 0.265 0.41500000000000004 0.273 0.41 0.28300000000000003 0.4085 0.294 0.40499999999999997 0.28300000000000003 0.40099999999999997 0.255 0.40099999999999997 0.24500000000000002 0.399 0.24100000000000002 0.397 0.219 0.395 0.213 0.396 0.205 0.39049999999999996 0.20400000000000001 0.39 0.207 0.396 0.24300000000000002 0.396 0.251 0.398 0.257 0.4 0.273 0.4 0.28500000000000003 0.40199999999999997 0.28900000000000003 0.40199999999999997 0.301 0.4035 0.304 0.413 0.303 0.41500000000000004 0.28700000000000003 0.41900000000000004 0.273 0.42300000000000004 0.265 0.42400000000000004 0.24700000000000003
1 0.5349999999999999 0.391 0.537 0.369 0.5269999999999999 0.313 0.5225 0.312 0.5349999999999999 0.391
1 0.561 0.339 0.545 0.433 0.5455 0.442 0.55 0.441 0.5660000000000001 0.341 0.5685 0.298 0.563 0.303 0.561 0.339
1 0.709 0.257 0.7110000000000001 0.253 0.7110000000000001 0.24700000000000003 0.713 0.24300000000000002 0.716 0.223 0.7230000000000001 0.197 0.7205 0.192 0.718 0.193 0.718 0.199 0.714 0.211 0.712 0.227 0.71 0.231 0.71 0.23500000000000001 0.7070000000000001 0.24500000000000002 0.706 0.259 0.705 0.261 0.705 0.279 0.7065 0.282 0.7070000000000001 0.281 0.708 0.277 0.708 0.263 0.709 0.261 0.709 0.257
1 0.6905 0.32 0.688 0.313 0.689 0.28900000000000003 0.686 0.253 0.6865 0.19 0.682 0.20299999999999999 0.682 0.23500000000000001 0.686 0.28500000000000003 0.687 0.355 0.692 0.357 0.701 0.29500000000000004 0.697 0.29500000000000004 0.696 0.305 0.6905 0.32
1 0.942 0.409 0.9475 0.37 0.9435 0.37 0.9400000000000001 0.385 0.942 0.409
1 0.9215 0.46399999999999997 0.907 0.385 0.9025000000000001 0.382 0.9019999999999999 0.395 0.917 0.461 0.9179999999999999 0.495 0.924 0.499 0.924 0.475 0.9369999999999999 0.43099999999999994 0.9289999999999999 0.43499999999999994 0.9215 0.46399999999999997
0 0.3265 0.42000000000000004 0.318 0.43899999999999995 0.322 0.499 0.333 0.503 0.34700000000000003 0.495 0.346 0.475 0.341 0.42699999999999994 0.3265 0.42000000000000004
0 0.5455 0.442 0.537 0.46699999999999997 0.5389999999999999 0.523 0.5415 0.536 0.5559999999999999 0.5349999999999999 0.563 0.5269999999999999 0.5599999999999999 0.46699999999999997 0.5495 0.442 0.5455 0.442
0 0.395 0.385 0.39 0.40099999999999997 0.409 0.40700000000000003 0.41 0.34500000000000003 0.4025 0.33999999999999997 0.394 0.34700000000000003 0.395 0.385
0 0.678 0.41500000000000004 0.6950000000000001 0.421 0.6990000000000001 0.363 0.6865 0.356 0.679 0.371 0.678 0.41500000000000004
0 0.9244999999999999 0.496 0.9215 0.484 0.921 0.495 0.9109999999999999 0.507 0.9099999999999999 0.5269999999999999 0.914 0.581 0.9269999999999999 0.583 0.9410000000000001 0.577 0.9410000000000001 0.553 0.9369999999999999 0.501 0.9244999999999999 0.496