1 0.2999615515625 0.41194198125000003 0.2913862 0.348203603125 0.273738678125 0.278375315625 0.2687801265625 0.27970395625 0.2875661359375 0.35774797812500003 0.29675684062499996 0.4138657796875 0.29088938125 0.4058520703125 0.2377981125 0.30291694687500004 0.2227850953125 0.2845725953125 0.22674252187500002 0.2973584921875 0.2621674390625 0.35816294531250004 0.2761059453125 0.3863811015625 0.29841846250000004 0.437917825 0.304588890625 0.44904564999999996 0.3080965703125 0.45023596875000005 0.3095474421875 0.4477170109375 0.2999615515625 0.41194198125000003
1 0.3378874640625 0.271837690625 0.335224715625 0.26190018125000003 0.332176196875 0.258456634375 0.32433473125 0.237125571875 0.3207536625 0.231694521875 0.319615175 0.2234787890625 0.31389449375 0.2239465421875 0.3141974625 0.2270606578125 0.32973361562500003 0.2612413203125 0.3318638140625 0.269191328125 0.33544488125 0.2746223765625 0.3416886984375 0.2899909328125 0.34488399531249997 0.30191594374999997 0.347932515625 0.30535949218749997 0.3511278109375 0.3172845015625 0.353414203125 0.31986716249999997 0.362569175 0.316348996875 0.3602922 0.299917525 0.36053119375 0.2849421015625 0.3623678375 0.27592918437499997 0.35856660156250003 0.25777594062500003 0.35865882031249996 0.23431905312499998 0.360036303125 0.22755936562499998 0.35843865468749997 0.221596859375 0.35370968281250004 0.221798884375 0.3530209421875 0.2251787296875 0.3549855328125 0.252344890625 0.3540672125 0.25685135 0.3562707984375 0.2690420890625 0.355425865625 0.2777892796875 0.356564353125 0.2860050140625 0.35426855 0.2972711625 0.3557100046875 0.3086010140625 0.3493099984375 0.2985998015625 0.3378874640625 0.271837690625
1 0.4782868953125 0.295993515625 0.473557925 0.296195540625 0.5069900078125 0.371380259375 0.503115384375 0.3489862828125 0.4782868953125 0.295993515625
1 0.5189281890624999 0.31279628593750003 0.52809065 0.4104605140625 0.5309829765625 0.41927140625000003 0.5351793984375 0.41708188125 0.5244192890625 0.3134551484375 0.515448753125 0.2700595421875 0.5113257203125 0.2764898 0.5189281890624999 0.31279628593750003
1 0.6414242031249999 0.1947656625 0.640965040625 0.1970188921875 0.6457579859375 0.21490640781249998 0.6480443765625 0.2174890671875 0.6482739578125 0.216362453125 0.64820056875 0.212121721875 0.6444727218749999 0.198209209375 0.6449318828124999 0.19595598125 0.643866784375 0.1919809765625 0.64478510625 0.1874745171875 0.6431874578125 0.1815120125 0.6441057781249999 0.177005553125 0.6417554156249999 0.15633335312500002 0.64177424375 0.128635734375 0.63796359375 0.12433129999999999 0.63575059375 0.1259893703125 0.6373482421875 0.131951875 0.636576696875 0.1449397984375 0.6388536734375 0.1613712671875 0.63793535 0.1658777265625 0.6390004499999999 0.1698527296875 0.6386880671874999 0.18058742187500001 0.6414242031249999 0.1947656625
1 0.637952253125 0.2532113125 0.63255336875 0.2290955640625 0.6199923484375 0.19411771718749998 0.6037128953125 0.13137855 0.6027117703125 0.14549308593750002 0.6112325609375 0.1772931125 0.628513140625 0.22591774375 0.64814408125 0.2952145765625 0.6536351828125 0.2958734375 0.6460515421874999 0.23186933281250002 0.6420847000000001 0.2329322453125 0.6437557375 0.24313548125 0.6422954515625 0.259503246875 0.637952253125 0.2532113125
1 0.90651189375 0.2419616125 0.907035028125 0.25779792343749997 0.9154090421875001 0.28111648749999996 0.910478734375 0.2408987015625 0.90651189375 0.2419616125
1 0.904462571875 0.3394347328125 0.9145076234375 0.3729565328125 0.921522984375 0.37533716875 0.915132390625 0.3514871484375 0.9163085343749999 0.304307646875 0.9094399515625 0.3104084734375 0.9097240921875 0.3412202078125 0.8743085890625 0.266566946875 0.8690470687499999 0.2647814703125 0.872012784375 0.2778330953125 0.904462571875 0.3394347328125
0 0.3079403796875 0.455603315625 0.3045700609375 0.47674326875000006 0.3245133859375 0.5353054078125 0.33648729843749997 0.5363574046874999 0.3482410453125 0.5246872046875 0.341923840625 0.5050779171875 0.3241841015625 0.45870651406249996 0.3079403796875 0.455603315625
0 0.5520196453125 0.44026212343750004 0.53494981875 0.4182084953125 0.5309829765625 0.41927140625000003 0.529210309375 0.44637386718750005 0.5461051140625 0.501492459375 0.5520459625 0.5137469 0.5661594859375 0.5089000921875 0.5709712609375 0.49908999062500004 0.5520196453125 0.44026212343750004
0 0.38629490781250003 0.42076199531249997 0.3707775828125 0.358883715625 0.36200838125 0.355907921875 0.35544276875 0.3651228640625 0.36655291874999996 0.40261966875 0.36585476250000004 0.4198483234375 0.38629490781250003 0.42076199531249997
0 0.6444707953125001 0.3132404125 0.6551951734375 0.35723117968749996 0.6736518968749999 0.35867630781250004 0.662174803125 0.299975846875 0.6479145015625 0.29634119062500003 0.6444707953125001 0.3132404125
0 0.9150947328125 0.40688238437499996 0.9334404093750001 0.4594820171875 0.9468651921875001 0.45801505625 0.9591514875 0.448332359375 0.9527608937500001 0.4244823390625 0.9349477671875001 0.37387020625 0.9212200140625001 0.3722230515625 0.9150495859375001 0.361095225 0.9174827531249999 0.37215935 0.9107609468750001 0.3867416390625 0.9150947328125 0.40688238437499996