1 0.2864746828125 0.8711997078125 0.2871562765625 0.744413540625 0.2889043765625 0.733680409375 0.3078401359375 0.7929761359375 0.32830568437499996 0.8784262359375001 0.333813271875 0.8772555625 0.31632231875 0.8003834671875 0.292993821875 0.73396245625 0.28456496875 0.6943078234375 0.281893665625 0.692573059375 0.2790573828125 0.6954784984375 0.278562446875 0.7093991140625 0.282393584375 0.770754140625 0.282808521875 0.805204475 0.2784341015625 0.8821190624999999 0.2809270953125 0.8965558578125 0.2864746828125 0.8711997078125
1 0.395194965625 0.857300775 0.39706804375 0.8661129140625 0.398887790625 0.9071723546875001 0.40014095312500003 0.9103598421875001 0.40596516562499996 0.9079705828125 0.40299056875000006 0.8993925765625 0.40378879687499997 0.8923152015625 0.40084086562500004 0.8676135453124999 0.4021073609375 0.86273920625 0.3997660125 0.8517240296875 0.397616309375 0.819945 0.3988961390625 0.8070088343749999 0.4031238984375 0.818774325 0.410972834375 0.8286188265625001 0.413947428125 0.8371968328125 0.41912505937500005 0.8453065671875001 0.4230361953125 0.85829064375 0.42617577031250004 0.8622284453125 0.43777086093750006 0.889697228125 0.4401255421875 0.892650578125 0.4448482375 0.8904954546875 0.443443428125 0.8838863484375 0.438734065625 0.877979646875 0.42697399531249997 0.8551510703125 0.4216580515625 0.8355578890625001 0.415378903125 0.8276822875000001 0.40769494687499996 0.8131975812500001 0.40174575468749996 0.79604156875 0.39104720312499996 0.7971643328125 0.39009733125 0.8008200875 0.39290694843749996 0.814038296875 0.391640453125 0.8189126375000001 0.3944500703125 0.8321308484375001 0.395993190625 0.8502233984374999 0.395194965625 0.857300775
1 0.5228810359375 0.6943086968750001 0.5155270359374999 0.6705435796875 0.5202547156249999 0.7604901515625 0.524977409375 0.7583350281250001 0.5228810359375 0.6943086968750001
1 0.5203430609375 0.6119556796875 0.515152096875 0.6119077671875 0.5167085515625 0.62193849375 0.556341503125 0.7217349875 0.5669733890625 0.76092135 0.574202409375 0.7651411984375 0.5613808203125 0.7183612796875 0.5203430609375 0.6119556796875
1 0.7457541765625 0.8058128015625 0.7488937515625 0.8097506031249999 0.75484294375 0.826906615625 0.7620586312500001 0.8391882859375001 0.7634634390625 0.8457973921875 0.7664513687500001 0.8463135718749999 0.7680344890625 0.8402206484375 0.754236359375 0.813220134375 0.7462491109375 0.7918921859375 0.7431095375 0.7879543875 0.7417047296875 0.7813452796875 0.7385651546875 0.7774074796875 0.737628615625 0.7730014109375001 0.7360588296875 0.771032509375 0.7327809421875 0.7556112640625 0.730742884375 0.751439328125 0.7299579921875 0.7504548765625 0.7290081203125001 0.7541106328125 0.733222546875 0.77393795 0.7347923328125 0.7759068499999999 0.7391717375 0.7910939609375001 0.7448176375 0.80140673125 0.7457541765625 0.8058128015625
1 0.709042490625 0.7468416125 0.7023217374999999 0.7206393265625 0.7034365874999999 0.7123433671875 0.71300695625 0.7275783890625 0.7164498218750001 0.7383594296875 0.72085589375 0.737422890625 0.6964258765625 0.6712360140625 0.6913865593749999 0.6746097234375 0.7066744765624999 0.7519500875 0.7139751453125001 0.80796250625 0.721467459375 0.8432110671874999 0.729468040625 0.8564771906249999 0.714166790625 0.78719865 0.709042490625 0.7468416125
1 0.9748198640625001 0.5970948484374999 0.9596302609375 0.5554234046875 0.9630464609375 0.5823280953125 0.97041379375 0.5980313875000001 0.9748198640625001 0.5970948484374999
1 0.939223028125 0.5298277 0.9489717078125001 0.5323606921875 0.9243500484375 0.4869376703125 0.9187308125 0.46050125 0.9130582468749999 0.46631212812499995 0.9199173125 0.503997859375 0.9188474453125 0.5802100421875 0.9224419562499999 0.5944127031249999 0.92669638125 0.59005454375 0.9241717375 0.4996397015625 0.939223028125 0.5298277
0 0.26679739062499996 0.5944688375 0.2556172390625 0.6014503906249999 0.2652592546875 0.6684779843750001 0.27907071562499997 0.687416671875 0.293403775 0.6763110953125 0.28767289375 0.622267578125 0.28409171718750004 0.6000030921875 0.26679739062499996 0.5944688375
0 0.514527196875 0.514181415625 0.5049434953125 0.50700821875 0.48873735625 0.5093016546875 0.489027315625 0.524206721875 0.4999358265625 0.5863599749999999 0.515152096875 0.6119077671875 0.5195581671875 0.610971228125 0.52527073125 0.5809748734375 0.514527196875 0.514181415625
0 0.3534656421875 0.6934779484375 0.3627193859375 0.7099315546875 0.3705149890625 0.7520233578125 0.381516834375 0.757743834375 0.38860754062499997 0.7504802359375 0.372989665625 0.68242028125 0.3534656421875 0.6934779484375
0 0.6788282625 0.6588585203124999 0.690601665625 0.6736252734375 0.7027316921875 0.662987965625 0.684745803125 0.6000364859375 0.6674248140625 0.6106258828125 0.6788282625 0.6588585203124999
0 0.9325822734375 0.4552544625 0.924813334375 0.397039009375 0.9191941 0.37060258749999997 0.9023680453124999 0.36727136875 0.8885165859375 0.37251815625 0.89675379375 0.4329366453125 0.90253800625 0.4547328609375 0.9163627999999999 0.46560972500000003 0.9194890421874999 0.47760935 0.9199839765625001 0.46368873437499997 0.9325822734375 0.4552544625