0 0.0540274390625 0.5162098375 0.031908307812499995 0.511372884375 0.024734728125 0.5794675 0.047517967187499996 0.588770109375 0.0540274390625 0.5162098375
0 0.3223116453125 0.5301637343750001 0.30757795 0.5303461 0.30789774062499997 0.59528190625 0.3251014296875 0.5878398375 0.3223116453125 0.5301637343750001
0 0.41948908281249997 0.636213365625 0.40132795000000004 0.628560384375 0.3953109359375 0.69854075625 0.414374503125 0.7069130968749999 0.41948908281249997 0.636213365625
0 0.5231760609375 0.6287712625 0.5095868796875 0.633024671875 0.5129468312500001 0.6938895031250001 0.5296855328125 0.691098721875 0.5231760609375 0.6287712625
1 0.032639109375 0.4390343125 0.04379824375 0.46880265000000004 0.04798291875 0.455778990625 0.0703011875 0.33484522499999997 0.07402091093749999 0.29019274687499996 0.07262601875 0.240888984375 0.06751140312500001 0.238098203125 0.0670464515625 0.27344806875 0.0577471609375 0.359031971875 0.0400785375 0.44368563437499997 0.0335690484375 0.40089366562500006 0.0210150234375 0.32368210625 0.0191551609375 0.279029628125 0.019631521875 0.250212171875 0.013110625 0.264145459375 0.015435456249999998 0.337636003125 0.032639109375 0.4390343125
1 0.198166278125 0.5543865875 0.198166278125 0.5041525499999999 0.195841446875 0.503222246875 0.1949115421875 0.53019980625 0.170301165625 0.3975336 0.1684085984375 0.41019627812500004 0.19305166406250002 0.555316825 0.198166278125 0.5543865875
1 0.31301235625 0.49671044999999997 0.3158021390625 0.500431465625 0.320916753125 0.40926600625000004 0.3185919234375 0.40926600625000004 0.316732078125 0.46973288750000003 0.3009232828125 0.39531210625 0.2744203390625 0.299495359375 0.2713056296875 0.2725336 0.26465609687499997 0.2808901375 0.2874393515625 0.36833458124999996 0.31301235625 0.49671044999999997
1 0.40461026093749997 0.5878759437500001 0.4129796109375 0.56554970625 0.42227886718749996 0.514385365625 0.42553363749999995 0.44554617500000004 0.4236737578125 0.44740665 0.414839421875 0.536711603125 0.40647007031250004 0.5702009593749999 0.38514491562500003 0.439944315625 0.3799671265625 0.4390343125 0.38926645 0.514385365625 0.40461026093749997 0.5878759437500001
1 0.5140251578125 0.585225240625 0.51542005 0.585225240625 0.5335536421875 0.5015018812500001 0.5307922359374999 0.463381815625 0.5168149421875 0.562899003125 0.501936084375 0.44568628749999994 0.49635651718749996 0.444756015625 0.5140251578125 0.585225240625
0 0.66978805 0.562899003125 0.65356009375 0.562712171875 0.650259565625 0.629877715625 0.6683931578125 0.6308079875 0.66978805 0.562899003125
0 0.8036976593749999 0.6252264281250001 0.779676165625 0.62186395625 0.7804494859375 0.69499595625 0.80183778125 0.69592619375 0.8036976593749999 0.6252264281250001
0 0.9129642046875001 0.5861555125 0.890725271875 0.57945324375 0.8855313562499999 0.6475527 0.9059897453125 0.654994734375 0.9129642046875001 0.5861555125
1 0.6549092265625001 0.46708225312499996 0.638170525 0.37498652187500003 0.6330559109375 0.30986831875 0.6284062828125 0.311728878125 0.6274763437499999 0.33219455625 0.6418902140625 0.414057440625 0.6553741796875 0.52475835625 0.663278578125 0.52475835625 0.675832603125 0.43917445624999996 0.6842019546875 0.36661418437500004 0.6786717 0.3662836 0.6688581453125 0.440104728125 0.6614186984375 0.507083440625 0.6549092265625001 0.46708225312499996
1 0.7971881875 0.548014865625 0.8050925515625 0.47917564375 0.8023027687500001 0.395452253125 0.7971881875 0.39638249062500003 0.7957932953125 0.518246559375 0.791143634375 0.559177984375 0.773010040625 0.473594084375 0.7623158937500001 0.42615082812500005 0.7517743796875 0.42766752812500003 0.7688253656249999 0.496850559375 0.7878888640625 0.581504225 0.791143634375 0.580573953125 0.7971881875 0.548014865625
1 0.8901809500000001 0.49964134062500004 0.8985502999999999 0.540572765625 0.9069196515625 0.53871225625 0.9208685687499999 0.45964018749999996 0.940862040625 0.368474690625 0.940862040625 0.33591560625 0.9376072703125 0.330334046875 0.9352824734375 0.345218234375 0.9157539890624999 0.44382574375 0.901340084375 0.521037340625 0.89390070625 0.48289666249999996 0.88012259375 0.378560384375 0.874837140625 0.373126015625 0.8766970187500001 0.404754828125 0.8901809500000001 0.49964134062500004