0 0.6914998781249999 0.4879758359375 0.7079046171875001 0.48633578125000004 0.7012158312500001 0.41398799531249997 0.6827659234375 0.4239607515625 0.6914998781249999 0.4879758359375
0 0.5728419953125 0.379246875 0.5938311140625 0.38600605 0.5937135484375 0.3074175265625 0.57164840625 0.2999445390625 0.5728419953125 0.379246875
0 0.45799579062499995 0.397653253125 0.47272783125 0.39158712812499996 0.46304740000000005 0.3240734125 0.4446621984375 0.3288163875 0.45799579062499995 0.397653253125
1 1 0.5915277375 0.9914434999999999 0.6811071421875 0.9916517812500001 0.7312405765625 0.9980145109375 0.7860596796875 1 0.7869279031249999 1 0.5915277375
1 0.835093775 0.505672465625 0.8334995015625 0.47551196406249996 0.873868003125 0.6209849000000001 0.8747426781250001 0.6066862234375 0.8331232312499999 0.4473345765625 0.8275130765625001 0.448870203125 0.83241174375 0.5048622375 0.835093775 0.505672465625
1 0.7673747203125 0.7404140015625 0.773475675 0.7701624734375 0.7800724953125 0.7601996390625 0.746150434375 0.6649537640625 0.7051273453125 0.5243568125 0.7016549249999999 0.5204813328125 0.70484423125 0.6225952515625 0.7074355406249999 0.622368540625 0.703612025 0.554789371875 0.7284901640625 0.6361988953125 0.7673747203125 0.7404140015625
1 0.59379061875 0.45155627656249997 0.6302623609375 0.5946638203125 0.6361223875 0.5951732109375001 0.6184091421875 0.5120920015625 0.5941399953125 0.4316739625 0.5869885078125 0.45737546250000005 0.581612728125 0.515311271875 0.58469786875 0.592358440625 0.5865895078125 0.5901033421874999 0.587727721875 0.4897004515625 0.59379061875 0.45155627656249997
1 0.4588396125 0.540522678125 0.4656348921875 0.5827429109375 0.4715097015625 0.47045570000000003 0.4995242484375 0.5996528 0.50583408125 0.6001456000000001 0.47244207656250004 0.44529830156249994 0.47088729687499997 0.4454343265625 0.4588396125 0.540522678125
0 0.301002290625 0.485373165625 0.3191085703125 0.48399891093749997 0.3162376390625 0.4088127640625 0.295934796875 0.40954419375000006 0.301002290625 0.485373165625
0 0.1456655234375 0.428960009375 0.17276834218749998 0.430365396875 0.164774771875 0.3489261671875 0.1408441640625 0.3499750234375 0.1456655234375 0.428960009375
0 0.027684546875 0.48316470312500004 0.0531261671875 0.4884665375 0.052274576562499994 0.41205479218749996 0.028745453124999997 0.4057547640625 0.027684546875 0.48316470312500004
1 0.37162071406249997 0.7612978515625 0.3706614953125 0.7383956421875 0.3466124421875 0.6485549484375001 0.32078768593749996 0.526480028125 0.311977259375 0.527250840625 0.30633012656249997 0.6238688906250001 0.3040773046875 0.705562425 0.31027369375 0.7053916078125 0.314013303125 0.622151859375 0.315773928125 0.546770346875 0.3269303296875 0.5907218234375 0.3545685703125 0.691741578125 0.36661956562500003 0.7638250906249999 0.37162071406249997 0.7612978515625
1 0.164908259375 0.5474314687499999 0.166099375 0.501354921875 0.19465738125 0.5949804109375 0.211203846875 0.646818915625 0.2228057625 0.644100390625 0.19705381718749998 0.568650121875 0.16755003125 0.4761521765625 0.16401290625 0.4775064734375 0.16045056562499999 0.5143870421875001 0.158353165625 0.5918876609375 0.16962717031250002 0.6849356640625001 0.1752372875 0.6834000421875001 0.164908259375 0.5474314687499999
1 0.031211540625 0.6249524578125001 0.0179753359375 0.7272895046875 0.021295439062499998 0.7652384546875 0.025163728125 0.7707124203125 0.026303540625 0.7538954484375 0.038454546875 0.6420808499999999 0.0469911859375 0.5546133953125 0.059002651562499994 0.596400425 0.0845346109375 0.7113524859375 0.09095584375 0.7168943390625 0.0857984359375 0.68182149375 0.061515890625 0.577373675 0.048195710937500004 0.5325667015625 0.039048467187500005 0.5354566234375 0.031211540625 0.6249524578125001