0 1 0.46460524375 0.9828926203125 0.54422535625 0.9976873218750001 0.5494165671875 1 0.5305813125000001 1 0.46460524375
0 0.6805110140624999 0.49103049062500004 0.6972494124999999 0.49287572500000004 0.7059308718749999 0.4191720015625 0.6853795390624999 0.42521770937500003 0.6805110140624999 0.49103049062500004
0 0.5850494234375 0.35719951562499996 0.60458439375 0.3684100546875 0.6211565390625 0.2898666734375 0.6006980937499999 0.2777144453125 0.5850494234375 0.35719951562499996
0 0.466396765625 0.35119993437499997 0.4824039078125 0.3482678203125 0.4870697953125 0.27875852968750003 0.46769374375000006 0.279592865625 0.466396765625 0.35119993437499997
1 0.9813323890625 0.6136162656249999 0.9391723546874999 0.7476876140625001 0.9287337656249999 0.7978205593750001 0.9234490546874999 0.853941990625 0.9288620625 0.8578200421875 0.9343129765624999 0.8177860890625 0.9567815812499999 0.7220001734375 0.98762974375 0.631328959375 0.990313684375 0.60947001875 0.987893153125 0.599425865625 0.9813323890625 0.6136162656249999
1 0.820218634375 0.5392059312499999 0.8250308765625001 0.5087337640625 0.8344697218749999 0.662649859375 0.8383801828124999 0.648549690625 0.8306388874999999 0.48050160625 0.8247076203124999 0.48084445000000003 0.8177110609374999 0.5378268515625 0.820218634375 0.5392059312499999
1 0.702708646875 0.7593567640625001 0.70248656875 0.7903743390625 0.71119328125 0.781821340625 0.69752855625 0.679456509375 0.6864002078125 0.5302730359375001 0.683753909375 0.5256635859375 0.66525475 0.6283637140625 0.66789189375 0.6286875140625 0.6784233687500001 0.5603566421874999 0.6859906234375 0.646976834375 0.702708646875 0.7593567640625001
1 0.59062323125 0.4338932046875 0.5966711265625 0.5846184765625 0.6024177484375 0.5863718859375 0.60236400625 0.49960308593749997 0.59519464375 0.41410282187499997 0.5825913875000001 0.4382626546875 0.5649167515625 0.4950051421875 0.55163686875 0.5726387609375 0.554005728125 0.5707873953125 0.57646518125 0.4707157921875 0.59062323125 0.4338932046875
1 0.43689909218749995 0.49412110625 0.43472212812500005 0.5377467703125001 0.4644377890625 0.4268073421875 0.4649901515625 0.5618385499999999 0.47118969999999993 0.5636709125 0.47071193125 0.4018703921875 0.46912965 0.4016761125 0.43689909218749995 0.49412110625
0 0.29091450937499996 0.4055013625 0.3092964828125 0.4079735109375 0.32239516562500004 0.332244746875 0.3019551015625 0.3286638703125 0.29091450937499996 0.4055013625
0 0.14769660625 0.3161501390625 0.1744767890625 0.323310015625 0.1837853515625 0.24024586874999998 0.1596533484375 0.2362117171875 0.14769660625 0.3161501390625
0 0.01830959375 0.34525121875 0.042602584375 0.35595128125 0.057979082812500006 0.2794268546875 0.035808867187499996 0.2681356390625 0.01830959375 0.34525121875
1 0.302872653125 0.6961769171875 0.3067779625 0.6730914328125001 0.30182955625 0.5782236625 0.3019525171875 0.45077331875000004 0.292986253125 0.4496724 0.266825678125 0.5450049953125 0.247225859375 0.626147225 0.2534529984375 0.62729246875 0.2748666421875 0.5449211484375 0.2926342375 0.46998077968749996 0.294446846875 0.5162623 0.300607175 0.6230613828125 0.2973392640625 0.697639825 0.302872653125 0.6961769171875
1 0.14176275625 0.43860243125 0.1527379421875 0.39281994375 0.16138751406250001 0.4924266859375 0.1669104359375 0.5477328703125 0.1790793234375 0.5474806328125 0.1693734953125 0.4666288109375 0.159539534375 0.3679477515625 0.15571795625 0.3685496734375 0.1443265828125 0.40464081875 0.1257724828125 0.48162687968749995 0.11727611093750001 0.5769861015625 0.1232073390625 0.5766432515625 0.14176275625 0.43860243125
1 0 0.491541140625 0.0224256703125 0.4207362625 0.0255522375 0.465036853125 0.0266494015625 0.5853085109375 0.031888001562500004 0.592209078125 0.0341835078125 0.5560722578124999 0.0321038875 0.44656080468750003 0.028311109374999997 0.3989650390625 0.018558303125 0.399909809375 0.00181035 0.4546745671875 0 0.46941868593749997 0 0.491541140625