0 0.3755396953125 0.6995410546875 0.3823241859375 0.6464338484375001 0.38219265 0.6389129687499999 0.37952859375000003 0.6348334999999999 0.3271508515625 0.638252278125 0.3226177453125 0.664431278125 0.3207248421875 0.697032046875 0.3229588609375 0.7024658515625 0.332784653125 0.7083627609375001 0.3508591984375 0.711520128125 0.3755396953125 0.6995410546875
0 0.368397421875 0.7877827468749999 0.3729008875 0.7747333828125 0.37656164531249997 0.7320306765625 0.376430109375 0.7245097984375 0.37365258125 0.7213544859375001 0.320868653125 0.7237853000000001 0.317129853125 0.743495190625 0.314621884375 0.7854013515625 0.3243103515625 0.7945647203124999 0.34019279375 0.7983910203125 0.34758147500000003 0.7983601453125 0.368397421875 0.7877827468749999
0 0.1993539890625 0.802674284375 0.2234013546875 0.7915555640624999 0.22670432968749998 0.78398734375 0.22886030625 0.7664283328125 0.230621671875 0.726306684375 0.1791040046875 0.7270167937500001 0.17557408593749999 0.73643333125 0.17307769374999998 0.7567648171875 0.1731499484375 0.7905449671875 0.1763098109375 0.797030540625 0.18428391718749998 0.8008239125 0.1993539890625 0.802674284375
0 0.3015169703125 0.7847303609375 0.305972034375 0.7355585453125 0.30572702500000004 0.7289618250000001 0.3024298390625 0.725742709375 0.2492397265625 0.727185559375 0.2443842671875 0.7645820718749999 0.24351261562499998 0.7888654140625 0.25527971250000003 0.7982840062500001 0.273354259375 0.8014413734374999 0.29844094062500004 0.7904502640625 0.3015169703125 0.7847303609375
0 0.31345472343749997 0.644544378125 0.31262429062499997 0.6341234124999999 0.2585083359375 0.6345144921875 0.255271128125 0.6458431515624999 0.25214809374999997 0.6970547015624999 0.2670331375 0.7068561296875 0.282103209375 0.7087065015625 0.3077095484375 0.697779196875 0.31345472343749997 0.644544378125
0 0.23533980781250002 0.6921766296875 0.2402487609375 0.63930818125 0.23763240937500002 0.6305441140625 0.1846692421875 0.630138646875 0.1810258515625 0.6404793421874999 0.1777893421875 0.69261505 0.1890367828125 0.701969834375 0.2085568296875 0.706242778125 0.2330103796875 0.6961120203125 0.23533980781250002 0.6921766296875
0 0.24779721875 0.552054453125 0.2458617 0.5377454359375 0.1913395609375 0.5371485500000001 0.1861256203125 0.5688725 0.18497931875 0.599688759375 0.20079020625 0.6105419578125 0.21845856718749998 0.612711359375 0.2414666171875 0.6014650265625 0.24779721875 0.552054453125
0 0.2907386890625 0.6168957859375 0.3151922390625 0.6067650296875 0.3220902015625 0.552733665625 0.3202204515625 0.5421850859374999 0.2658117859375 0.5406640421875 0.263368884375 0.54552359375 0.2606455484375 0.567703396875 0.25852569999999997 0.60215248125 0.260353534375 0.606598321875 0.2716248265625 0.6136108078125 0.2907386890625 0.6168957859375
0 0.38777595 0.550479859375 0.3387250359375 0.5439881171875001 0.3352666734375 0.5463777578125 0.3268755046875 0.6039781453125 0.349441940625 0.6156608203125 0.3815291796875 0.6120959078125 0.390326534375 0.5554834875 0.38777595 0.550479859375
0 0.38847853906249996 0.420171465625 0.38868742031250003 0.40987811093750004 0.3864295484375 0.40678660468750005 0.363540759375 0.4063214421875 0.35330299374999996 0.4102239046875 0.3461607203125 0.498465596875 0.3476481375 0.5056839109375 0.37062654687499996 0.5075672140624999 0.379711525 0.5044613 0.38847853906249996 0.420171465625
0 0.33319891875 0.48374081249999995 0.3375340234375 0.40547344531249996 0.308929 0.4043064171875 0.30273502343750003 0.4096434859375 0.29559275 0.49788517812500005 0.2994515109375 0.5072708390625 0.31804571406250004 0.5104920109375 0.328916609375 0.5057291968750001 0.33319891875 0.48374081249999995
0 0.2838856328125 0.5030143625 0.292114925 0.4102156828125 0.28990475781249997 0.4024395796875 0.261299734375 0.401272553125 0.2542933875 0.404633690625 0.24590291718750001 0.5030411265625 0.25287962343750003 0.5128096234374999 0.271181115625 0.514118671875 0.2814427328125 0.5078739125 0.2838856328125 0.5030143625
0 0.24143348125 0.41055942187500005 0.240465721875 0.4034049140625 0.238184 0.40265570625 0.20779305781250001 0.403145578125 0.203385 0.4068257453125 0.19574113124999998 0.503448671875 0.2012723375 0.5121015921875001 0.21986654218749999 0.5153227640625 0.233496903125 0.5052702234375 0.24143348125 0.41055942187500005
0 0.24527347968750002 0.370692996875 0.25218880625 0.284299621875 0.250772946875 0.270054409375 0.234460465625 0.26758244375 0.2130829453125 0.27199329687499996 0.20555255 0.3676920640625 0.2073326796875 0.3768225015625 0.22714544062500003 0.383007565625 0.23591385312500002 0.380331828125 0.24527347968750002 0.370692996875
0 0.2939897640625 0.3691698765625 0.300319665625 0.27895225625000003 0.297930259375 0.26833987187499997 0.2627250734375 0.271521946875 0.255827809375 0.366360359375 0.25679556875 0.37351486875 0.2604989390625 0.37772195000000003 0.2796128015625 0.38100692812500003 0.29154686406249997 0.3740294265625 0.2939897640625 0.3691698765625
0 0.3486478296875 0.28488620781249996 0.3481578125 0.271692765625 0.3195527890625 0.2705257375 0.31128018125 0.27560758281250003 0.303863259375 0.3703821890625 0.3063899921875 0.3777281171875 0.32360446249999997 0.3835941515625 0.3415055578125 0.37312790156250003 0.3486478296875 0.28488620781249996
0 0.383167790625 0.37965051562499996 0.3902218421875 0.371604778125 0.3967309859375 0.284223440625 0.396647153125 0.2720179609375 0.3942758078125 0.269850615625 0.3648107109375 0.2713922578125 0.35873020625 0.275805165625 0.352173359375 0.36787110312500004 0.35241836718749997 0.37446782500000003 0.355285515625 0.37904127656250003 0.37105448750000003 0.3837917359375 0.383167790625 0.37965051562499996
0 0.3461146109375 0.2475205703125 0.35201587343749996 0.2402713796875 0.3585727203125 0.14820544062500002 0.357222628125 0.1377206703125 0.3247530578125 0.1379553171875 0.3202315265625 0.14255964375000002 0.31328655781250003 0.24208265468749998 0.3156340484375 0.24659230000000001 0.32297502499999997 0.2512460234375 0.337119253125 0.252044625 0.3461146109375 0.2475205703125
0 0.3097429640625 0.150652721875 0.309545659375 0.13937140312500002 0.3076939734375 0.1372678625 0.27804963437499997 0.1359732234375 0.2727157328125 0.1386016203125 0.26473144843749996 0.23799701875 0.2677778375 0.24540675156249997 0.284066465625 0.25022101874999997 0.30122095937500004 0.24153927656250002 0.3097429640625 0.150652721875
0 0.2553776109375 0.2368485125 0.2611220875 0.142806646875 0.2587984484375 0.1359547015625 0.22956029375 0.135648025 0.22244047500000003 0.1399333234375 0.215835925 0.23668385937499997 0.219694684375 0.24606952031249998 0.23598331250000001 0.2508837875 0.2493628765625 0.24502186093749997 0.2553776109375 0.2368485125
0 0.3945858875 0.239400728125 0.39883855625 0.23054197968749998 0.40634070937500005 0.22958694531249998 0.40970945312499996 0.22577916562499997 0.41994512031250003 0.099455559375 0.41877426875 0.09180706875 0.3790294890625 0.0911484328125 0.3768135328125 0.094159665625 0.364678475 0.22306433124999997 0.36564623281249997 0.2302188390625 0.3734410984375 0.231175928125 0.3756035609375 0.24363662812500003 0.3945858875 0.239400728125
0 0.4413233390625 0.135851753125 0.44445935 0.144679628125 0.4425303203125 0.160390321875 0.44002165 0.16148943124999998 0.43851038124999997 0.156613415625 0.43536858437500003 0.1585728796875 0.43907195468750004 0.162779959375 0.43515391562500005 0.1796535703125 0.4430145484375 0.1843710984375 0.44710604218750005 0.1811211078125 0.4546739625 0.1839265125 0.4602109546875 0.1817920984375 0.4624688265625 0.1848836015625 0.4647982546875 0.1809482109375 0.474538815625 0.093025546875 0.4749269375 0.085568475 0.472669065625 0.08247696875 0.444697171875 0.08044958906250001 0.43809701093750003 0.0847986921875 0.4353917375 0.1154235328125 0.43617446718749997 0.130529096875 0.437596115625 0.133986971875 0.44150836875 0.1279007 0.4413233390625 0.135851753125
0 0.5308526609374999 0.081178196875 0.510269446875 0.079119940625 0.49587442031249995 0.0825119546875 0.489651503125 0.14178570625 0.48768704375 0.181413371875 0.5228683765625 0.18057359687500002 0.5319100406249999 0.08975084531250001 0.5308526609374999 0.081178196875
0 0.4847967421875 0.21998926718749998 0.4827000484375 0.21128900625 0.45847922968750005 0.20878410937499997 0.4493942515625 0.21189002499999998 0.439152096875 0.30819391875 0.44237772656249996 0.3184399328125 0.46754824062499994 0.3196543015625 0.473742215625 0.3143172328125 0.4847967421875 0.21998926718749998
0 0.4725482125 0.349818090625 0.472171665625 0.3357004890625 0.44044869531249997 0.3341506265625 0.43696648125 0.3388825640625 0.4272439828125 0.435250265625 0.4293645296875 0.4416082265625 0.45921196249999996 0.44339684999999995 0.46373349375000006 0.43879252187500006 0.4725482125 0.349818090625
0 0.45422636250000004 0.554886578125 0.461690990625 0.4554273734375 0.4342387546875 0.45346380000000003 0.4278655359375 0.4559645859375 0.41914622812499996 0.5355698234374999 0.41814303906249994 0.5523322875 0.41974392812500005 0.5586264421875 0.4471065453125 0.5591718765625 0.45422636250000004 0.554886578125
0 0.45249463749999996 0.5818785906249999 0.4505771828125 0.5760146109375001 0.42208563125 0.573923425 0.41525852499999993 0.58012084375 0.406509575 0.6728557171875 0.4081104640625 0.679149875 0.439110684375 0.6801419484375 0.44311255625 0.6754738171875 0.45249463749999996 0.5818785906249999
0 0.44022804375 0.703262375 0.43749821874999995 0.695422465625 0.41074487968750006 0.6963589796874999 0.4047778484375 0.6998477296875001 0.3975698078125 0.7843289828125 0.399821890625 0.798207825 0.426778321875 0.7977652921875 0.43170603593749995 0.79414893125 0.44022804375 0.703262375
0 0.5025753875000001 0.7324937625 0.5026346671875 0.7062344890625 0.4696454375 0.7064053312499999 0.46668288125 0.7112010765625 0.459427134375 0.8003669265625 0.4610280234375 0.8066610828125 0.492774846875 0.805868646875 0.49562393125000004 0.8019970609374999 0.5025753875000001 0.7324937625
0 0.52263175625 0.6636614515625 0.52405270625 0.626312278125 0.4717884375 0.6288068984375 0.46845582343750003 0.6495047546875 0.466515215625 0.6867901203125 0.4679368640625 0.6902479953125 0.476364859375 0.6903447328125 0.5185525390625 0.6861438171875001 0.52263175625 0.6636614515625
0 0.5539673046875 0.7134754359375 0.5533161109375 0.7058907515625 0.550425109375 0.7036595984375 0.5210734828125 0.7042770828125 0.516778896875 0.7070330921875 0.511624934375 0.75330481875 0.5091111781250001 0.805998315625 0.5402248703125 0.80606623125 0.54567224375 0.8025136749999999 0.5539673046875 0.7134754359375
0 0.6046487468749999 0.713131696875 0.602665525 0.7035072765625 0.571348740625 0.702945378125 0.5670541546875 0.7057013875 0.5634049734375 0.7268294203125001 0.557421278125 0.803487228125 0.588421496875 0.8044793046875001 0.5955413171874999 0.8001940062499999 0.6046487468749999 0.713131696875
0 0.645069971875 0.8006468140624999 0.65463129375 0.7098878703125 0.6535262093750001 0.7059998203125 0.626707103125 0.7031758921875 0.620877396875 0.7033981859375 0.6180283109375 0.7072697734375 0.6077680921875 0.795128628125 0.6090285640624999 0.804195259375 0.63898946875 0.8050597249999999 0.645069971875 0.8006468140624999
0 0.6662416046875 0.6325137859375001 0.66611006875 0.6249929078124999 0.663852196875 0.6219014015625 0.6153390046875 0.6239185046875 0.6112597875 0.6464008734375 0.60868605 0.6845465921875 0.6112604859374999 0.687207921875 0.660203715625 0.6838364828125 0.6621269562500001 0.6789131265624999 0.6662416046875 0.6325137859375001
0 0.5436443109375 0.6235583250000001 0.5405682796875 0.6292782265625 0.53572509375 0.685907115625 0.588168603125 0.6862487765624999 0.5944992046875 0.6368382031250001 0.592969871875 0.6235171484375 0.5436443109375 0.6235583250000001
0 0.5647689375 0.5009169421874999 0.532388984375 0.5025697296875 0.5249539984375 0.5888993 0.5265548875 0.59519345625 0.5550702921874999 0.59494234375 0.5578059046875 0.5919949156250001 0.5666863906249999 0.506780921875 0.5647689375 0.5009169421874999
0 0.5149721203125 0.5370167609375 0.5153060484374999 0.5042245750000001 0.48240643906249997 0.50581355625 0.47621965 0.5819773828125 0.4758972953125 0.5931948953124999 0.47772513125 0.5976407359375 0.50664671875 0.5983775875 0.508976146875 0.5944421953125001 0.5149721203125 0.5370167609375
0 0.6191537515625 0.504780284375 0.6177559546875 0.49898011093749994 0.6066400515625 0.49714620312499996 0.5837035578124999 0.5013656390625 0.5795527828125 0.530874903125 0.575271171875 0.5936703359375 0.58335875 0.596539546875 0.6109721625 0.5928943656250001 0.6191537515625 0.504780284375
0 0.6682581578125 0.49580009062499997 0.641098634375 0.4957486390625 0.63617091875 0.49936499999999995 0.6276250609375 0.5925938562499999 0.661247421875 0.5915626609375 0.66969208125 0.518490340625 0.6710356859375 0.4989554015625 0.6682581578125 0.49580009062499997
0 0.7202896937500001 0.5059411234375 0.7184857109375 0.4991529859375 0.6905138187500001 0.4971256046875 0.6855861015625 0.50074196875 0.6773387453125 0.5850956093749999 0.6785992171874999 0.594162240625 0.7023242296875 0.5942610312500001 0.7108895484375 0.5910913109375 0.7202896937500001 0.5059411234375
0 0.7328309375 0.378024425 0.7310269546875 0.37123628750000004 0.7045005609375 0.37032448281249997 0.6979004 0.3746735859375 0.687980596875 0.459759965625 0.6891275984375 0.46975075781250003 0.7059358828125 0.474628828125 0.7215971703124999 0.46951610937500005 0.7328309375 0.378024425
0 0.683529225 0.3757233015625 0.6824241421874999 0.37183525 0.6566443515625 0.3691389328125 0.6499307171875001 0.37441219531250003 0.63989744375 0.460422734375 0.6420837578125 0.4705411375 0.6578527296875001 0.475291596875 0.6739679046875 0.4664822453125 0.683529225 0.3757233015625
0 0.6307872156250001 0.384256853125 0.6301837265625 0.3719875703125 0.6283320406249999 0.3698840296875 0.6002466734375 0.3687808078125 0.5963582734374999 0.3725247828125 0.5868627203125001 0.46704416562500006 0.5893236843749999 0.47062965312499994 0.6083240734375 0.4748387890625 0.6223129140625 0.47045881093749997 0.6307872156250001 0.384256853125
0 0.5675638296875001 0.47171024375000004 0.571272990625 0.4651299875 0.571559215625 0.43702240000000003 0.5765158718750001 0.379469353125 0.5710742875 0.37223457187500003 0.5482989703125 0.3708452515625 0.543777440625 0.37544957968750003 0.5346700078125 0.4625118875 0.5346223046875 0.46719648593749996 0.5380091109375 0.47183374375 0.5544112109375 0.47572385156249997 0.5675638296875001 0.47171024375000004
0 0.5245862328124999 0.389978834375 0.52333155 0.370124865625 0.49031846718749994 0.37263800625 0.48471061718749997 0.4226063671875 0.48202340625 0.4616762453125 0.48328387812500007 0.4707428765625 0.5120919953125 0.47240388749999995 0.5182859703125 0.46706681874999995 0.5245862328124999 0.389978834375
0 0.5452822203125 0.35030588281249997 0.5536726890625 0.25189844843750003 0.5194649046875 0.24910539687500002 0.5150568468750001 0.25278556406249997 0.513427015625 0.3004280921875 0.5084284421875 0.35187840000000004 0.5258698578125001 0.35589611875 0.541913478125 0.3541136625 0.5452822203125 0.35030588281249997
0 0.573240440625 0.25148679218750003 0.565865434375 0.3523641375 0.5786299328125 0.3558076046875 0.60219955625 0.350727815625 0.6118743484375 0.25904471406249996 0.6098911265625 0.24942029375 0.573240440625 0.25148679218750003
0 0.67155115 0.25417691875 0.669926409375 0.2502250625 0.6323498796875 0.251239790625 0.6222869640625001 0.350379965625 0.6241148 0.35482580625 0.6366523515625 0.3601175875 0.6560408609375 0.35686965000000004 0.6605623921875 0.35226532499999996 0.67155115 0.25417691875
0 0.7158007953125 0.3234002859375 0.7243292875 0.26253344218749997 0.723498853125 0.252112475 0.6868481671875 0.254178975 0.6791204671875 0.3385964203125 0.6802197624999999 0.35327180937499997 0.71162616875 0.3552518484375 0.7144752546875 0.3513802625 0.7166312296874999 0.3338212515625 0.7158007953125 0.3234002859375
0 0.7270280734375001 0.20188889062499998 0.73169850625 0.17244343281250002 0.7315669687499999 0.16492255312499998 0.729082153125 0.1636793640625 0.67548585625 0.16413424999999998 0.668265540625 0.229383128125 0.6707265046875001 0.23296861562500001 0.6868358906250001 0.2349466 0.7238927640624999 0.2338680640625 0.7262221890625 0.2299326734375 0.7270280734375001 0.20188889062499998
0 0.6665143515625 0.16631600625 0.6648896109375 0.1623641484375 0.608288840625 0.161512040625 0.6014747093749999 0.2277488828125 0.6034160140625 0.2312705640625 0.6236826640625 0.23375899531250002 0.6565822734375 0.2321700125 0.6603391390625 0.22090516093749998 0.6665143515625 0.16631600625
0 0.5975791234375001 0.1606660984375 0.54075140625 0.16166230625 0.5376276718749999 0.1720668078125 0.5340507484375 0.22697499062499998 0.5422279453125001 0.23126234375000002 0.591057703125 0.2288150625 0.5992038640625 0.16461795625 0.5975791234375001 0.1606660984375
0 0.6074808593750001 0.0671346796875 0.6051095156249999 0.0649673328125 0.5498407750000001 0.0661549578125 0.5470574578125 0.073786984375 0.5427996984375 0.13424011875 0.5543217874999999 0.1370619890625 0.5992869953125 0.1360163859375 0.607612396875 0.0746555578125 0.6074808593750001 0.0671346796875
0 0.611376446875 0.13421746406249999 0.6310995859374999 0.1389843890625 0.6681564578125 0.137905853125 0.6754244796875 0.067972378125 0.6183040515625 0.0670564640625 0.611376446875 0.13421746406249999
0 0.7428245875 0.0710885703125 0.7400232078125 0.0702755578125 0.6866538546875 0.0688821265625 0.6790931203125 0.1369034796875 0.6982966015625001 0.1416065984375 0.7353534749999999 0.1405280625 0.7406924640625 0.0863052796875 0.743499634375 0.0763309546875 0.7428245875 0.0710885703125
0 0.0888273828125 0.7426678140625 0.088695846875 0.7351469359375 0.086437975 0.7320554296874999 0.034627596875 0.7308534171875001 0.029336309375 0.7803916015625 0.03115835625 0.795624778125 0.035064821875 0.8003258421874999 0.080728928125 0.8021803234375 0.0835122453125 0.7945483 0.0888273828125 0.7426678140625
0 0.09771295937499999 0.6058594375 0.0959089765625 0.5990712984375001 0.06522532187499999 0.597649046875 0.061450395312499996 0.6004688625 0.0532211015625 0.693267540625 0.056625971875 0.7063498359375 0.085953746875 0.708074653125 0.089322490625 0.704266871875 0.09771295937499999 0.6058594375
0 0 0.6886435328125 0.00280851875 0.6978657015625 0.027638615625 0.7018525453125 0.03579775 0.6976948593750001 0.044110873437499996 0.6171016593750001 0.04360279375 0.5954631796875 0.011993295312500001 0.5929891578125 0.0092576828125 0.5959365859375 0 0.6884984046875 0 0.6886435328125
0 0 0.8022845328124999 0.0213267765625 0.800515203125 0.024289334375 0.795719459375 0.026152596875 0.7762483265625 0.0284336203125 0.736190484375 0.026743110937499998 0.7284781875 0 0.7291648390625001 0 0.8022845328124999
0 0 0.568690940625 0.00016621875 0.5690227890624999 0.0062886374999999994 0.57071261875 0.042485434375 0.5723427546875001 0.050847660937500004 0.56867905 0.0539713953125 0.5582745484375 0.056933253125000007 0.5126717562499999 0.05511120781249999 0.49743858124999996 0.0011087265625000001 0.4969055015625 0 0.50909681875 0 0.568690940625
0 0.10014727500000001 0.44855903125 0.1088304578125 0.35206371875000003 0.107026475 0.34527558125 0.0727052171875 0.34340668750000003 0.06893028749999999 0.346226503125 0.060539818749999995 0.4446339375 0.061734521875000004 0.44994013125 0.0724861578125 0.4568888125 0.0844382828125 0.45835634843750006 0.10014727500000001 0.44855903125
0 0.054379873437500004 0.3444399375 0.0216175875 0.3427624625 0.0162836859375 0.3453908609375 0.009087921875 0.4491044875 0.021332759375 0.452484146875 0.046867543750000004 0.4485837390625 0.0558911421875 0.34931595312499997 0.054379873437500004 0.3444399375