0 0.37734375 0.2740740734375 0.3591145828125 0.275 0.3486979171875 0.2796296296875 0.3458333328125 0.28472222187499996 0.34375 0.3171296296875 0.3450520828125 0.34351851875 0.3963541671875 0.353240740625 0.3994791671875 0.3495370375 0.40052083281249995 0.3421296296875 0.40026041718750005 0.2888888890625 0.37734375 0.2740740734375
0 0.40390625 0.2009259265625 0.3846354171875 0.1879629625 0.37734375 0.1870370375 0.3611979171875 0.1888888890625 0.3505208328125 0.196759259375 0.3479166671875 0.2384259265625 0.34921875 0.25833333281250004 0.4010416671875 0.2671296296875 0.40416666718750005 0.26435185156249996 0.40520833281249996 0.25694444375000003 0.4067708328125 0.21435185156249997 0.40390625 0.2009259265625
0 0.2388020828125 0.165740740625 0.22369791718749998 0.165740740625 0.2153645828125 0.16851851874999998 0.2114583328125 0.1745370375 0.20729166718749997 0.2078703703125 0.20729166718749997 0.228240740625 0.20963541718749998 0.2379629625 0.2604166671875 0.24490740781250003 0.2635416671875 0.20509259218749998 0.2635416671875 0.1875 0.26119791718749996 0.17962962968750001 0.2388020828125 0.165740740625
0 0.33515625 0.1898148140625 0.31171875 0.1759259265625 0.29348958281250004 0.1768518515625 0.28072916718749996 0.184722221875 0.2786458328125 0.20879629687499998 0.27890625 0.246296296875 0.33125 0.2541666671875 0.3348958328125 0.2513888890625 0.3359375 0.24490740781250003 0.3375 0.19583333281249998 0.33515625 0.1898148140625
0 0.2940104171875 0.26851851875 0.278125 0.27638888906250003 0.275 0.3273148140625 0.27682291718749996 0.33888888906250003 0.3302083328125 0.3458333328125 0.3322916671875 0.3356481484375 0.3330729171875 0.2824074078125 0.30911458281250004 0.26851851875 0.2940104171875 0.26851851875
0 0.2361979171875 0.26203703749999996 0.21640625 0.2638888890625 0.20416666718749998 0.271759259375 0.2010416671875 0.3236111109375 0.20338541718749997 0.334259259375 0.2557291671875 0.34027777812500004 0.259375 0.33194444375 0.2609375 0.2791666671875 0.2591145828125 0.275 0.2361979171875 0.26203703749999996
0 0.2169270828125 0.35555555625 0.2 0.3643518515625 0.1973958328125 0.3949074078125 0.19869791718750002 0.4268518515625 0.2526041671875 0.4328703703125 0.25625 0.41898148125 0.2559895828125 0.36944444375 0.23463541718749997 0.35555555625 0.2169270828125 0.35555555625
0 0.2872395828125 0.3611111109375 0.2752604171875 0.36666666718749996 0.27291666718749996 0.3708333328125 0.2708333328125 0.4050925921875 0.2708333328125 0.42731481406249994 0.27265625 0.43240740781250003 0.3265625 0.4375 0.3296875 0.42731481406249994 0.3294270828125 0.3731481484375 0.3065104171875 0.3601851859375 0.2872395828125 0.3611111109375
0 0.340625 0.3773148140625 0.3419270828125 0.43518518593750005 0.3450520828125 0.4379629625 0.3942708328125 0.4375 0.3973958328125 0.4328703703125 0.3955729171875 0.3759259265625 0.3643229171875 0.36851851875 0.340625 0.3773148140625
0 0.3721354171875 0.477777778125 0.34921875 0.4768518515625 0.346875 0.48379629687500003 0.34322916718749996 0.571759259375 0.3528645828125 0.5768518515625 0.37552083281250004 0.5791666671875 0.378125 0.5763888890625 0.3791666671875 0.566203703125 0.3807291671875 0.48194444374999995 0.3721354171875 0.477777778125
0 0.3018229171875 0.46944444374999994 0.296875 0.478240740625 0.2932291671875 0.566203703125 0.2986979171875 0.5722222218749999 0.3270833328125 0.5745370375000001 0.3322916671875 0.496759259375 0.3307291671875 0.47453703750000004 0.3205729171875 0.46851851875 0.3018229171875 0.46944444374999994
0 0.2747395828125 0.459259259375 0.2565104171875 0.4583333328125 0.2484375 0.4671296296875 0.24479166718749998 0.565277778125 0.2513020828125 0.5694444437499999 0.2796875 0.571759259375 0.2828125 0.5643518515625 0.2859375 0.471759259375 0.2841145828125 0.46666666718750005 0.2747395828125 0.459259259375
0 0.22421875 0.45185185156249996 0.20546875 0.45277777812500003 0.1989583328125 0.4606481484375 0.19479166718750002 0.55694444375 0.19869791718750002 0.5611111109375 0.2286458328125 0.565277778125 0.2309895828125 0.5648148140625 0.2328125 0.5578703703125 0.2364583328125 0.46342592656250003 0.22421875 0.45185185156249996
0 0.2153645828125 0.5833333328125 0.1950520828125 0.5870370375 0.1921875 0.5958333328125 0.18802083281249998 0.691203703125 0.20859375 0.6981481484375001 0.225 0.6976851859375001 0.228125 0.683796296875 0.23177083281250002 0.5976851859375001 0.22369791718749998 0.5870370375 0.2153645828125 0.5833333328125
0 0.2669270828125 0.5916666671875 0.24765625 0.5925925921874999 0.24348958281250002 0.5962962968750001 0.2416666671875 0.603240740625 0.23697916718749998 0.6976851859375001 0.2713541671875 0.7050925921875 0.275 0.6949074078125 0.2796875 0.6050925921875 0.27786458281250004 0.6 0.2669270828125 0.5916666671875
0 0.29296875 0.5981481484375 0.28958333281250004 0.6050925921875 0.2854166671875 0.6995370375000001 0.29296875 0.70555555625 0.3213541671875 0.7078703703125 0.3234375 0.6949074078125 0.3270833328125 0.60694444375 0.3106770828125 0.5944444437499999 0.29296875 0.5981481484375
0 0.3690104171875 0.60555555625 0.3575520828125 0.6 0.34140625 0.602777778125 0.3380208328125 0.60694444375 0.3369791671875 0.6134259265625001 0.3322916671875 0.7050925921875 0.3377604171875 0.7101851859375 0.36666666718749996 0.715277778125 0.3692708328125 0.7134259265625 0.3708333328125 0.7013888890625 0.375 0.6143518515624999 0.3690104171875 0.60555555625
0 0.30807291718749996 0.7259259265625 0.2940104171875 0.725 0.2861979171875 0.728703703125 0.2833333328125 0.7328703703125 0.278125 0.83194444375 0.28203125 0.8370370375 0.3140625 0.8412037031249999 0.3166666671875 0.83101851875 0.3213541671875 0.7393518515624999 0.31640625 0.73148148125 0.30807291718749996 0.7259259265625
0 0.25546875 0.7212962968750001 0.2388020828125 0.7240740734375 0.2348958328125 0.73101851875 0.23072916718749997 0.8300925921875001 0.23567708281250002 0.8333333328125001 0.26510416718749996 0.8356481484374999 0.2671875 0.833796296875 0.26875 0.8226851859375 0.2713541671875 0.73194444375 0.25546875 0.7212962968750001
0 0.20807291718749998 0.7148148140624999 0.19140625 0.7175925921874999 0.1864583328125 0.7263888890625 0.18125 0.8226851859375 0.1877604171875 0.827777778125 0.2166666671875 0.83101851875 0.21979166718749998 0.8245370375000001 0.22552083281250002 0.73101851875 0.2205729171875 0.722222221875 0.20807291718749998 0.7148148140624999
0 0.36640625 0.7546296296875 0.36328125 0.7453703703125 0.3450520828125 0.7388888890625 0.34140625 0.7509259265625 0.33359375 0.7509259265625 0.3317708328125 0.7578703703125 0.328125 0.8865740734375 0.3299479171875 0.8898148140625001 0.3692708328125 0.89398148125 0.3713541671875 0.8865740734375 0.3765625 0.7606481484375001 0.3736979171875 0.75648148125 0.36640625 0.7546296296875
0 0.42369791718750005 0.8074074078125 0.42109375 0.8101851859375 0.41588541718750005 0.8074074078125 0.40807291718750005 0.809259259375 0.40442708281249995 0.8055555562500001 0.39609375 0.809259259375 0.39791666718749996 0.8263888890625 0.39375 0.8300925921875001 0.3966145828125 0.8324074078124999 0.3986979171875 0.827777778125 0.4010416671875 0.8291666671875 0.4010416671875 0.8449074078125 0.396875 0.853240740625 0.39609375 0.8611111109375 0.39296875 0.8546296296874999 0.39114583281250004 0.8578703703125001 0.3885416671875 0.8726851859375 0.3875 0.903240740625 0.3934895828125 0.9083333328125001 0.4213541671875 0.909722221875 0.42395833281249995 0.9069444437499999 0.4244791671875 0.8995370375 0.42552083281249997 0.8115740734375001 0.42369791718750005 0.8074074078125
0 0.4453125 0.853240740625 0.44427083281249996 0.9125 0.45807291718750004 0.9175925921875001 0.47864583281249995 0.91805555625 0.48072916718750003 0.909722221875 0.4828125 0.81898148125 0.44817708281249996 0.8138888890624999 0.4453125 0.853240740625
0 0.42005208281249995 0.6731481484375 0.415625 0.6828703703125 0.4140625 0.7791666671875 0.42265625 0.7833333328125 0.446875 0.7837962968750001 0.45 0.7754629625 0.4505208328125 0.68101851875 0.44505208281249997 0.675 0.42005208281249995 0.6731481484375
0 0.42213541718750003 0.55 0.4192708328125 0.55601851875 0.4171875 0.6523148140624999 0.42005208281249995 0.6574074078125001 0.4515625 0.659722221875 0.4536458328125 0.6458333328125 0.4557291671875 0.55694444375 0.4518229171875 0.5518518515624999 0.42213541718750003 0.55
0 0.4244791671875 0.4393518515625 0.4234375 0.45601851875 0.4223958328125 0.5356481484375 0.4283854171875 0.5388888890625 0.4557291671875 0.540277778125 0.4604166671875 0.44120370312499996 0.45390625 0.4361111109375 0.42682291718750004 0.43333333281249997 0.4244791671875 0.4393518515625
0 0.42994791718750003 0.3129629625 0.42760416718750005 0.31898148125 0.425 0.41157407343749997 0.4309895828125 0.41851851875 0.459375 0.4199074078125 0.46197916718750004 0.4143518515625 0.4640625 0.32083333281250004 0.46067708281249997 0.315740740625 0.42994791718750003 0.3129629625
0 0.4361979171875 0.19444444375 0.4322916671875 0.2078703703125 0.4291666671875 0.2921296296875 0.43463541718750004 0.296296296875 0.4609375 0.30046296250000004 0.46458333281249997 0.29305555625 0.4671875 0.20231481406250001 0.46276041718750005 0.1981481484375 0.4361979171875 0.19444444375
0 0.49765625 0.19351851874999998 0.4953125 0.19953703750000001 0.4916666671875 0.2884259265625 0.49401041718750005 0.29351851875 0.5265625 0.2976851859375 0.5296875 0.271759259375 0.53125 0.20231481406250001 0.52890625 0.1981481484375 0.49765625 0.19351851874999998
0 0.49036458281249995 0.309259259375 0.48854166718750003 0.3125 0.4859375 0.3495370375 0.48671875 0.3703703703125 0.5380208328125 0.3791666671875 0.5411458328125 0.3421296296875 0.53984375 0.31944444375000003 0.4986979171875 0.3101851859375 0.49036458281249995 0.309259259375
0 0.57578125 0.20370370312500002 0.5450520828125 0.2 0.5411458328125 0.2523148140625 0.540625 0.2986111109375 0.54453125 0.3018518515625 0.5734375 0.30601851875 0.5765625 0.30416666718749996 0.578125 0.29675925937500003 0.5807291671875 0.2078703703125 0.57578125 0.20370370312500002
0 0.5924479171875 0.20833333281250002 0.5890625 0.28472222187499996 0.5901041671875 0.30601851875 0.5940104171875 0.309259259375 0.625 0.3125 0.628125 0.303240740625 0.6296875 0.216203703125 0.6231770828125 0.21111111093749999 0.5924479171875 0.20833333281250002
0 0.6434895828125 0.2138888890625 0.6411458328124999 0.2226851859375 0.640625 0.3106481484375 0.64296875 0.3148148140625 0.6486979171875 0.315740740625 0.6755208328125 0.316203703125 0.6770833328125 0.3125 0.6786458328125 0.22175925937500002 0.6731770828125 0.2166666671875 0.6434895828125 0.2138888890625
0 0.6794270828125 0.33888888906250003 0.6315104171875 0.3296296296875 0.6286458328125 0.33194444375 0.6265625 0.36990740781250003 0.6278645828125 0.3925925921875 0.6755208328125 0.40046296249999996 0.678125 0.3976851859375 0.6791666671875001 0.39027777812500003 0.6807291671875 0.34398148125 0.6794270828125 0.33888888906250003
0 0.5546875 0.378240740625 0.55703125 0.384259259375 0.6057291671875 0.39027777812500003 0.6088541671875001 0.3773148140625 0.60859375 0.32777777812500003 0.5567708328125 0.321759259375 0.5546875 0.378240740625
0 0.53671875 0.41018518593750003 0.534375 0.416203703125 0.53125 0.5023148140625 0.5630208328124999 0.5078703703125 0.565625 0.5023148140625 0.5671875 0.4171296296875 0.56484375 0.4138888890625 0.53671875 0.41018518593750003
0 0.4888020828125 0.4018518515625 0.48645833281249995 0.40601851875 0.48541666718750004 0.4171296296875 0.48229166718750005 0.49305555625 0.5145833328125 0.4986111109375 0.5182291671875 0.466203703125 0.5192708328125 0.408796296875 0.5174479171875 0.4046296296875 0.4888020828125 0.4018518515625
0 0.5846354171875 0.4175925921875 0.58125 0.4800925921875 0.5817708328125 0.5097222218749999 0.60390625 0.5166666671875 0.6151041671875 0.516203703125 0.6171875 0.5106481484375001 0.6197916671875 0.42268518593750004 0.59296875 0.415740740625 0.5846354171875 0.4175925921875
0 0.6361979171875001 0.425 0.6333333328124999 0.51805555625 0.6377604171875 0.522222221875 0.6645833328124999 0.5254629625 0.6677083328125 0.5226851859375 0.66875 0.503240740625 0.6692708328125 0.43009259218749996 0.6361979171875001 0.425
0 0.68671875 0.4296296296875 0.684375 0.4384259265625 0.6822916671875 0.5226851859375 0.68671875 0.5268518515625 0.7145833328125 0.528240740625 0.7171875 0.521759259375 0.7182291671875001 0.4365740734375 0.71015625 0.43240740781250003 0.68671875 0.4296296296875
0 0.68203125 0.553703703125 0.6796875 0.5634259265625 0.6791666671875001 0.6486111109375 0.68515625 0.6537037031249999 0.7114583328124999 0.6560185187500001 0.7140625 0.6495370375 0.7140625 0.5578703703125 0.69921875 0.5509259265625001 0.68203125 0.553703703125
0 0.6356770828125 0.547222221875 0.6322916671875001 0.55694444375 0.6317708328125 0.64305555625 0.6377604171875 0.6490740734375 0.6635416671875001 0.6495370375 0.6651041671875 0.6458333328125 0.6666666671875 0.5550925921875 0.6518229171875001 0.54444444375 0.6356770828125 0.547222221875
0 0.6028645828125 0.5388888890625 0.58359375 0.540740740625 0.5807291671875 0.54398148125 0.5786458328124999 0.6384259265625001 0.58203125 0.6425925921875 0.6098958328124999 0.6449074078125 0.6119791671875 0.64305555625 0.6140625 0.63101851875 0.6161458328125 0.5449074078125 0.6028645828125 0.5388888890625
0 0.5622395828125 0.5370370375 0.5497395828125 0.5314814812499999 0.5330729171875 0.5333333328125 0.5291666671875 0.5375 0.5286458328125 0.5421296296875 0.5270833328125 0.6291666671875 0.5309895828125 0.634259259375 0.5536458328125 0.6356481484375001 0.5598958328125 0.6291666671875 0.5619791671875001 0.571759259375 0.5651041671875 0.54398148125 0.5622395828125 0.5370370375
0 0.47890625 0.527777778125 0.4765625 0.5365740734375 0.47447916718750005 0.5754629625 0.4739583328125 0.6254629625 0.50625 0.6319444437499999 0.5098958328125 0.6125 0.5130208328125 0.5356481484375 0.5075520828125 0.5296296296875 0.47890625 0.527777778125
0 0.48932291718750004 0.6481481484375 0.48802083281249997 0.6995370375000001 0.4838541671875 0.746759259375 0.4877604171875 0.7509259265625 0.521875 0.7523148140625 0.5255208328125 0.6541666671875 0.52265625 0.65 0.50703125 0.646296296875 0.48932291718750004 0.6481481484375
0 0.54609375 0.6546296296875 0.5411458328125 0.7550925921875 0.5770833328125 0.7615740734374999 0.5802083328125 0.7523148140625 0.5817708328125 0.6606481484375 0.5591145828124999 0.652777778125 0.54609375 0.6546296296875
0 0.6169270828125 0.6555555562500001 0.60390625 0.659259259375 0.6015625 0.6634259265625 0.5994791671875 0.7625 0.6364583328125 0.76805555625 0.6385416671875 0.7643518515625 0.6395833328125 0.666203703125 0.6356770828125 0.6611111109375 0.6169270828125 0.6555555562500001
0 0.6927083328125 0.6736111109375 0.6903645828125 0.66944444375 0.6591145828125 0.6675925921875 0.65625 0.68194444375 0.6536458328125 0.766203703125 0.6895833328125 0.7726851859375 0.6916666671875 0.7625 0.690625 0.7013888890625 0.6927083328125 0.691203703125 0.6927083328125 0.6736111109375
0 0.6895833328125 0.7949074078125 0.6877604171875 0.790740740625 0.6513020828125 0.7851851859375001 0.63515625 0.7851851859375001 0.6322916671875001 0.7884259265625 0.6315104171875 0.853703703125 0.684375 0.8606481484374999 0.6869791671875001 0.859722221875 0.6880208328124999 0.8523148140625001 0.6869791671875001 0.8226851859375 0.6895833328125 0.7949074078125
0 0.5888020828125 0.7787037031249999 0.5684895828125 0.7787037031249999 0.5661458328125 0.7819444437499999 0.56484375 0.8481481484375 0.6208333328125 0.8541666671874999 0.6229166671875 0.8504629625 0.6234375 0.7958333328125 0.62109375 0.784259259375 0.5888020828125 0.7787037031249999
0 0.4994791671875 0.7745370375 0.49635416718750003 0.8291666671875 0.49817708281249995 0.8398148140625 0.5541666671875001 0.8476851859375 0.55625 0.8439814812499999 0.5559895828125 0.7796296296875 0.5080729171875 0.771296296875 0.4994791671875 0.7745370375
0 0.50859375 0.865740740625 0.496875 0.8671296296875 0.49375 0.9273148140625 0.4955729171875 0.9351851859375 0.55 0.94305555625 0.5526041671875 0.941203703125 0.5536458328125 0.933796296875 0.5528645828125 0.872222221875 0.50859375 0.865740740625
0 0.56328125 0.9425925921875 0.6197916671875 0.9486111109375001 0.62109375 0.878703703125 0.5846354171875 0.8731481484374999 0.5645833328125 0.8754629625 0.56328125 0.9425925921875
0 0.6877604171875 0.884259259375 0.6513020828125 0.878703703125 0.6317708328125 0.88101851875 0.6309895828125 0.9490740734375 0.6838541671875 0.9541666671875 0.68671875 0.953703703125 0.6880208328124999 0.9486111109375001 0.6864583328125 0.9384259265624999 0.6877604171875 0.884259259375
0 0.1216145828125 0.1518518515625 0.0763020828125 0.1481481484375 0.071875 0.1523148140625 0.0682291671875 0.1671296296875 0.0674479171875 0.2166666671875 0.11875 0.22175925937500002 0.1213541671875 0.21898148125 0.1223958328125 0.2115740734375 0.1234375 0.15972222187500001 0.1216145828125 0.1518518515625
0 0.0861979171875 0.24351851875000002 0.08125 0.25601851875000003 0.078125 0.34861111093749997 0.08151041718749999 0.3518518515625 0.1119791671875 0.3541666671875 0.1145833328125 0.3476851859375 0.11822916718750001 0.24953703749999998 0.11536458281249999 0.2453703703125 0.0861979171875 0.24351851875000002
0 0.03203125 0.2453703703125 0.028125 0.2541666671875 0.0260416671875 0.346759259375 0.0283854171875 0.35 0.05989583281250001 0.3513888890625 0.06302083281250001 0.3300925921875 0.0645833328125 0.24953703749999998 0.05703125 0.24444444375000002 0.03203125 0.2453703703125
0 0.0627604171875 0.146296296875 0.02265625 0.1379629625 0.0153645828125 0.1379629625 0.009375 0.1449074078125 0.0041666671875 0.20231481406250001 0.006510417187500001 0.2101851859375 0.059375 0.21805555625 0.061979167187499996 0.21064814843750002 0.0645833328125 0.1708333328125 0.06510416718749999 0.1513888890625 0.0627604171875 0.146296296875
0 0.05598958281250001 0.3740740734375 0.0200520828125 0.371296296875 0.0138020828125 0.372222221875 0.010416667187500001 0.3773148140625 0.0078125 0.3856481484375 0.0059895828125 0.44351851875000003 0.059375 0.4495370375 0.06302083281250001 0.434722221875 0.065625 0.38935185156249996 0.06380208281250001 0.378703703125 0.05598958281250001 0.3740740734375
0 0.07161458281250001 0.4916666671875 0.06015625 0.497222221875 0.058333332812500006 0.5023148140625 0.0546875 0.6004629625 0.058072917187499996 0.603703703125 0.0921875 0.60601851875 0.0947916671875 0.5995370375 0.0979166671875 0.503240740625 0.08359375 0.4916666671875 0.07161458281250001 0.4916666671875
0 0.0080729171875 0.4916666671875 0.0026041671875 0.5949074078125001 0.0075520828124999995 0.5981481484375 0.0401041671875 0.6004629625 0.0421875 0.5958333328125 0.0453125 0.496759259375 0.0205729171875 0.48981481406249994 0.0080729171875 0.4916666671875