0 0.3512868390625 0.7045874984375 0.35465745000000004 0.6457693609375 0.3539372625 0.637523646875 0.350704240625 0.633250225 0.29354453281250004 0.6410275734375 0.290579815625 0.6701130921875 0.29100135625 0.7060450546875 0.29386665 0.7118381968749999 0.3050902453125 0.71755638125 0.3251471140625 0.7196335140625 0.3512868390625 0.7045874984375
0 0.3502147625 0.8020009578125 0.35415251406250003 0.78733038125 0.3548954109375 0.7401734875 0.354175225 0.7319277734375 0.3508885796875 0.7286775390625 0.2932079078125 0.7354015875 0.29061855312499996 0.7573248046875001 0.29107845 0.8035187390624999 0.30240165625 0.8128331296875 0.3201065609375 0.815812996875 0.3282043796875 0.8152113906249999 0.3502147625 0.8020009578125
0 0.1660335 0.831336284375 0.1915450171875 0.8172833421875 0.19458644687499999 0.8087217703125 0.1956052828125 0.789281234375 0.1944635546875 0.7451035609375001 0.1380393 0.7498414625 0.134890625 0.7604494093749999 0.133710921875 0.7829595 0.13637718125 0.820035096875 0.1403380234375 0.826911653125 0.149370521875 0.8304630156249999 0.1660335 0.831336284375
0 0.2766601890625 0.8037891046875 0.27777844687500003 0.749469909375 0.2770046359375 0.74224738125 0.2731434078125 0.738967034375 0.2149417734375 0.744637784375 0.21248275312499998 0.7860617609375 0.21338689843749997 0.8127850484374999 0.22700844843749998 0.822219890625 0.2470653171875 0.8242970234375001 0.27372600625 0.8103043062499999 0.2766601890625 0.8037891046875
0 0.27901139375 0.6489868921874999 0.2773029046875 0.6376113953125 0.218005721875 0.6421987328125 0.21532438593749997 0.6548831640625 0.2158226390625 0.7113390703125 0.2328917015625 0.7209545890625 0.24955467968749998 0.721827859375 0.2767899546875 0.7078652562500001 0.27901139375 0.6489868921874999
0 0.1970221890625 0.7072757921874999 0.1983549375 0.6488638515625 0.1948154453125 0.6394443875 0.1367210578125 0.643068765625 0.133518759375 0.654699896875 0.1339633890625 0.7121789890625 0.147010353125 0.7215837203125 0.1687373546875 0.7247743765625 0.1947698359375 0.7117747328124999 0.1970221890625 0.7072757921874999
0 0.199947978125 0.552503690625 0.1967302234375 0.5369451125 0.13691207968750002 0.5404791515625 0.133625625 0.5757037875 0.134728996875 0.6096194875000001 0.15289360624999998 0.6203184187499999 0.1724295109375 0.621342253125 0.196791859375 0.6072290859375 0.199947978125 0.552503690625
0 0.25199042031249996 0.6203818828125 0.2780229015625 0.6073822390625 0.281447134375 0.5475409140624999 0.27858947500000003 0.5361051921875 0.21882495156249998 0.5386160453125 0.21651897656250002 0.5441381734374999 0.21523202656249998 0.5686946374999999 0.215546321875 0.6066729703125 0.217890653125 0.6114128156249999 0.23078438124999998 0.6182445249999999 0.25199042031249996 0.6203818828125
0 0.353285584375 0.5400198484375001 0.29901406875 0.5366626015625 0.2954056875 0.539551484375 0.2906177921875 0.6034253265625 0.3162520140625 0.6145157218749999 0.35115612343749997 0.6081369999999999 0.3564649828125 0.5453164562499999 0.353285584375 0.5400198484375001
0 0.34407618906250004 0.396923725 0.3435168703125 0.3856084546875 0.34080481093750004 0.38238833125 0.3156762859375 0.38363639374999997 0.30475152968749997 0.3887068296875 0.3036794515625 0.4861202890625 0.3058629140625 0.4939296921875 0.33119829843750004 0.494231465625 0.34092026249999996 0.4901239890625 0.34407618906250004 0.396923725
0 0.288341778125 0.47095252812500005 0.2871002484375 0.3847037765625 0.255651284375 0.385620596875 0.2492695875 0.39195512187500003 0.248197509375 0.48936858125000005 0.2531466546875 0.49937491874999995 0.2737781078125 0.5014821640625 0.28533107343749997 0.49541865312500005 0.288341778125 0.47095252812500005
0 0.2357558546875 0.495898515625 0.2376706328125 0.39339923906249996 0.234652103125 0.385033075 0.20320313906249998 0.38594989375 0.1957795171875 0.390177821875 0.1941175859375 0.49884632812499996 0.20251424375 0.5090333421875 0.222678359375 0.5090641015624999 0.23344987968750003 0.5014206453125001 0.2357558546875 0.495898515625
0 0.18213506875000002 0.39767071875000004 0.180526190625 0.389891428125 0.1779673671875 0.389244328125 0.1446874 0.39211718125 0.14013670625000002 0.396495671875 0.13915660624999998 0.50314791875 0.14588313125000002 0.512221409375 0.166514584375 0.5143286546875 0.18068762968750002 0.5022464796875 0.18213506875000002 0.39767071875000004
0 0.1832916828125 0.35361349375 0.18425651406250002 0.2582464078125 0.18161334375 0.24271794062500002 0.16354071406249998 0.2412577953125 0.1404424171875 0.24774223750000002 0.139515940625 0.353371296875 0.14216674375 0.363257184375 0.16436108437500002 0.368524325 0.17376894375000002 0.3649133859375 0.1832916828125 0.35361349375
0 0.23658252812499997 0.3481983796875 0.23661267968750002 0.248678321875 0.233180434375 0.23721248749999999 0.194828809375 0.24341053281249997 0.19453054375 0.3480465203125 0.1961394203125 0.355825809375 0.2005216125 0.36015945625 0.22172765156250002 0.3622968125 0.234276553125 0.3537205078125 0.23658252812499997 0.3481983796875
0 0.290049128125 0.2514788078125 0.2885015078125 0.2370337515625 0.2570525421875 0.23795057343749998 0.248372503125 0.244164646875 0.2474996515625 0.348770521875 0.2508322859375 0.3566401484375 0.27015369843750003 0.3617567265625 0.2889770515625 0.3488922671875 0.290049128125 0.2514788078125
0 0.335150746875 0.352851121875 0.34226789687500003 0.3434771515625 0.3427117671875 0.247056765625 0.3416851078125 0.23366500937499998 0.3389194265625 0.2314680734375 0.3067350078125 0.23542433906250002 0.30040693281249997 0.24073567968749998 0.3002695359375 0.34230210625 0.3010433453125 0.349524634375 0.304536846875 0.3543247046875 0.322188128125 0.35832775781250004 0.335150746875 0.352851121875
0 0.2844103296875 0.2106564390625 0.2903246859375 0.202245428125 0.290462084375 0.100679 0.28817900937499996 0.089273390625 0.2526007015625 0.09202579375 0.24799638281249997 0.0974274703125 0.2480045875 0.2072095 0.250923503125 0.2119794578125 0.2593277953125 0.21652389218749998 0.2748952234375 0.21631375 0.2844103296875 0.2106564390625
0 0.23711761562499997 0.10711730156249999 0.23603733437500002 0.09474873125 0.23384623906250002 0.0925819078125 0.20124810312500002 0.0934385015625 0.1956018609375 0.0967335828125 0.19446089375 0.2064553875 0.1983681125 0.21435512812500002 0.216593978125 0.21838829375 0.2347354984375 0.2075400921875 0.23711761562499997 0.10711730156249999
0 0.18411835625 0.2059133578125 0.183213828125 0.10224033125000001 0.180141675 0.094897353125 0.1480645015625 0.096807246875 0.1405872578125 0.102058359375 0.14075633125 0.20877083125 0.145705475 0.21877717031250002 0.163931340625 0.2228103359375 0.1781503765625 0.21534755312499998 0.18411835625 0.2059133578125
0 0.3369273640625 0.1980187953125 0.34091110625 0.1879676125 0.3490625484375 0.18634281875 0.352464071875 0.1819041015625 0.35401093281249996 0.042449678125 0.352141575 0.034143740625 0.30851906875 0.0364745640625 0.306320340625 0.039950320312499996 0.30288885312499997 0.1823839625 0.30449773125 0.190163253125 0.3131165125 0.19061494375000002 0.3164415140625 0.2041271515625 0.3369273640625 0.1980187953125
0 0.380235196875 0.0807599 0.38434927343749997 0.090209475 0.3834376828125 0.10760363749999999 0.38077161406250004 0.10900290937499998 0.37874138749999997 0.10376652812500001 0.375447109375 0.10615887187499999 0.3798293015625 0.11049251874999999 0.376826228125 0.129316065625 0.3858051046875 0.1338906140625 0.3900416953125 0.130008659375 0.39855323125000003 0.132506721875 0.4044599546875 0.129738290625 0.40717201249999996 0.1329584125 0.40942436562499995 0.1284594703125 0.4133693703125 0.0311965765625 0.41322376875 0.022980975 0.410511709375 0.019760853125 0.379690953125 0.0196845984375 0.37278829375 0.024965826562499998 0.372167909375 0.058791189062500006 0.37418287031249997 0.07531272812499999 0.37600623906249997 0.07899927500000001 0.3798291109375 0.0720176484375 0.380235196875 0.0807599
0 0.47419871562499993 0.0138645796875 0.4514757796875 0.0131867203125 0.43595433906250003 0.01801625625 0.43367164375 0.08356038593750001 0.434552890625 0.127211409375 0.47305775 0.123586384375 0.476014453125 0.02319370625 0.47419871562499993 0.0138645796875
0 0.4343385890625 0.1697790234375 0.4313736828125 0.1603896734375 0.404628646875 0.1595010234375 0.39490668281249997 0.1636085 0.3910536578125 0.27011018125 0.39537459375 0.2811095921875 0.4230619421875 0.2805086328125 0.42944363750000003 0.2741741078125 0.4343385890625 0.1697790234375
0 0.4308534796875 0.313235853125 0.4293594828125 0.2977676109375 0.3944630046875 0.2985037546875 0.39100785781249997 0.30396565937500003 0.38772941875 0.41049745312499997 0.39054108906249996 0.41731378281250003 0.42339970625 0.4169838375 0.4280040234375 0.411582159375 0.4308534796875 0.313235853125
0 0.42647242968750004 0.5397514234375 0.4270388109375 0.42999950781249996 0.396792640625 0.42995336875 0.3899972265625 0.43318822187499995 0.386534828125 0.5212424421875 0.3867187859375 0.5397200171875001 0.388955871875 0.5465062328125 0.41899518437500005 0.5450025375 0.42647242968750004 0.5397514234375
0 0.42664112187500003 0.56951415625 0.42408993125 0.5632244765625 0.3926945890625 0.5631181109375001 0.38568468437500003 0.570445709375 0.383195321875 0.6729148734375 0.3854324078125 0.679701090625 0.41949381875 0.6784081828125 0.4235235484375 0.67297639375 0.42664112187500003 0.56951415625
0 0.42248944843749997 0.7037020859374999 0.41889633281250005 0.695305809375 0.3896384640625 0.6983894515625 0.3833640140625 0.7026776046875 0.3819318421875 0.7959682078125 0.3854637015625 0.81103025 0.41498205156249995 0.8084732562499999 0.42010733125 0.8041248765625 0.42248944843749997 0.7037020859374999
0 0.49307930312500003 0.73099945625 0.4911332328125 0.7021695734375 0.4549803375 0.7048918625 0.4520997765625 0.7103838796875 0.4509740765625 0.8088205234375 0.4532111625 0.8156067406249999 0.4879544046875 0.812297575 0.49078134218749997 0.8078287453125 0.49307930312500003 0.73099945625
0 0.509795525 0.6538998015625 0.508492928125 0.6127916859375 0.4513868421875 0.619545846875 0.4493184484375 0.6425223625 0.45004645937500004 0.683600365625 0.4518698296875 0.6872869109375 0.46111682031249995 0.6867455312499999 0.5070452999999999 0.6788925781249999 0.509795525 0.6538998015625
0 0.5479635703125 0.7061739203124999 0.5466687968749999 0.6978980953125 0.5433285296875 0.6956710453125 0.5111977343749999 0.698604125 0.5067006640625 0.7019594312499999 0.504594103125 0.75314884375 0.5058738 0.8111846984375 0.5399888328125 0.8088686062500001 0.5456886984375 0.8045503406250001 0.5479635703125 0.7061739203124999
0 0.603499134375 0.7019024421875 0.6005878515624999 0.69148990625 0.5662123375 0.6932793484374999 0.5617152640625 0.6966346531250001 0.5593327671874999 0.7201077078125 0.558643684375 0.804716284375 0.5927050953124999 0.803423378125 0.6001823374999999 0.798172265625 0.603499134375 0.7019024421875
0 0.654515109375 0.7948637484375001 0.6580463984375 0.6945011812499999 0.6565371328125 0.6903181 0.6269191703125 0.689278884375 0.6205451078124999 0.6899708312499999 0.6177181703125 0.6944396609375 0.613198578125 0.79167244375 0.6152747953125 0.8015282171875 0.6481870359374999 0.8001750859375001 0.654515109375 0.7948637484375001
0 0.6648490640625 0.6086740078124999 0.6641288765625 0.6004282953125 0.6614168171875 0.597208171875 0.608386453125 0.6031499375 0.6056362281250001 0.6281427125 0.60573603125 0.670213790625 0.60876219375 0.672937375 0.6621602859375 0.6654758875 0.663891675 0.6599236453125 0.6648490640625 0.6086740078124999
0 0.5297602234375 0.608263278125 0.5268260406249999 0.6147784781250001 0.5258533859375001 0.6773132765625001 0.5833731875 0.6736587859375 0.5865293046875 0.618933390625 0.5838325125 0.6044281109375 0.5297602234375 0.608263278125
0 0.5435266140625 0.47201424375 0.5081551640625 0.47631648281250005 0.5066157453125 0.57165345625 0.5088528328125 0.5784396734375 0.5400949390625 0.5759730171874999 0.542868253125 0.5725273734375 0.5460778046875 0.4783039234375 0.5435266140625 0.47201424375
0 0.49169923281249994 0.5154679171875001 0.48955393750000004 0.47944561874999997 0.45360790156249997 0.48371774375000004 0.45265833593749993 0.567799671875 0.45316403281250006 0.5801381296875 0.4555083640625 0.5848779734375 0.48727143125000005 0.5834646171875 0.48952378437500005 0.578965675 0.49169923281249994 0.5154679171875001
0 0.603444371875 0.4720764125 0.6014677671875 0.46581684375 0.589140990625 0.464657828125 0.5643189375000001 0.4710519296875 0.5620284171875001 0.5037637703125 0.562143678125 0.5730245578125001 0.5712298 0.5755527328125 0.6012231234375001 0.5694296453125001 0.603444371875 0.4720764125
0 0.6565896140625 0.45844569531249996 0.6268107828125 0.46047603906249995 0.6216855046875 0.46482441874999997 0.6194566218750001 0.56782023125 0.6562377234375 0.56410486875 0.6598993484375 0.48324306093749997 0.6598762578125 0.46169592968749995 0.6565896140625 0.45844569531249996
0 0.7144082546875 0.4655798265625 0.7119106875 0.4582669609375 0.6810899312500001 0.458190709375 0.6759646515625 0.4625390859375 0.673383309375 0.5557694640624999 0.6754595265625001 0.5656252390625001 0.701476740625 0.5639107546875 0.71062411875 0.5597731640625 0.7144082546875 0.4655798265625
0 0.718360703125 0.3241994828125 0.7158631359375 0.3168866171875 0.6867125140625 0.3179238875 0.6798098546875 0.323205115625 0.6754511328125 0.41736833906250004 0.6774737265625 0.4282472984375 0.696274178125 0.43231057812499996 0.7130520359375 0.425494896875 0.718360703125 0.3241994828125
0 0.664135178125 0.32546162968750003 0.6626259140624999 0.321278546875 0.6341571203124999 0.320299559375 0.627200840625 0.3266039703125 0.6227884953125 0.42179038125 0.625960259375 0.43272956718750005 0.643611540625 0.4367326203125 0.660603890625 0.42582419531250004 0.664135178125 0.32546162968750003
0 0.6069678359374999 0.33888155468750003 0.6053665921875 0.32545968593749997 0.6031754968749999 0.3232928625 0.572301115625 0.32423979687500004 0.568325009375 0.3286484 0.5651538140625 0.4331338234375 0.5681263546875 0.43688059375000005 0.5892787703125 0.4400411390625 0.604279246875 0.4341583046875 0.6069678359374999 0.33888155468750003
0 0.5443538578125 0.439738715625 0.5479162484375 0.432230440625 0.5460774234375 0.401354184375 0.547103703125 0.3377962 0.5405840375000001 0.3302725453125 0.5155091359374999 0.3304974203125 0.5109048171875 0.335899096875 0.5075880203125 0.4321689203125 0.5078944921875 0.4373149625 0.5119625796875 0.4421451453125 0.53024206875 0.445155125 0.5443538578125 0.439738715625
0 0.49097828593750004 0.353322725 0.48808226875000005 0.33162502968749996 0.452082609375 0.3369203421875 0.449761559375 0.3922024984375 0.4498077375 0.4352967625 0.45188395468750003 0.44515253593750004 0.48359340156249997 0.44476236562500004 0.489975096875 0.438427840625 0.49097828593750004 0.353322725
0 0.5106288796875 0.3081827375 0.5122908109375001 0.1995142328125 0.474575028125 0.1990766265625 0.470024334375 0.20345511875 0.47188625 0.25587850625 0.47034664218750005 0.3127406109375 0.4897753015625 0.3158108171875 0.5072273578125001 0.3126214546875 0.5106288796875 0.3081827375
0 0.533711340625 0.1975588453125 0.5333518171875 0.3088605984375 0.547609209375 0.3116597890625 0.573059471875 0.30427261250000004 0.5766443828125001 0.2028868609375 0.5737330984375 0.192474325 0.533711340625 0.1975588453125
0 0.6416950531250001 0.1929580703125 0.6396112015625001 0.1887448765625 0.598493896875 0.1927459859375 0.5950545859374999 0.3023473390625 0.5973989171875 0.307087184375 0.6115490625 0.311932746875 0.632555878125 0.30687769062500003 0.63716019375 0.3014760109375 0.6416950531250001 0.1929580703125
0 0.695507240625 0.26554599218749997 0.7001955234375 0.19807594374999998 0.6984870328125 0.18670044531250002 0.6584652765625 0.19178496875 0.6564585187499999 0.2850454578125 0.658787584375 0.3010704609375 0.69336995625 0.300830853125 0.69619689375 0.296362025 0.6972157296875 0.27692149062500004 0.695507240625 0.26554599218749997
0 0.6985097437500001 0.1312978375 0.7013748468750001 0.0986161109375 0.700654659375 0.0903703984375 0.6978353546875 0.0891966484375 0.6391127578125 0.0938141 0.6361942218750001 0.16599388125 0.6391667625 0.169740653125 0.6569789109374999 0.1706741484375 0.69752163125 0.166642925 0.6997739828125 0.16214398125 0.6985097437500001 0.1312978375
0 0.62944441875 0.096898390625 0.6273605671875 0.0926851953125 0.5652440828125 0.0960987828125 0.5628465078125 0.1693318640625 0.5652444609375 0.1730485234375 0.5876532953125 0.1742229203125 0.62359933125 0.16995079531249999 0.6268552515625 0.1572964765625 0.62944441875 0.096898390625
0 0.55343826875 0.095993065625 0.4912145359375 0.101453025 0.4885868234375 0.11311427031250001 0.48887058593750005 0.17366292187500001 0.49816356562499997 0.1777409328125 0.5515080343750001 0.1713026296875 0.5555221171875 0.1002062609375 0.55343826875 0.095993065625
0 0.492691684375 0 0.49139792499999996 0.004505990624999999 0.4913599484375 0.07119375624999999 0.5042076859375 0.0734060734375 0.5534228125 0.0688033546875 0.5577507374999999 0.002340415625 0.513092959375 0 0.492691684375 0
0 0.5885261468749999 0.0696170453125 0.6290688671875 0.0655858234375 0.6310754875 0.0061832015625 0.56861795625 0.0029099421875 0.5665386640625 0.06589974062500001 0.5885261468749999 0.0696170453125
0 0.662394825 0.06733236249999999 0.7029375453125 0.0633011390625 0.704449078125 0.0100285484375 0.6433071906250001 0.006824239062499999 0.6409819265625 0.06364516875000001 0.662394825 0.06733236249999999
0 0 0.8409633796874999 0.0359474265625 0.8399087062499999 0.038414271875 0.8313170203125001 0.0402679828125 0.773958378125 0.03954779375 0.765712665625 0.0368357375 0.76249254375 0 0.7642157375 0 0.8409633796874999
0 0 0.73006115625 0.002184284375 0.736565625 0.034468315625 0.7362055671875 0.037869837499999996 0.73176685 0.03953176875 0.6230983453125 0.0370342015625 0.6157854796875 0.0032868953125000005 0.6165818484375001 0 0.6194187015625 0 0.73006115625
0 0.0013287078125000002 0.461553790625 0.0136822953125 0.46220121406250003 0.030153681249999998 0.4502394890625 0.03228295 0.34364746875 0.029785384375 0.33633460312499996 0.0078733625 0.3366743296875 0.0013287078125000002 0.461553790625