0 0.1609375 0.56875 0.02890625 0.02578125
1 0.158753978125 0.5128451203125 0.1596104921875 0.543690578125 0.163036540625 0.544452190625 0.16332206093749999 0.509798659375 0.17417122499999999 0.47895319843750006 0.1801668125 0.4458228875 0.181308821875 0.4126925734375 0.1773117578125 0.411169340625 0.1767407640625 0.4465845 0.1698886421875 0.47857238593750007 0.1621800296875 0.5059905734375 0.1536149046875 0.47895319843750006 0.1467628046875 0.4416339890625 0.1408921625 0.4085298359375 0.1376266859375 0.4130733859375 0.1439077703125 0.46143601875 0.1564699609375 0.5006592624999999 0.158753978125 0.5128451203125
0 0.316846403125 0.5513013484375 0.2917455453125 0.546956159375 0.285899615625 0.5719399187499999 0.3131114203125 0.57656579375 0.316846403125 0.5513013484375
0 0.4919768578125 0.5372824796875 0.47553140625 0.53713716875 0.477837353125 0.5739336921875 0.49437790000000004 0.571798671875 0.4919768578125 0.5372824796875
1 0.3036701921875 0.42832938593750003 0.303403415625 0.4066233171875 0.30126914843749997 0.40697916406249995 0.30020202500000004 0.427261875 0.302336271875 0.49842929687500004 0.30260306875 0.5236937265625 0.305804459375 0.5236937265625 0.30900585 0.50661354375 0.3178096765625 0.48312829375 0.32741384687499997 0.45217046562499996 0.323678865625 0.44932377343749996 0.3228034359375 0.4521815671875 0.308472278125 0.4998526359375 0.3076719296875 0.49487091875000006 0.306071234375 0.4653364421875 0.3036701921875 0.42832938593750003
1 0.46454704687500004 0.46857730468750003 0.4771805953125 0.489712153125 0.48146316406249995 0.49713791875 0.4816772875 0.5165591296875001 0.485103346875 0.5168447296875 0.484889225 0.4919970078125 0.48703050000000003 0.4528689640625 0.48703050000000003 0.41488335468750004 0.482747934375 0.41316971562499993 0.481249040625 0.43773184374999996 0.4821055484375 0.46200836718750005 0.481249040625 0.4851424609375 0.4756817046875 0.4757174609375 0.45897971093749995 0.44430078125000005 0.44720900781250006 0.407822815625 0.445275515625 0.40831441718750006 0.4446331328125 0.41802502031250005 0.4476309234375 0.4280212375 0.46454704687500004 0.46857730468750003
0 0.622145325 0.520272003125 0.5967772640625 0.519527859375 0.5953793203125 0.5445485359375 0.6223594625 0.5445485359375 0.622145325 0.520272003125
1 0.6082270078125 0.455725028125 0.6114389296875 0.48257200781250004 0.6107965453124999 0.4985659453125 0.615507375 0.49913715312500007 0.6157214796875 0.48599928124999997 0.62086055625 0.470290940625 0.6298539375 0.442015934375 0.6367060578125 0.411741690625 0.64163099375 0.39289168750000003 0.6371343046875 0.39003562187499996 0.63520715 0.395176534375 0.6281409234375 0.4234515359375 0.6193616796875 0.458009875 0.613794328125 0.47343260468750004 0.60801286875 0.4280212375 0.6078278390625 0.399941784375 0.6039444546875 0.39717578124999997 0.6045868390625 0.425450784375 0.6082270078125 0.455725028125
0 0.7539133875 0.5346678796875 0.7260432984375 0.5356325749999999 0.725220215625 0.5606580515624999 0.75476989375 0.5606580515624999 0.7539133875 0.5346678796875
1 0.7286462578124999 0.45469817656249994 0.7354983640625 0.49182697343750004 0.7357124859375 0.5032512109375 0.7425645921874999 0.5026800031249999 0.7432069765625 0.49239818281250003 0.7500590828125 0.48097393437499997 0.7549840328124999 0.4564118125 0.7581959546875 0.43042165312499997 0.759694846875 0.402146653125 0.7558405406250001 0.3970057453125 0.75305688125 0.437847425 0.7457765140625 0.47469060625 0.739138546875 0.48868530000000004 0.7333570875000001 0.4581254484375 0.7258625984375 0.42528074687500006 0.727071259375 0.4054242421875 0.7241495687499999 0.4061451359375 0.7220082921875 0.428422421875 0.7286462578124999 0.45469817656249994
0 0.9068008671875001 0.5635141046875 0.8797233984374999 0.5633875078125 0.88003483125 0.5877906171875 0.9068008671875001 0.5886474374999999 0.9068008671875001 0.5635141046875
1 0.8813196 0.45755423906250003 0.88795758125 0.4852580265625 0.8935249015625001 0.5095345499999999 0.8948096718749999 0.522958034375 0.8954520562500001 0.538951971875 0.8984498703125 0.5395231921875 0.8995205000000001 0.528670153125 0.90166179375 0.5178171218750001 0.9023041781250001 0.501823184375 0.90444546875 0.488114090625 0.9089421578125 0.46755044999999995 0.909156265625 0.45298453906249997 0.9106551734374999 0.4244239296875 0.9072291140625 0.42413833125 0.90701500625 0.44812923906249996 0.9003770234375 0.4921125734375 0.8978074859375 0.5121050046875 0.8911695046875 0.483544390625 0.8808913531250001 0.4364193796875 0.873812625 0.4030256671875 0.8714697265625 0.4024322578125 0.8725403578125001 0.415855746875 0.8813196 0.45755423906250003