0 0.1515625 0.43359375 0.034375 0.03125
1 0.1858183 0.604616284375 0.1819909109375 0.56802523125 0.172797765625 0.5318093921875 0.15841575624999998 0.49849837499999994 0.155417315625 0.4601547234375 0.1516886921875 0.4612627734375 0.153129775 0.49547870781250003 0.151548134375 0.5091465187499999 0.14069688125 0.5535426109375 0.13749709999999998 0.6075715640625 0.14145891875 0.6123493921875001 0.14538622031249998 0.5752451828125 0.150072228125 0.5333985171875 0.157448025 0.50280268125 0.16809274375 0.53256206875 0.17814436250000001 0.5674468859374999 0.1815173671875 0.6066116859374999 0.1858183 0.604616284375
0 0.29751455312499997 0.44743255781249996 0.324927796875 0.440681453125 0.318842765625 0.41299933906249997 0.289117546875 0.4202243859375 0.29751455312499997 0.44743255781249996
0 0.5014546765625 0.4440956625 0.51962429375 0.44266345625000003 0.5196065484375 0.40426416718749997 0.5011552625 0.4031791171875 0.5014546765625 0.4440956625
1 0.312979703125 0.5003390421875 0.31612985 0.5792951296875 0.3188798203125 0.6016680937500001 0.32126685781250003 0.6018970671874999 0.319881353125 0.5778451546875 0.31967076875 0.5366881718750001 0.319153890625 0.503866128125 0.3196530234375 0.49828888437499996 0.3391870640625 0.5499587406249999 0.3403761171875 0.5530549953125 0.3442848515625 0.5496146203125 0.33127051406249997 0.5160829515625001 0.3197194875 0.4907624765625 0.3148579625 0.47210009687500004 0.31131874375 0.472347584375 0.312979703125 0.5003390421875
1 0.5236318125 0.5785567390625 0.520691059375 0.5365019921874999 0.5152946265625 0.49334796406250003 0.5136076953125001 0.4658219234375 0.5098422078125 0.466402971875 0.51110903125 0.487921196875 0.506949428125 0.4964735 0.49461892656249995 0.5208490265625 0.47905747343750005 0.567057303125 0.476517221875 0.578356090625 0.47797916406249996 0.5890572656249999 0.4801547484375 0.589452059375 0.490343525 0.5481565140625 0.5063758015625 0.512083221875 0.511800971875 0.5012181984375 0.51453885 0.526764275 0.5154713875 0.5537075890625001 0.51902999375 0.5807850140624999 0.5236318125 0.5785567390625
0 0.6368583375 0.45421831875 0.664845765625 0.451433359375 0.6632030703125 0.42453969531249997 0.6333758359375 0.42662541875000004 0.6368583375 0.45421831875
1 0.689345184375 0.570464146875 0.67942623125 0.5374765406249999 0.6672948359374999 0.50686786875 0.6603973546875 0.4898740828125 0.6591435531250001 0.4753453921875 0.65397983125 0.4763419640625 0.6559282171875 0.4939995640625 0.6544557828124999 0.523970775 0.6527752437500001 0.557769496875 0.6542540531250001 0.589123065625 0.6583330968750001 0.5857605515625 0.6563638078125 0.5546588359375 0.6592397203125 0.5039359218749999 0.666588559375 0.52058039375 0.6789696625 0.558162040625 0.6889705375 0.5889196890624999 0.691499053125 0.5944623296875 0.6962491484375 0.59095269375 0.689345184375 0.570464146875
0 0.7785184515625 0.42639539062500004 0.8094042296874999 0.42530890625 0.8083390234375001 0.39646837343749997 0.7756710984375 0.3987527375 0.7785184515625 0.42639539062500004
1 0.822209209375 0.54039124375 0.8166462515624999 0.5118652390625 0.8093000531250001 0.4850526734375 0.8008404375 0.472934334375 0.7993342703125 0.46160075312500004 0.791714871875 0.46149806406250005 0.7923625890625 0.47416265312499994 0.7876618343749999 0.5157985093749999 0.7823576 0.545402159375 0.7864494890625 0.569900325 0.7897353015624999 0.570472578125 0.786861853125 0.5485824203125 0.792604446875 0.511639925 0.7966301265625 0.47735946562500003 0.805052003125 0.49234015937500003 0.815952946875 0.5325672828125 0.8221922171875 0.57756885625 0.8260552546875 0.5715792765625001 0.822209209375 0.54039124375
0 0.9462670046874999 0.38378688906249997 0.9761920359375 0.38155348437500003 0.9742462734374999 0.353727790625 0.944722071875 0.3567455671875 0.9462670046874999 0.38378688906249997
1 0.9873529218750001 0.503741234375 0.9859885625 0.487631528125 0.9794253703125 0.4652126671875 0.97599679375 0.450200546875 0.974048409375 0.43254295000000004 0.9708409390625 0.4206928421875 0.9688171156250001 0.4087599578125 0.965547178125 0.40962411875000004 0.9660752171875 0.4273810375 0.965694084375 0.44234180624999997 0.9614187 0.46964929218749996 0.9562250015625 0.5008339515625 0.9497475218749999 0.5476780031249999 0.9496031265625 0.5626222234375 0.9521473203124999 0.5617841265625 0.9573877749999999 0.5242659484375001 0.965102228125 0.47129819843750004 0.9702295921875 0.43916492656250006 0.9746180484375 0.4611003703125 0.9853615906250001 0.50928218125 0.987455609375 0.53582651875 0.9912210953124999 0.5352454703125 0.9873529218750001 0.503741234375