0 0.1703125 0.65625 0.0359375 0.0328125
1 0.10910835781249999 0.5017685171874999 0.1270594984375 0.5499861234375001 0.149315940625 0.587314609375 0.1545620046875 0.59929701875 0.1627648125 0.63079945625 0.16647691250000002 0.6307670437499999 0.15854754375 0.595078496875 0.16241022968750002 0.5607905171875001 0.160727925 0.52530890625 0.15404285 0.49098226875 0.14956144375 0.49036768750000004 0.157377303125 0.5269070499999999 0.157905634375 0.5614181828125 0.1564667078125 0.591435903125 0.1412220359375 0.565682196875 0.1253030546875 0.528952084375 0.1113959765625 0.496321103125 0.10910835781249999 0.5017685171874999
0 0.2996397625 0.6297847890625 0.32878579218750004 0.6280643078125 0.32664005 0.6012060171875 0.29973646875000004 0.6027126859374999 0.2996397625 0.6297847890625
0 0.49795054062500005 0.5861597875 0.51449285625 0.5800291171875 0.5038269359374999 0.5451210484375 0.486841490625 0.5488851218749999 0.49795054062500005 0.5861597875
1 0.295133253125 0.515406209375 0.283876221875 0.47793776250000003 0.2784501578125 0.4556894296875 0.27633473125 0.4565630875 0.28004811875 0.47766576250000004 0.2991367796875 0.5503113703125 0.3054073046875 0.5762173640625 0.3087071015625 0.5754555453125 0.307953584375 0.557136890625 0.3114547171875 0.5309012390625 0.3140074765625 0.4967940203125 0.30948213281250003 0.4947566796875 0.30925798125 0.4979025484375 0.305799171875 0.5503142765625 0.30379200625 0.5453839921875 0.295133253125 0.515406209375
1 0.42696078281250005 0.422701740625 0.42508452031250005 0.42366716406249993 0.426726825 0.4338016234375 0.43218897656250005 0.44336343593749994 0.459249478125 0.48102585624999994 0.47728689687500003 0.49974417187500003 0.48346332187499996 0.5063580671875 0.4882928921875 0.5262703109375 0.49189204062499997 0.525748596875 0.4857746984375 0.500258409375 0.478696278125 0.4595288734375 0.469681875 0.42048320468749995 0.46486100312499995 0.41974084375 0.46914490000000003 0.44534510781250003 0.475788821875 0.47009529531250005 0.4803959625 0.4940788078125 0.47242083749999997 0.48571561562500004 0.44774992343750003 0.45739667968750003 0.42696078281250005 0.422701740625
0 0.612132159375 0.5279837374999999 0.6399416328124999 0.521563415625 0.6339598234375 0.49666035624999993 0.6076353906249999 0.50193215 0.612132159375 0.5279837374999999
1 0.597500834375 0.4051981859375 0.5906465546875 0.376379153125 0.585987396875 0.37446006875000004 0.5933594984375 0.40337127187500005 0.604295971875 0.433624146875 0.6139777046875 0.46045601718749996 0.6171111125000001 0.47704915937500003 0.6221023015625 0.476515296875 0.619205225 0.46295983906249993 0.6207745078125 0.44559020781249997 0.6233343625 0.414386028125 0.623212696875 0.38163635937499996 0.62381570625 0.36108835 0.6185030171875 0.35922263593750003 0.6177366203125 0.3649656078125 0.6171631578125 0.3957111921875 0.6163151265625 0.433323096875 0.614236625 0.4505010578125 0.597500834375 0.4051981859375
0 0.74978714375 0.5136452625000001 0.7802451390625 0.5066134812499999 0.7731945484375 0.4801018234375 0.7446967078125 0.4877255375 0.74978714375 0.5136452625000001
1 0.71832275 0.3743371359375 0.714856396875 0.35363887968749996 0.712015971875 0.3550751484375 0.715095521875 0.3784836734375 0.7281730546875 0.40391310156250004 0.74404685625 0.4404474875 0.7469786578125001 0.4521395859375 0.753905834375 0.4499218765625 0.752127975 0.439200259375 0.7564796046875 0.4258266359375 0.7557270796875 0.399407096875 0.75286998125 0.371927309375 0.7477049796874999 0.3425065578125 0.7425122015625 0.338139371875 0.7493351578125 0.380783228125 0.7505742921875 0.420387059375 0.7470533796875001 0.4363519046875 0.7338420171875 0.40631500468750004 0.71832275 0.3743371359375
0 0.9157994 0.5046945921875 0.9435915171874999 0.49920595 0.9376270999999999 0.4733712234375 0.9096872656249999 0.479684578125 0.9157994 0.5046945921875
1 0.9104657234375001 0.3547153703125 0.914061428125 0.401505746875 0.9161573296875 0.42266756406250006 0.902537559375 0.39488951875 0.8807601890625 0.348895234375 0.8655391734375 0.31625409375 0.8629834359374999 0.3162016515625 0.8672725187499999 0.3297449765625 0.8862171328124999 0.37051799375 0.899633571875 0.39741529999999997 0.9111331093749999 0.4210444796875 0.9156429125000001 0.43453684218750005 0.9201005796875 0.45082425625000005 0.9233261 0.45069804375 0.9218540921875 0.4392873578125 0.9214856609375 0.4276219 0.9183522546875 0.4110287578125 0.9173060484375 0.396427534375 0.91706098125 0.3742199734375 0.9138250187500001 0.359196621875 0.908592253125 0.32948228749999997 0.9049931046875 0.330004 0.9104657234375001 0.3547153703125