0 0.45499999999999996 0.5820000000000001 0.45499999999999996 0.514 0.44400000000000006 0.506 0.438 0.514 0.438 0.5860000000000001 0.45499999999999996 0.5820000000000001
0 0.25 0.632 0.25 0.5660000000000001 0.24 0.55 0.24100000000000002 0.61 0.244 0.628 0.25 0.632
1 0.043 0.472 0.039 0.46799999999999997 0.036 0.5700000000000001 0.04 0.604 0.043 0.472
1 0.054000000000000006 0.5980000000000001 0.057999999999999996 0.5559999999999999 0.071 0.496 0.071 0.48600000000000004 0.064 0.48200000000000004 0.046 0.606 0.052000000000000005 0.606 0.054000000000000006 0.5980000000000001
1 0.23900000000000002 0.536 0.24300000000000002 0.536 0.24900000000000003 0.518 0.26 0.462 0.27799999999999997 0.426 0.275 0.418 0.259 0.45 0.24500000000000002 0.504 0.242 0.504 0.24300000000000002 0.442 0.24700000000000003 0.41200000000000003 0.258 0.39 0.254 0.388 0.24100000000000002 0.41600000000000004 0.23700000000000002 0.44400000000000006 0.23900000000000002 0.536
1 0.361 0.384 0.363 0.33999999999999997 0.36 0.33399999999999996 0.352 0.388 0.355 0.396 0.361 0.384
1 0.43499999999999994 0.462 0.44400000000000006 0.51 0.449 0.496 0.449 0.45599999999999996 0.45899999999999996 0.35 0.453 0.33999999999999997 0.445 0.44400000000000006 0.442 0.458 0.43499999999999994 0.462
1 0.5660000000000001 0.378 0.5589999999999999 0.372 0.585 0.484 0.585 0.506 0.593 0.508 0.597 0.528 0.603 0.52 0.606 0.46399999999999997 0.608 0.36 0.603 0.36 0.597 0.506 0.5900000000000001 0.492 0.5660000000000001 0.378
1 0.708 0.4 0.713 0.45599999999999996 0.714 0.422 0.708 0.4
1 0.747 0.418 0.744 0.404 0.731 0.53 0.734 0.528 0.747 0.418
1 0.906 0.592 0.9039999999999999 0.512 0.9029999999999999 0.648 0.909 0.642 0.9099999999999999 0.618 0.9359999999999999 0.55 0.945 0.502 0.945 0.48200000000000004 0.933 0.542 0.9119999999999999 0.596 0.906 0.592
0 0.45364489375000006 0.51335170625 0.4387864578125 0.5149201406249999 0.4369805859375 0.5844781125 0.455866828125 0.5800327359375 0.45364489375000006 0.51335170625
0 0.91382148125 0.6491426234375 0.8961197921874999 0.6455868078125 0.8932688093750001 0.708044228125 0.9121550515625 0.7147123296875 0.91382148125 0.6491426234375
0 0.6088647046875 0.5413416515625 0.589453125 0.5429201406249999 0.5916448937500001 0.6113567343749999 0.6116420625 0.60691131875 0.6088647046875 0.5413416515625