0 0.43766735937499995 0.3919831625 0.42696173593750003 0.468157628125 0.43210655937500003 0.4775116921875 0.44490902656250003 0.47067995625 0.45501989218750005 0.39873740468749996 0.43766735937499995 0.3919831625
0 0.2391020671875 0.3187638546875 0.233258490625 0.33736235468750003 0.2232814171875 0.40069270625 0.23621767187499998 0.3852487671875 0.24603115937500003 0.3154221734375 0.2391020671875 0.3187638546875
1 0.0353481390625 0.44332844375 0.0368350296875 0.4327486578125 0.0320319859375 0.367341096875 0.034054040625 0.322312503125 0.0331321078125 0.313551928125 0.026797771874999998 0.3126616953125 0.027363321875000002 0.44652175312500003 0.0353481390625 0.44332844375
1 0.2449614234375 0.53752020625 0.23131122343750002 0.49676227500000003 0.22802486718749998 0.43588337343749994 0.2243669359375 0.4159495234375 0.2201440453125 0.41535603437499996 0.20435319062500001 0.51239333125 0.20441278437500002 0.5426102234375 0.213973884375 0.574162465625 0.21849415312499998 0.572639996875 0.210152365625 0.547732371875 0.21039015 0.515399521875 0.2185531578125 0.44965646875000004 0.2217203265625 0.45010158593750005 0.2284712296875 0.509309646875 0.2406047421875 0.5455389203125 0.2449614234375 0.53752020625
1 0.321791409375 0.5806842265625 0.317434728125 0.5887029390625 0.31785129218749997 0.647020765625 0.32191059843750003 0.6411180109375 0.3263414765625 0.594270203125 0.321791409375 0.5806842265625
1 0.4169256578125 0.65447150625 0.4247468875 0.6447819515625001 0.42995071406249996 0.5311524875 0.4358982828125 0.488833340625 0.43270131718749993 0.47327977656250003 0.416062728125 0.52272740625 0.4228580328125 0.5279979265625 0.42394355156249997 0.54325474375 0.4169256578125 0.65447150625
1 0.5335903375 0.6363436375 0.5418725328125 0.631034371875 0.584160453125 0.51398573125 0.5936321609374999 0.500212634375 0.578257875 0.655567759375 0.5835364890625 0.6563096203125001 0.5968887203125 0.545983090625 0.6020481484375 0.48629116562499997 0.5969033234375 0.47693710312500004 0.5897066484375 0.4975031875 0.5809634875 0.49843216874999996 0.577692325 0.5217077 0.5335903375 0.6363436375
1 0.7086615562499999 0.5703227421875 0.6950563468750001 0.6288276890625 0.7046618453125 0.606442390625 0.7086615562499999 0.5703227421875
1 0.7336571265625 0.6299371734375 0.7389059437500001 0.6155705874999999 0.741537359375 0.49726409218749995 0.7386675703125001 0.49470301718750004 0.7336571265625 0.6299371734375
1 0.9395669 0.45173178593749996 0.9537078625 0.5119784515625 0.9574551859374999 0.577237640625 0.9604289703125 0.5560780671875001 0.958064546875 0.503959740625 0.9407266171875 0.4281595109375 0.9432394359374999 0.40261965 0.9377972328125 0.39538154531249997 0.9186312234375 0.5394150203125 0.93263780625 0.45507346875000004 0.9395669 0.45173178593749996
0 0.42792883281250005 0.46730082968750003 0.4433820125 0.4711647765625 0.45564251093749997 0.40094734218749994 0.4363648515625 0.39344203437499997 0.42792883281250005 0.46730082968750003
0 0.9301748234374999 0.39691381875 0.949391615625 0.3957782796875 0.9573818359375 0.326159675 0.936451721875 0.330412190625 0.9301748234374999 0.39691381875
0 0.5911543781249999 0.4600321671875 0.611412925 0.4645823125 0.624094546875 0.395623084375 0.6036440625 0.3879529046875 0.5911543781249999 0.4600321671875