0 0.434215221875 0.5878520921875 0.45052545312500003 0.579455184375 0.4332453171875 0.5101483484375 0.420000959375 0.5047899171875 0.4159186078125 0.5144683828125001 0.434215221875 0.5878520921875
0 0.247159915625 0.6799584656250001 0.2542917046875 0.682510621875 0.23751980781249998 0.6152422203125 0.2232617109375 0.601475925 0.2395281078125 0.6623748984375 0.247159915625 0.6799584656250001
1 0.04588486875 0.6976646515625 0.0392887171875 0.653841009375 0.037291375 0.5893843609375 0.034750178124999996 0.5791921796875 0.026599173437500002 0.5768941453124999 0.03976408125 0.7078513531249999 0.0458793890625 0.7063266359375 0.04588486875 0.6976646515625
1 0.193267375 0.49420115468750003 0.21868481874999998 0.587460990625 0.22276169218750003 0.5864445125 0.224302846875 0.566573865625 0.221283546875 0.5067023296875 0.2304811671875 0.46543632187500006 0.22539055624999998 0.458044934375 0.21721489374999997 0.49472583124999997 0.2166682984375 0.5533212890625 0.2136106453125 0.5540836484375 0.1988744453125 0.490638 0.19532772812500002 0.45904497656250004 0.200948496875 0.433826859375 0.196363384375 0.4328049015625 0.1902288984375 0.4646465671875 0.193267375 0.49420115468750003
1 0.30133737968749996 0.4152925625 0.3044032546875 0.40153722812500003 0.295260425 0.3561833890625 0.290678053125 0.3508304375 0.2962467671875 0.4079011765625 0.30133737968749996 0.4152925625
1 0.40526476093749997 0.4413442703125 0.40576478125 0.45637568437500003 0.3996467328125 0.46223139375000005 0.4210174390625 0.5088667906250001 0.422555853125 0.4933271375 0.41239106875 0.4525584109375 0.3956465703125 0.341980084375 0.3869900640625 0.3333126203125 0.40526476093749997 0.4413442703125
1 0.55812009375 0.44653624843750006 0.5637107265625 0.46895904843749997 0.5723727109375 0.468964528125 0.5815319765625 0.48833241406249994 0.5856143281249999 0.47865395 0.574441284375 0.420815371875 0.550051278125 0.31430844062499996 0.5449551859375 0.3155790390625 0.5759413453125 0.46590961249999996 0.5652491421875 0.45341939687500005 0.5118182671875 0.3433273921875 0.503159021875 0.338990921875 0.55812009375 0.44653624843750006
1 0.673843825 0.3505632875 0.662137884375 0.3296652046875 0.6814646734375 0.38547082499999996 0.673843825 0.3505632875
1 0.7186154546875 0.45631881874999997 0.7211648703125 0.4535180234375 0.706461546875 0.338100465625 0.6998462171875001 0.32459377031250003 0.7186154546875 0.45631881874999997
1 0.9234180406249999 0.5005226046875 0.932637578125 0.42460865625000005 0.9296127999999999 0.37339910625 0.9245304078125001 0.35301474375 0.9275469671875 0.4172172703125 0.9198658453125 0.47759156562499994 0.91273405625 0.475039409375 0.8903660500000001 0.39401019375 0.9239071031250001 0.5328779875 0.92849769375 0.5252379625 0.9234180406249999 0.5005226046875
0 0.432789475 0.5865600093750001 0.45090901875 0.5772298359375 0.43169942343749995 0.5098319546875001 0.41695400625 0.5152063499999999 0.432789475 0.5865600093750001
0 0.9292473140625 0.5965490453125 0.9501910109375 0.5985459296875 0.9352269171875 0.531292621875 0.9162814296875 0.5321668140625 0.9292473140625 0.5965490453125
0 0.5972565375000001 0.574651953125 0.6165083484375 0.5650394296875 0.5970150734375 0.49891541406249995 0.5776315640624999 0.5054571 0.5972565375000001 0.574651953125