0 0.07260844375 0.24629561875 0.1237217890625 0.2627100328125 0.1264052328125 0.21979461250000001 0.0713942515625 0.201913184375 0.07260844375 0.24629561875
0 0.22099731406249998 0.2245630453125 0.21028960312499997 0.2834809734375 0.26594531093749996 0.3246990328125 0.2739957 0.2615179671875 0.22099731406249998 0.2245630453125
0 0.396093296875 0.3616539546875 0.3954747890625 0.42507136250000005 0.4504334265625 0.4319875921875 0.451104278125 0.35926977656250003 0.396093296875 0.3616539546875
0 0.5584428406249999 0.3616539546875 0.5629466078124999 0.42507136250000005 0.6181498671875 0.41052988125 0.6147955703125 0.34615675 0.5584428406249999 0.3616539546875
0 0.70787414375 0.22484252656249998 0.7610442859375001 0.1935685453125 0.7610442859375001 0.12204284218749999 0.7020080625 0.150653125 0.70787414375 0.22484252656249998
0 0.9236551437499999 0.31208509218749997 0.9871261 0.2698626046875 0.9804174109374999 0.21979461250000001 0.9193686859374999 0.2495970453125 0.9236551437499999 0.31208509218749997
1 0.1074074078125 0.3881578953125 0.10370370312499999 0.3881578953125 0.10370370312499999 0.3421052625 0.1 0.3421052625 0.1 0.3223684203125 0.10370370312499999 0.3223684203125 0.10370370312499999 0.3157894734375 0.1 0.3157894734375 0.1 0.3026315796875 0.0888888890625 0.3026315796875 0.0888888890625 0.3092105265625 0.08518518593749999 0.3092105265625 0.08518518593749999 0.335526315625 0.08148148125 0.335526315625 0.077777778125 0.368421053125 0.0740740734375 0.368421053125 0.0740740734375 0.3881578953125 0.0703703703125 0.3881578953125 0.0703703703125 0.4013157890625 0.0666666671875 0.4013157890625 0.0666666671875 0.414473684375 0.0629629625 0.414473684375 0.0629629625 0.43421052656250003 0.059259259375 0.43421052656250003 0.059259259375 0.45394736875 0.055555556250000006 0.45394736875 0.055555556250000006 0.48684210468750005 0.051851851562499995 0.48684210468750005 0.051851851562499995 0.5131578953125 0.048148148437499996 0.5131578953125 0.048148148437499996 0.5723684203125 0.055555556250000006 0.5723684203125 0.055555556250000006 0.5657894734375 0.059259259375 0.5657894734375 0.059259259375 0.5592105265625 0.055555556250000006 0.5592105265625 0.055555556250000006 0.54605263125 0.059259259375 0.54605263125 0.059259259375 0.5197368421874999 0.0629629625 0.5197368421874999 0.0666666671875 0.460526315625 0.0703703703125 0.460526315625 0.0740740734375 0.42105263125 0.077777778125 0.42105263125 0.077777778125 0.40789473750000005 0.08148148125 0.40789473750000005 0.08518518593749999 0.368421053125 0.0888888890625 0.368421053125 0.0888888890625 0.3552631578125 0.09629629687499999 0.3486842109375 0.09629629687499999 0.4736842109375 0.1 0.4736842109375 0.1 0.5263157890625 0.10370370312499999 0.5263157890625 0.10370370312499999 0.5921052625 0.1074074078125 0.5921052625 0.1074074078125 0.6118421046875 0.1111111109375 0.6118421046875 0.1111111109375 0.5986842109375 0.1148148140625 0.5986842109375 0.1148148140625 0.5592105265625 0.1111111109375 0.5592105265625 0.1111111109375 0.48684210468750005 0.1074074078125 0.48684210468750005 0.1074074078125 0.3881578953125
1 0.20740740781250003 0.4473684203125 0.20740740781250003 0.44078947343749997 0.21111111093749999 0.44078947343749997 0.21111111093749999 0.4276315796875 0.2148148140625 0.4276315796875 0.2148148140625 0.40789473750000005 0.222222221875 0.4013157890625 0.222222221875 0.3947368421875 0.2259259265625 0.3947368421875 0.2259259265625 0.3881578953125 0.2296296296875 0.3881578953125 0.2296296296875 0.375 0.24444444375000002 0.375 0.24444444375000002 0.44078947343749997 0.24814814843750002 0.44078947343749997 0.24814814843750002 0.4802631578125 0.24444444375000002 0.4802631578125 0.24444444375000002 0.48684210468750005 0.24814814843750002 0.48684210468750005 0.24814814843750002 0.49342105312499995 0.25555555625 0.49342105312499995 0.25555555625 0.48684210468750005 0.2629629625 0.48684210468750005 0.2629629625 0.4802631578125 0.2666666671875 0.4802631578125 0.2666666671875 0.46710526249999995 0.2629629625 0.46710526249999995 0.2629629625 0.4473684203125 0.259259259375 0.4473684203125 0.259259259375 0.42105263125 0.25555555625 0.42105263125 0.25555555625 0.381578946875 0.2518518515625 0.381578946875 0.2518518515625 0.368421053125 0.24444444375000002 0.3618421046875 0.24444444375000002 0.3552631578125 0.2370370375 0.3552631578125 0.2370370375 0.3486842109375 0.23333333281250002 0.3486842109375 0.23333333281250002 0.3552631578125 0.2296296296875 0.3552631578125 0.2296296296875 0.368421053125 0.222222221875 0.368421053125 0.222222221875 0.375 0.2148148140625 0.381578946875 0.2148148140625 0.3881578953125 0.20740740781250003 0.3881578953125 0.20740740781250003 0.3947368421875 0.20370370312500002 0.3947368421875 0.2 0.42105263125 0.1925925921875 0.4276315796875 0.1925925921875 0.44078947343749997 0.1888888890625 0.44078947343749997 0.1888888890625 0.4802631578125 0.177777778125 0.4802631578125 0.177777778125 0.49342105312499995 0.1888888890625 0.49342105312499995 0.1888888890625 0.48684210468750005 0.1925925921875 0.48684210468750005 0.1925925921875 0.4736842109375 0.2 0.46710526249999995 0.2 0.45394736875 0.20740740781250003 0.4473684203125
1 0.42222222187499997 0.4736842109375 0.4148148140625 0.4736842109375 0.4148148140625 0.4802631578125 0.41111111093749997 0.4802631578125 0.41111111093749997 0.49342105312499995 0.4074074078125 0.49342105312499995 0.4074074078125 0.506578946875 0.42592592656250006 0.506578946875 0.42592592656250006 0.5131578953125 0.4370370375 0.5131578953125 0.4370370375 0.5 0.43333333281249997 0.5 0.43333333281249997 0.49342105312499995 0.4296296296875 0.49342105312499995 0.4296296296875 0.48684210468750005 0.42592592656250006 0.48684210468750005 0.42222222187499997 0.4736842109375
1 0.5888888890625 0.4802631578125 0.58148148125 0.4802631578125 0.58148148125 0.49342105312499995 0.5851851859375 0.49342105312499995 0.5888888890625 0.506578946875 0.6074074078125 0.506578946875 0.6074074078125 0.5 0.6111111109375 0.5 0.6111111109375 0.48684210468750005 0.6074074078125 0.48684210468750005 0.603703703125 0.4736842109375 0.5888888890625 0.4736842109375 0.5888888890625 0.4802631578125
1 0.727392096875 0.311380071875 0.7270157671875 0.3528417109375 0.72551041875 0.4712080328125 0.7300264921874999 0.5073197890625 0.737553259375 0.50999474375 0.735295221875 0.4585020328125 0.7368006 0.3762474734375 0.738682278125 0.3160612375 0.7420693328125 0.2846306125 0.7593809328125001 0.33344836875 0.76991845625 0.3775849609375 0.7927640859375 0.4907011375 0.7966385296875 0.49528253906249997 0.7947568515625 0.4564958296875 0.7823376515625 0.3943033546875 0.7650260265625 0.3314421578125 0.74809078125 0.26523724375 0.73341354375 0.271255875 0.727392096875 0.311380071875
1 1 0.499391125 0.9976037515625 0.4885433296875 0.9844318921875 0.43905682968750004 0.9697546562499999 0.392245309375 0.9618515296875 0.39558896093749996 0.944916259375 0.5099428625 0.9385184515624999 0.5728040984375 0.9362604187500001 0.684483053125 0.9411528484374999 0.68648925625 0.9449772734374999 0.6455470921875001 0.9505613484375001 0.5728040984375 0.9580881187499999 0.48586835468749995 0.9652385859375 0.4330382046875 0.9708836734374999 0.4230071640625 0.9897006265625 0.49255575 1 0.5370021453125 1 0.499391125
1 0.7330295140625 0.7360591375000001 0.7363908265625 0.7287164015625 0.72126951875 0.6672996703125 0.71324595625 0.6667513031250001 0.6968902625 0.7298131375 0.7033708265625 0.7352967625 0.7172577484375 0.684847309375 0.7330295140625 0.7360591375000001
1 0.3109257890625 0.676229553125 0.31984534062500003 0.6742838875 0.3018438109375 0.6344622296875 0.2952309890625 0.6318509671875 0.2761272703125 0.66645011875 0.2845769921875 0.6651444734374999 0.29927214062499996 0.6455600593749999 0.3109257890625 0.676229553125
1 0.143136121875 0.6546994671874999 0.1449730265625 0.7415237109375 0.1515858484375 0.7317315 0.14974894375 0.6076968625 0.1449730265625 0.6076968625 0.12035862187499999 0.7141055265625 0.1239769328125 0.7247884546875001 0.143136121875 0.6546994671874999