0 0.1280162765625 0.7087385421875 0.0820142671875 0.723589678125 0.08092149374999999 0.7637452140625001 0.13043137656249998 0.7475667796875001 0.1280162765625 0.7087385421875
0 0.20592730937499998 0.6899457859375 0.21556424999999999 0.7432524828125 0.263262796875 0.7098170781250001 0.256017446875 0.65265325625 0.20592730937499998 0.6899457859375
0 0.37259397656250004 0.561840196875 0.3731506328125 0.6192178515625 0.4226605171875 0.6213749640625 0.42205675 0.5555826546875 0.37259397656250004 0.561840196875
0 0.5233186140625 0.561840196875 0.5192652234375 0.6192178515625 0.5699826796874999 0.6332391312500001 0.5730015468749999 0.5749967734375 0.5233186140625 0.561840196875
0 0.7016065234375 0.771295125 0.653753396875 0.74299961875 0.6484739234375 0.8101233625 0.7016065234375 0.8360088578125 0.7016065234375 0.771295125
0 0.90508015625 0.7022671671875 0.8479562968750001 0.6640658687500001 0.8440984828125 0.7206026718749999 0.8990423359375 0.7475667796875001 0.90508015625 0.7022671671875
1 0.11000000000000001 0.4702380953125 0.1066666671875 0.4702380953125 0.1066666671875 0.5178571421875 0.10333333281249998 0.5178571421875 0.10333333281249998 0.63095238125 0.0966666671875 0.625 0.0966666671875 0.6130952375 0.0933333328125 0.6130952375 0.09 0.577380953125 0.0866666671875 0.577380953125 0.0866666671875 0.565476190625 0.08333333281250001 0.565476190625 0.08 0.5297619046875 0.07666666718750001 0.5297619046875 0.0733333328125 0.4761904765625 0.06999999999999999 0.4761904765625 0.06999999999999999 0.45238095312500004 0.0666666671875 0.45238095312500004 0.0666666671875 0.440476190625 0.06999999999999999 0.440476190625 0.06999999999999999 0.434523809375 0.0666666671875 0.434523809375 0.0666666671875 0.428571428125 0.06 0.428571428125 0.06 0.48214285781250005 0.0633333328125 0.48214285781250005 0.0633333328125 0.50595238125 0.0666666671875 0.50595238125 0.0666666671875 0.5357142859375 0.06999999999999999 0.5357142859375 0.06999999999999999 0.5535714281249999 0.0733333328125 0.5535714281249999 0.0733333328125 0.5714285718750001 0.07666666718750001 0.5714285718750001 0.07666666718750001 0.5833333328125 0.08 0.5833333328125 0.08 0.5952380953125 0.08333333281250001 0.5952380953125 0.08333333281250001 0.6130952375 0.0866666671875 0.6130952375 0.09 0.6428571421875 0.0933333328125 0.6428571421875 0.0933333328125 0.6666666671875 0.0966666671875 0.6666666671875 0.0966666671875 0.672619046875 0.1066666671875 0.672619046875 0.1066666671875 0.6607142859375 0.11000000000000001 0.6607142859375 0.11000000000000001 0.6547619046875 0.1066666671875 0.6547619046875 0.1066666671875 0.6369047625 0.11000000000000001 0.6369047625 0.11000000000000001 0.5952380953125 0.11333333281249999 0.5952380953125 0.11333333281249999 0.50595238125 0.1166666671875 0.50595238125 0.1166666671875 0.440476190625 0.12 0.440476190625 0.12 0.4047619046875 0.1166666671875 0.4047619046875 0.1166666671875 0.3928571421875 0.11333333281249999 0.3928571421875 0.11333333281249999 0.41071428593750003 0.11000000000000001 0.41071428593750003 0.11000000000000001 0.4702380953125
1 0.19 0.547619046875 0.19 0.559523809375 0.1966666671875 0.565476190625 0.2 0.5892857140625 0.2033333328125 0.5892857140625 0.2033333328125 0.5952380953125 0.21000000000000002 0.5952380953125 0.21000000000000002 0.6011904765625 0.2166666671875 0.6071428578125 0.2166666671875 0.6130952375 0.2233333328125 0.6130952375 0.2233333328125 0.625 0.2266666671875 0.625 0.2266666671875 0.63095238125 0.22999999999999998 0.63095238125 0.22999999999999998 0.625 0.2366666671875 0.625 0.2366666671875 0.61904761875 0.24333333281249997 0.6130952375 0.24333333281249997 0.6011904765625 0.24666666718750002 0.6011904765625 0.24666666718750002 0.565476190625 0.25 0.565476190625 0.25 0.5416666671875 0.2533333328125 0.5416666671875 0.2533333328125 0.5238095234375 0.25666666718750003 0.5238095234375 0.25666666718750003 0.5119047625 0.2533333328125 0.5119047625 0.2533333328125 0.50595238125 0.24666666718750002 0.50595238125 0.24666666718750002 0.5 0.24 0.5 0.24 0.50595238125 0.2366666671875 0.50595238125 0.2366666671875 0.5119047625 0.24 0.5119047625 0.24 0.547619046875 0.2366666671875 0.547619046875 0.2366666671875 0.6071428578125 0.2233333328125 0.6071428578125 0.2233333328125 0.5952380953125 0.22000000000000003 0.5952380953125 0.22000000000000003 0.5892857140625 0.2166666671875 0.5892857140625 0.2166666671875 0.5833333328125 0.21000000000000002 0.577380953125 0.21000000000000002 0.559523809375 0.2066666671875 0.559523809375 0.2066666671875 0.547619046875 0.2033333328125 0.547619046875 0.2033333328125 0.5416666671875 0.1966666671875 0.5357142859375 0.1966666671875 0.5238095234375 0.19 0.5178571421875 0.19 0.50595238125 0.1866666671875 0.50595238125 0.1866666671875 0.5 0.1766666671875 0.5 0.1766666671875 0.5119047625 0.1866666671875 0.5119047625 0.1866666671875 0.547619046875 0.19 0.547619046875
1 0.38333333281250004 0.5 0.3866666671875 0.5 0.3866666671875 0.5119047625 0.39 0.5119047625 0.39 0.5178571421875 0.3966666671875 0.5178571421875 0.4 0.50595238125 0.4033333328125 0.50595238125 0.4033333328125 0.5 0.4066666671875 0.5 0.4066666671875 0.49404761875 0.41 0.49404761875 0.41 0.48214285781250005 0.4 0.48214285781250005 0.4 0.48809523749999995 0.38333333281250004 0.48809523749999995 0.38333333281250004 0.5
1 0.54 0.5119047625 0.5466666671875 0.5119047625 0.5466666671875 0.5178571421875 0.5599999999999999 0.5178571421875 0.5633333328125001 0.50595238125 0.5666666671875 0.50595238125 0.5666666671875 0.49404761875 0.5633333328125001 0.49404761875 0.5633333328125001 0.48809523749999995 0.5466666671875 0.48809523749999995 0.5433333328125001 0.5 0.54 0.5 0.54 0.5119047625
1 0.6814807171874999 0.6604684046875 0.67978720625 0.6060141906250001 0.6784323671875 0.5315933984375001 0.6804646 0.48500475625000006 0.673690509375 0.487424953125 0.66962604375 0.52009749375 0.67098085625 0.6271908328125 0.671319553125 0.66470374375 0.67673885625 0.7010065890625 0.6899483703125 0.7064520171875001 0.705190090625 0.6465523328125 0.720770553125 0.5896779171875 0.7319478328125 0.5334085359375 0.73364134375 0.49831579687499994 0.73015434375 0.5024608749999999 0.7095932765625 0.6048040828125 0.70010950625 0.644737190625 0.6845290671875001 0.6889056375 0.6814807171874999 0.6604684046875
1 0.8670913 0.485051696875 0.8823330437499999 0.5885147500000001 0.88944585625 0.5915399578125 0.9026553703125 0.549186678125 0.91451004375 0.504413178125 0.9287356703125 0.4396731421875 0.9355098140625 0.416076309375 0.9477032062499999 0.3416555125 0.9399129500000001 0.3307646671875 0.93313885625 0.3803785359375 0.923993809375 0.42878229687499997 0.9073972296875 0.5007828921875 0.8904619734375 0.563707803125 0.88538139375 0.5546321015625 0.8789459734375 0.5068333921875 0.8721718796875001 0.42817724375 0.8671462140624999 0.3623621546875 0.8637042296875 0.32531924375 0.85930104375 0.32713438125 0.8613332734375 0.42817724375 0.8670913 0.485051696875
1 0.6585880265624999 0.3431773921875 0.6658092328125 0.34268125 0.679418409375 0.2871137328125 0.6763932296874999 0.280470303125 0.662198640625 0.32680481562499997 0.6497004093750001 0.281160071875 0.6438679031250001 0.286121446875 0.6585880265624999 0.3431773921875
1 0.28237455625 0.3747538875 0.288326096875 0.372391315625 0.3045274734375 0.336362196875 0.2964998765625 0.3346018328125 0.28601159374999996 0.362350421875 0.272785959375 0.34463119062500003 0.265181209375 0.3434498921875 0.28237455625 0.3747538875
1 0.15144071718750002 0.3966076015625 0.1530939296875 0.28438578593749997 0.147142390625 0.2755261671875 0.1454891765625 0.354081434375 0.12824590625 0.2906675890625 0.1249894265625 0.30033309531249996 0.147142390625 0.3966076015625 0.15144071718750002 0.3966076015625