0 0.6241165765625001 0.7821286078125 0.594678728125 0.771172203125 0.5919932593749999 0.7967227218749999 0.617178646875 0.8038624343749999 0.6241165765625001 0.7821286078125
0 0.42081817812500005 0.84969641875 0.3960926046875 0.84352250625 0.3859439890625 0.8727812374999999 0.417271390625 0.8738275249999999 0.42081817812500005 0.84969641875
0 0.7148335125 0.45748208593750006 0.675957025 0.4539977109375 0.6782059953124999 0.4924216171875 0.709416578125 0.49457880625 0.7148335125 0.45748208593750006
0 0.09096355 0.4700660015625 0.053752796874999995 0.47400532812499996 0.0511840953125 0.49844489999999997 0.0905183953125 0.49808647968750003 0.09096355 0.4700660015625
0 0.2770141796875 0.4435592328125 0.24347150156250003 0.44115692968750003 0.24086286875 0.4734544578125 0.2710626046875 0.4777517578125 0.2770141796875 0.4435592328125
1 0.9084131484375 0.545203378125 0.86832524375 0.6202711375 0.858026178125 0.613572821875 0.865074871875 0.5165985390625 0.8585457968749999 0.5114196453125001 0.8463259953125 0.6202052328125001 0.8753981265625 0.6277535046875 0.9159094968750001 0.5488973828125 0.9084131484375 0.545203378125
1 0.6146947765624999 0.74524048125 0.6141572640625 0.6980111453125 0.61003699375 0.6998244437500001 0.6105345765625 0.7549116953125 0.6132936640625 0.758571171875 0.6612313765625 0.6614017953125 0.6552903531250001 0.65604461875 0.6146947765624999 0.74524048125
1 0.46929429687499996 0.715357184375 0.47602005312499995 0.7037092703125001 0.4672945140625 0.7036607125 0.4173530796875 0.8132288687499999 0.416852346875 0.780604571875 0.42040141562500005 0.69449403125 0.414726490625 0.696143921875 0.4083783484375 0.7864528953125001 0.4132296609375 0.8375051171875001 0.417116409375 0.8379136296875 0.46929429687499996 0.715357184375
1 0.7053412203125 0.4211884453125 0.715785909375 0.2689314734375 0.7083559203124999 0.2653856796875 0.7003637046875 0.438635909375 0.7031227921875 0.4422953859375 0.7865943859375 0.2837173359375 0.782787559375 0.267592934375 0.776915953125 0.2860695828125 0.7053412203125 0.4211884453125
1 0.200311478125 0.5601685234375 0.1963143265625 0.5159450578125 0.19262110937500002 0.5211726875 0.19075295781249998 0.5389469515624999 0.1911000859375 0.55807719375 0.1907834453125 0.5984777765625 0.18584277031250002 0.630530196875 0.14344114375 0.4823191484375 0.14287092031249998 0.5159437312499999 0.151885578125 0.534861825 0.1718536890625 0.6065966406250001 0.182032790625 0.6368687296875 0.1854494109375 0.6641837390625 0.19011663125 0.6422110796875 0.192995571875 0.6222966984375 0.200311478125 0.5601685234375
1 0.3166704234375 0.6420344640625 0.3144152140625 0.6485364109375 0.3240105203125 0.684362940625 0.321318759375 0.7548392828125 0.280132053125 0.66065733125 0.271843428125 0.669642921875 0.290387978125 0.697676509375 0.30192826250000004 0.722475865625 0.3151368140625 0.7687906250000001 0.3138125296875 0.7888683624999999 0.3218194265625 0.7874636546875 0.3317040390625 0.700895865625 0.335283646875 0.67431619375 0.3166704234375 0.6420344640625
1 0.46791164218750003 0.2873303328125 0.4934967375 0.215890690625 0.502994175 0.11805060625 0.49763019843749995 0.10990437500000001 0.49431720625000003 0.18565152499999998 0.46834183906250004 0.268281796875 0.4461217875 0.18058598125 0.437230071875 0.11563114375000001 0.43322661562500003 0.11633354375 0.43698395625 0.2077046453125 0.46219987968750004 0.274375228125 0.46791164218750003 0.2873303328125
1 0.4067604109375 0.405530603125 0.41222920468749996 0.4880962984375 0.42023937343749995 0.46422860312500003 0.41577832499999995 0.401985803125 0.4067604109375 0.405530603125
1 0.27007059375 0.3451142640625 0.2619005890625 0.4004136921875 0.242903453125 0.33439673124999997 0.23528360781250002 0.3470738015625 0.258941671875 0.4360439328125 0.28465291718749997 0.2961046015625 0.2783653390625 0.30245951875 0.27007059375 0.3451142640625
1 0.0319719921875 0.2954276046875 0.023071167187499998 0.30230613281249996 0.050692751562500006 0.3984317796875 0.073383109375 0.4592211171875 0.0897325671875 0.28123344375000003 0.07853940937500001 0.2755643734375 0.067053915625 0.41475254218749996 0.0319719921875 0.2954276046875