0 0.8916960734374999 0.23441384375 0.939748225 0.2150211234375 0.937899625 0.17180036875 0.8861979 0.19288117968750002 0.8916960734374999 0.23441384375
0 0.809835065625 0.2604258953125 0.7955304 0.20387877968749998 0.7470610515625 0.24336337343749997 0.759099296875 0.304232940625 0.809835065625 0.2604258953125
0 0.641322221875 0.4105062109375 0.6364169125 0.348907015625 0.583337778125 0.3502899515625 0.5889255703125 0.42092548750000003 0.641322221875 0.4105062109375
0 0.4802249234375 0.42177123125 0.4802469171875 0.359827484375 0.4249858421875 0.348555003125 0.426134525 0.41135037968750005 0.4802249234375 0.42177123125
0 0.27393273749999997 0.210078928125 0.3272046734375 0.23690028437500002 0.32780498125 0.16439468125 0.2690712890625 0.1405569828125 0.27393273749999997 0.210078928125
0 0.0616418703125 0.29944307812500004 0.1255666859375 0.3362133390625 0.1254428125 0.275187534375 0.064692190625 0.25032645468750003 0.0616418703125 0.29944307812500004
1 0.9729631375000001 0.505482653125 0.976525865625 0.5052335234374999 0.9774201796875 0.5180228062500001 0.97385745 0.5182719359375 0.9743046078125 0.524666578125 0.9778673359375001 0.524417446875 0.9783144921875 0.5308120890625 0.9854399515625 0.5303138281249999 0.9814155390625 0.47276205625 0.977852809375 0.47301118593749997 0.9760641812499999 0.447432621875 0.972501453125 0.4476817515625 0.97026566875 0.41570854375 0.9667029406250001 0.4159576734375 0.9653614703125 0.39677375000000004 0.961798740625 0.39702288124999996 0.9604572687499999 0.3778389578125 0.956894540625 0.3780880875 0.9560002265625 0.365298803125 0.9524374984374999 0.365547934375 0.9515431859374999 0.35275865156249997 0.94798045625 0.35300778125 0.9466389859375001 0.3338238578125 0.94307625625 0.3340729890625 0.93727774375 0.3023489109375 0.933715015625 0.30259804218749997 0.9319263875000001 0.2770194765625 0.9283636578125 0.2772686078125 0.9279165015625 0.270873965625 0.917228315625 0.27162135625 0.9181226296875 0.28441063906249997 0.9145599000000001 0.28465976875 0.91500705625 0.2910544109375 0.9185697875000001 0.2908052796875 0.9199112578124999 0.309989203125 0.9163485281250001 0.31023833437500004 0.919478625 0.3550008234375 0.9159158968750001 0.3552499546875 0.92262325 0.45116957500000004 0.9190605218749999 0.45141870468749995 0.9239792484375 0.521759759375 0.92041651875 0.522008890625 0.9230994593749999 0.5603767375 0.9266621890625 0.5601276078125 0.927556503125 0.572916890625 0.93111923125 0.5726677609374999 0.9297777609375 0.5534838359375 0.9333404890624999 0.5532347046874999 0.9288689203124999 0.4892882921875 0.9324316500000001 0.48903916093750005 0.9288543953125 0.43788203125 0.9324171234374999 0.4376329 0.9239211421875 0.316134715625 0.9314937562500001 0.322031096875 0.9323880703125 0.3348203796875 0.9359508 0.33457124843749997 0.94219646875 0.372689965625 0.945759196875 0.3724408359375 0.9466535109375 0.38523012031250004 0.9502162406249999 0.3849809890625 0.9564619109375 0.42309970625000004 0.9600246390624999 0.4228505765625 0.9676117796874999 0.48015321718750004 0.971174509375 0.4799040875 0.9729631375000001 0.505482653125
1 0.7818591484375 0.33249456875 0.78230630625 0.338889209375 0.7756280062500001 0.3457821109375 0.77652231875 0.35857139375 0.772959590625 0.35882052343750004 0.7756425328125001 0.397188371875 0.772079803125 0.39743750312500004 0.7738684296875 0.42301606718749996 0.7703057015625 0.42326519687499997 0.771647171875 0.4424491203125 0.7680844437500001 0.44269825156250003 0.7689787578125 0.4554875359375 0.7725414859375 0.4552384046875 0.77298864375 0.461633046875 0.7801141015625 0.4611347859375 0.7805612578125001 0.4675294265625 0.787686715625 0.467031165625 0.7872395578125 0.46063652499999996 0.7908022859375 0.46038739531250006 0.7903551296875 0.453992753125 0.7867924015625001 0.454241884375 0.784109459375 0.4158740359375 0.7876721875 0.41562490468749996 0.78320061875 0.35167849218749997 0.7974515359375001 0.35068197031250004 0.79834585 0.363471253125 0.801908578125 0.36322212187499997 0.802355734375 0.3696167640625 0.8059184625 0.3693676328125 0.8063656203124999 0.375762275 0.813938234375 0.3816586546875 0.8152797046875 0.4008425796875 0.818842434375 0.40059345 0.8197367468750001 0.41338273281250004 0.8232994765624999 0.413133603125 0.8237466328125 0.41952824375000003 0.8313192484374999 0.4254246234375 0.8322135609375 0.43821390625 0.8397861750000001 0.44411028750000003 0.8406804890625 0.456899571875 0.84424321875 0.456650440625 0.8446903750000001 0.4630450828125 0.8553785625 0.462297690625 0.8544842484374999 0.44950840937500003 0.8437960625 0.4502558 0.8411131203125001 0.4118879515625 0.8375503906249999 0.41213708125000004 0.8366560765625 0.3993477984375 0.8290834640625 0.39345141875 0.8237321078125 0.3681219828125 0.820169378125 0.3683711125 0.8197222203125 0.361976471875 0.8125967640624999 0.36247473124999996 0.8121496078125 0.356080090625 0.8045769921874999 0.350183709375 0.8041298359375 0.34378906875 0.797004378125 0.34428732968750003 0.796110065625 0.331498046875 0.792547334375 0.3317471765625 0.792100178125 0.3253525359375 0.78853745 0.325601665625 0.78898460625 0.3319963078125 0.7818591484375 0.33249456875
1 0.6344893796875 0.4777437671875 0.6309266499999999 0.47799289843750004 0.6300323375 0.465203615625 0.6264696078124999 0.46545274531249997 0.62602245 0.459058103125 0.61889699375 0.45955636406249994 0.616228578125 0.47259477812500006 0.6126658484374999 0.47284390781249996 0.61311300625 0.4792385484375 0.609550278125 0.4794876796875 0.609997434375 0.48588232031249995 0.6064347062500001 0.4861314515625 0.6073290203124999 0.49892073281249993 0.6180172046875 0.4981733421875 0.6175700484375 0.4917787015625 0.6353836921875 0.49053304999999997 0.6344893796875 0.4777437671875
1 0.44165486875 0.48480216093750006 0.43809214062499996 0.48505129062499996 0.43898645468749997 0.49784057343750004 0.4425491828125 0.49759144375000003 0.44299633906249997 0.5039860843749999 0.460809984375 0.5027404328125 0.4634783984375 0.4897020203125 0.46704112656249996 0.48945289062499997 0.4661468125 0.4766636078125 0.45902135624999996 0.47716186875 0.4585742 0.470767225 0.44432328437499996 0.47176374687499995 0.44165486875 0.48480216093750006
1 0.2850401046875 0.3459282 0.29837473281250004 0.29731358124999996 0.3037691375 0.3276358625 0.309669921875 0.3860094390625 0.316708665625 0.4658584171875 0.31803642499999996 0.5160604703125 0.32509488750000004 0.5129541671875 0.326984628125 0.47755028906249997 0.3174914734375 0.3626011984375 0.314311409375 0.3223264015625 0.3057920015625 0.2837312984375 0.2912643546875 0.2788685421875 0.2794735265625 0.344357909375 0.267093378125 0.40662254999999997 0.2593739796875 0.4679081125 0.260200175 0.505734803125 0.2636157578125 0.5010211328125 0.2779035453125 0.389537134375 0.2850401046875 0.3459282
1 0.127720840625 0.6617677984375 0.1341824484375 0.7013057375 0.1387522984375 0.6990266453125 0.128989634375 0.5906282109375 0.1185628046875 0.5299583515624999 0.0944997578125 0.4199471734375 0.0866701890625 0.41722879687500003 0.07573329375 0.46371618124999997 0.066426290625 0.5127023484375 0.0560850984375 0.5833157625000001 0.0506174171875 0.6091721296875 0.0431755578125 0.6900336953124999 0.052320075 0.701151490625 0.055833240625 0.647345034375 0.061971432812500005 0.5946613937499999 0.07430131250000001 0.516070759375 0.0876749625 0.44720481718749994 0.09378696875 0.45657512499999997 0.1042560171875 0.5074442875 0.11740512968750001 0.5914382781249999 0.127720840625 0.6617677984375
1 0.3340206515625 0.72857655625 0.33775309062500003 0.735487490625 0.349443775 0.684649446875 0.36623105625 0.7327514765625 0.3720922390625 0.7269855578125 0.35207291875 0.6667905375000001 0.34439203125 0.66786325 0.3340206515625 0.72857655625
1 0.7310114078125001 0.647649940625 0.7397236953124999 0.648941121875 0.7488492265625 0.6183469359375 0.7643161421875 0.6363942312499999 0.7725329828125 0.637094928125 0.7518047828125 0.60475006875 0.745621146875 0.6077329921875 0.7310114078125001 0.647649940625
1 0.9037976609375 0.70124325625 0.899663390625 0.6167277921875 0.9228571140625 0.6835645234375 0.92561160625 0.6729374859374999 0.8947017390625 0.5711655015625 0.8901076078125 0.5714867546875 0.8967709890625001 0.6921701828125 0.9037976609375 0.70124325625