0 0.40200302656250003 0.1588271734375 0.4305241265625 0.1741780453125 0.4368790734375 0.14868974375 0.4121622109375 0.137818865625 0.40200302656250003 0.1588271734375
0 0.6192177531249999 0.1197805859375 0.64360145625 0.1296068875 0.65810398125 0.101441734375 0.6262518640625 0.0958542921875 0.6192177531249999 0.1197805859375
0 0.2634463171875 0.4745033328125 0.3026649546875 0.48365104687500005 0.3057993 0.4444119640625 0.274223546875 0.43771633125 0.2634463171875 0.4745033328125
0 0.9024900234375 0.5519280140625 0.941056575 0.5533165796875 0.9471352062499999 0.5289365203124999 0.9069057078125 0.5236144515625 0.9024900234375 0.5519280140625
0 0.7086977703125 0.551882646875 0.7426210421875 0.5591635796875 0.7498512609375 0.5268311015625 0.7196105859374999 0.5181141593749999 0.7086977703125 0.551882646875
1 0.07811068593750001 0.3576846484375 0.1296708765625 0.287453321875 0.139244196875 0.2957256234375 0.11833588125000001 0.3929181296875 0.124273053125 0.3991067453125 0.15213314687499999 0.29069965781249996 0.12350384218749999 0.2788532546875 0.0709755703125 0.3528600625 0.07811068593750001 0.3576846484375
1 0.40641261406250007 0.1975475890625 0.400285328125 0.24545706093750003 0.404750390625 0.24421614374999998 0.41202925781250005 0.1883542921875 0.409728234375 0.184249359375 0.347025409375 0.2757296796875 0.3523366984375 0.282013859375 0.40641261406250007 0.1975475890625
1 0.5507106312500001 0.24882708125000003 0.5421939203125 0.259651484375 0.5510999375 0.26096178281250004 0.6176021953124999 0.1572141265625 0.6135019109375001 0.1903269453125 0.5977040578125 0.2770229421875 0.60373405625 0.2761722125 0.622984571875 0.18562878437500002 0.6252458390625 0.13322418281249998 0.6213333875 0.1322486984375 0.5507106312500001 0.24882708125000003
1 0.2680119484375 0.512631865625 0.2358199640625 0.6653214078125 0.24290824375 0.6699863015624999 0.27556270625 0.49568125625 0.273261684375 0.4915763234375 0.1655813140625 0.6401128546875 0.16719052968749998 0.6569931421875 0.175800059375 0.6391294453125 0.2680119484375 0.512631865625
1 0.8035312140625 0.44487189687499995 0.801362759375 0.4902371859375 0.8058742499999999 0.48547666093749997 0.8102950812499999 0.467745678125 0.8126447499999999 0.44832124531249995 0.818679215625 0.4074510828125 0.8282569000000001 0.3757038953125 0.85061780625 0.5319338828125 0.8559534421875 0.49796280625 0.8494194953124999 0.47750049062500005 0.8391630890625 0.40196460937499995 0.8330446953124999 0.3698351734375 0.8334159671875 0.34167792656249996 0.8255424828125 0.363256303125 0.8197866328125001 0.383008609375 0.8035312140625 0.44487189687499995
1 0.6962465375 0.3451441109375 0.6994692812500001 0.3388851765625 0.6947323953125 0.3012148234375 0.7074444828125 0.23022854218750002 0.7362019359375 0.331564653125 0.7459387265624999 0.323662415625 0.7309588406249999 0.292590959375 0.722676415625 0.2658073265625 0.715731321875 0.216992728125 0.719922228125 0.1968502828125 0.7115448468750001 0.19711565625 0.6892107859375 0.28335904843750004 0.68179701875 0.3097603953125 0.6962465375 0.3451441109375
1 0.4916171078125 0.682513596875 0.455383978125 0.751166646875 0.4318519546875 0.8488820765625 0.43617954687499993 0.8579074859375 0.45027128593750004 0.7816729546875 0.48848497343749997 0.7017429359375 0.49878542656249997 0.7937688875 0.4986860375 0.8608374140624999 0.50287474375 0.86070468125 0.5119529453125 0.7676250109375 0.495620171875 0.6964594875000001 0.4916171078125 0.682513596875
1 0.57079008125 0.571643890625 0.5768753546875 0.4872345875 0.565319265625 0.5102490093750001 0.5610774546874999 0.5739305328125 0.57079008125 0.571643890625
1 0.7018742625 0.6525869281250001 0.7180368078125 0.5977629390625 0.7281096687499999 0.6673676921875 0.737685146875 0.6556302265625 0.726095946875 0.5621058624999999 0.6800508437499999 0.7001141375 0.6873717515625 0.6945869140625 0.7018742625 0.6525869281250001
1 0.9380612859375 0.737320228125 0.9481255687499999 0.7316404109375 0.9334992468750001 0.6302964046875 0.9189148921875001 0.56545216875 0.8770540703125 0.7433472 0.8876861703125 0.7507063515625 0.9190939015625 0.6114027484375 0.9380612859375 0.737320228125