0 0.375088490625 0.7568180484375 0.345464225 0.7643877875 0.3499710078125 0.7860147875 0.375088490625 0.781689371875 0.375088490625 0.7568180484375
0 0.5600444875 0.8465710218750001 0.53547061875 0.8500131109375 0.5364492390625 0.8736050109375 0.5668947078125 0.8757677609375 0.5600444875 0.8465710218750001
0 0.328659225 0.44322345781249994 0.2906546890625 0.44264414375000005 0.2921247078125 0.47890834531250004 0.3225701203125 0.47998971875 0.328659225 0.44322345781249994
0 0.9291953078124999 0.5254487984375 0.8935595953125001 0.5178906390625 0.8911385546874999 0.5449132921875 0.9291953078124999 0.5492387078125 0.9291953078124999 0.5254487984375
0 0.7488061265625 0.47462485625 0.7160772515625 0.47354348437500005 0.7183606546875 0.5070656812500001 0.7480449515625 0.505984303125 0.7488061265625 0.47462485625
1 0.146747753125 0.5860049890625 0.1459865765625 0.4800316484375 0.13913635625 0.4843571015625 0.13609183125 0.5784354515625 0.125435909375 0.58384228125 0.094253846875 0.5075118140625 0.086618015625 0.5103097609375 0.1178245734375 0.590330446875 0.146747753125 0.5860049890625
1 0.3613880453125 0.739558234375 0.36747715 0.6865715796875 0.363671453125 0.6844088296875 0.3583435203125 0.729825984375 0.3281078734375 0.6398418609375 0.321809003125 0.6443984687500001 0.3583435203125 0.7428023140625 0.3613880453125 0.739558234375
1 0.5402549359375 0.839043446875 0.5440606328125 0.839043446875 0.55395538125 0.7903822125 0.55699990625 0.7027919890625001 0.5516719734375 0.7006292453125 0.546344040625 0.7838940484375 0.5425383453125 0.8152534578124999 0.505325375 0.70470953125 0.4968701984375 0.703873325 0.5021981265625 0.71576831875 0.5402549359375 0.839043446875
1 0.2388451640625 0.2680849421875 0.3035417421875 0.4292077015625 0.306586265625 0.425963621875 0.31648101562500003 0.258352696875 0.3089245359375 0.261014665625 0.3035417421875 0.408661834375 0.24797879374999998 0.2713290265625 0.24417315 0.2529458828125 0.2388451640625 0.2680849421875
1 0.787624053125 0.5924931546875001 0.78990745625 0.57411003125 0.78990745625 0.55680825 0.7868628765625 0.5514014578124999 0.7784904234375001 0.5935745265625 0.7792515953125 0.6541307187500001 0.7800126546875 0.67359525 0.7822960640625001 0.695222415625 0.7883852250000001 0.6692697546875 0.8013244937499999 0.6411543890625 0.8279643218749999 0.57411003125 0.8386201874999999 0.55680825 0.8414905359375 0.524377409375 0.78534064375 0.6627815906250001 0.7838184078125 0.6314221437499999 0.787624053125 0.5924931546875001
1 0.64605279375 0.7006292453125 0.6589920640625 0.667107084375 0.65746983125 0.6606189203125 0.6361579921875 0.6898156656250001 0.6369191640625 0.71576831875 0.6376803375 0.8001144625000001 0.645291621875 0.802277128125 0.64605279375 0.7828126390625 0.6635588796875 0.739558234375 0.6772593265625 0.7168496546875 0.698072246875 0.6917359953125 0.6909597671875 0.682246084375 0.641485978125 0.7687549734375 0.64605279375 0.7006292453125
1 0.5471051609375001 0.3038117546875 0.55395538125 0.291916803125 0.585161965625 0.2302792390625 0.5981012390625 0.142689015625 0.5942955953125 0.1416076390625 0.5790728046875 0.2032452015625 0.54862745 0.2854286390625 0.5318824234374999 0.2032452015625 0.5363841125000001 0.1299819734375 0.530360190625 0.13728222343750002 0.52959901875 0.232441946875 0.5471051609375001 0.3038117546875
1 0.580595153125 0.5027402234375 0.5942955953125 0.423800871875 0.5859230296875 0.4194754578125 0.5752671640625 0.47895027187499994 0.580595153125 0.5027402234375
1 0.7663122140625 0.3848718828125 0.7602231609375 0.3718955578125 0.7351056812500001 0.43353312187500004 0.7328222734375001 0.3794650953125 0.729130984375 0.337558515625 0.72368864375 0.3308038609375 0.734344509375 0.4681366921875 0.7663122140625 0.3848718828125
1 0.9116892203125 0.5092283890625 0.939851284375 0.4529976109375 0.9763858015625001 0.36324468125 0.9684659625 0.3557214625 0.9223450859375 0.46705531875000006 0.9253896671874999 0.331885234375 0.9139726296875 0.3362106484375 0.9116892203125 0.5092283890625