0 0.10998309375 0.850167821875 0.0994624734375 0.8640874828125 0.08270916874999999 0.8714486593749999 0.073187940625 0.885333421875 0.07903683125 0.9382089125 0.09038463906250001 0.94797684375 0.082177921875 0.97085055 0.08284755 0.9900262218749999 0.08704206406250001 0.9955265265625 0.0971541421875 0.9985614734375 0.24010642031249999 0.9946988265625001 0.24694459531250001 0.98994260625 0.2472642515625 0.9131352265625001 0.2440049921875 0.8771096453125 0.2386929171875 0.8682602984375001 0.21458936875 0.86571394375 0.1880931375 0.8519575828124999 0.10998309375 0.850167821875
0 0.15169607499999999 1 0.23514885625 0.996001303125 0.24406459374999998 0.9934312468750001 0.24974581875 0.9841980046875 0.2456841171875 0.9538472265625 0.24928778125 0.9424278234375001 0.246343640625 0.9154260875 0.2472834296875 0.7990695859375 0.2326415078125 0.66631686875 0.23230164062499997 0.627930628125 0.22367627343750002 0.610162134375 0.20660785 0.6084994640625 0.19414248125 0.595382490625 0.167158928125 0.5963247765624999 0.0915597359375 0.6091289640625 0.078395453125 0.63330515 0.0821814234375 0.6557600640625 0.0814633328125 0.8071188640625 0.07676685625 0.8445516218750001 0.0609341625 0.8496219343750001 0.064075253125 0.882263575 0.0590242671875 0.9095445062499999 0.0590490140625 0.9389069015624999 0.0838615828125 0.96175690625 0.07977059843749999 0.9878749593749999 0.09311718906250001 0.9975730921875 0.14472130156250002 1 0.15169607499999999 1
1 0.4027606796875 0.9246455140625001 0.4928881609375 0.9553788781250001 0.5099171953125 0.955913565625 0.536255865625 0.9651580046875001 0.5916556515625 0.97564631875 0.6283427406250001 0.9946935874999999 0.737276340625 0.99088954375 0.740116953125 0.9862729234375 0.7408406140625 0.9783421578124999 0.7347260999999999 0.9751676140625 0.7095443796875001 0.9704001984374999 0.689202053125 0.9609463625 0.66306033125 0.9573418265625 0.5851618796875 0.9329575531250001 0.5177300140625001 0.921760053125 0.46905023593750006 0.9031315765624999 0.43591277812499996 0.8997713390625 0.414531671875 0.8892244203124999 0.358211275 0.88102696875 0.346494315625 0.8893416249999999 0.3438112625 0.89847016875 0.3583935828125 0.9149012859375001 0.4027606796875 0.9246455140625001
1 0.3900488640625 0.8471638453124999 0.38436763906250004 0.8563970875000001 0.39967362031250003 0.8648974421875 0.529250025 0.9078054906249999 0.690885715625 0.95185271875 0.79919918125 0.9875977953125 0.98612465625 0.9821995687499999 0.94283573125 0.9746764015625 0.8194132328125001 0.9360708765625001 0.8014635875 0.9378270484375 0.6451793609375 0.90375715 0.5199156390625 0.8697333468749999 0.41971546875000004 0.8370930156249999 0.39561192031250003 0.8345466625 0.389773134375 0.8392679812500001 0.3900488640625 0.8471638453124999
1 1 0.9373494828125001 0.99038784375 0.932359025 0.9299123249999999 0.9197892453125001 0.8813113250000001 0.9034167312499999 0.579342271875 0.8236132328125001 0.42789744062499996 0.7848569125 0.4128671875 0.784252425 0.4071859625 0.7934856671875 0.4065804703125 0.804800371875 0.40977559374999994 0.8103355765625 0.42500279531249996 0.8165799687499999 0.57860396875 0.8597784109375001 0.945833903125 0.9745717031250001 0.9730931859374999 0.9815252828125001 1 0.9814534374999999 1 0.9373494828125001
1 0.8513836328125001 0.8773572828124999 0.9538977046875001 0.9189516578125 0.9858388203124999 0.91670689375 0.9175403765624999 0.88069381875 0.9961230999999999 0.8960193500000001 0.99561103125 0.8813556 0.9369767343750001 0.8642041015625 0.7232151609375 0.8174597234375 0.4779210140625 0.756005503125 0.43167330625 0.7497150171875 0.4269914703125 0.7589133593749999 0.4413374515625 0.7685765921875001 0.674520740625 0.8270656640625 0.8513836328125001 0.8773572828124999
1 1 0.82904806875 0.7404310390625 0.76603750625 0.516911896875 0.726410009375 0.46119699374999995 0.70689785 0.4300583171875 0.7034678109375 0.42588855312499996 0.7273299015625 0.4360400203125 0.7314928296875001 0.51766030625 0.747841640625 0.5501134921874999 0.7602606234375 0.8156711874999999 0.82891271875 1 0.8834049078125 1 0.82904806875
1 1 0.7780514328125 0.6655118171875001 0.6987818890625 0.41913327499999997 0.6406571171875 0.413467765625 0.6693760156249999 0.5577268375 0.7084652671875 0.72116534375 0.7511898312499999 1 0.8281648828125 1 0.7780514328125
1 1 0.7099139375 0.8562873640625 0.67866651875 0.599918425 0.6208906468750001 0.46174355624999996 0.5923515703125 0.4289442171875 0.5869679171875 0.4260505421875 0.6205046515625 0.4598276125 0.61932513125 0.778917521875 0.7136563078125 1 0.7749896265625 1 0.7099139375
1 1 0.6632824140625 0.722682896875 0.6036884265625 0.55275301875 0.56603374375 0.43436644687500003 0.5375709078125 0.4319983359375 0.5589497984375 0.4892487296875 0.5752470828125 0.7517018515625 0.6435731546875 0.9502255578125001 0.695297059375 1 0.7098667140625 1 0.6632824140625
1 1 0.6129368703125 0.8248775187499999 0.5770285484375 0.654835025 0.5361489984375 0.5093927734375 0.5040967828125 0.44124451249999996 0.48892974218749996 0.44034862812500003 0.518346775 0.535958 0.541914675 0.7016062796875 0.579718875 0.9058012453125001 0.6301684359374999 1 0.6587791703125 1 0.6129368703125
1 1 0.55054186875 0.9119750359375001 0.534165190625 0.485313040625 0.4419761015625 0.4480381734375 0.43787147656250003 0.4460459015625 0.46325826406250004 0.477613221875 0.46699910468750006 0.6430673328125 0.512882078125 0.8367210328124999 0.561547225 0.9464898515625 0.5813918703125001 1 0.60356585625 1 0.55054186875