0 0.1292085890625 0 0.13236396875 0.0119853921875 0.11959591875 0.021161259374999998 0.10863899375 0.075921325 0.117332159375 0.0913134953125 0.134189828125 0.1005457484375 0.1439255828125 0.1160659328125 0.225825221875 0.1213470171875 0.2548097109375 0.1093873484375 0.280265065625 0.1089316765625 0.286633178125 0.100163725 0.2933389984375 0.0627876734375 0.29856745 0 0.1292085890625 0
0 0.122876896875 0 0.09874410781250001 0.018600979687499998 0.0960324296875 0.0493050609375 0.09882249531250001 0.0782972046875 0.092549859375 0.11214525156249999 0.108653728125 0.1188974859375 0.11014423749999999 0.15847365468750002 0.09705085625 0.3168260796875 0.091035184375 0.33996208906250003 0.1025991578125 0.3664503375 0.18053648125 0.3867634265625 0.208686425 0.3902198046875 0.22293025156250001 0.37764394375 0.24094307812500002 0.377468175 0.251594121875 0.359676246875 0.255460959375 0.319564146875 0.28292546875 0.18207598593750002 0.29258519843749997 0.060307653125000006 0.2981358578125 0.0323396203125 0.2954094453125 0.0200675375 0.299904571875 0 0.122876896875 0
1 0.5245052984374999 0.09355878906250001 0.5771487515625 0.07853541562500001 0.6487350546874999 0.073000325 0.73248 0.0546333421875 0.7601649328125 0.053257696875 0.7823162984375001 0.0452339546875 0.8091030359375001 0.042554292187499995 0.8157917625 0.0397943671875 0.8157735765625 0.0350172078125 0.68396035 0.018832578125 0.6594350140625 0.028952296875 0.6005041921875 0.0348475546875 0.5720972859375 0.0421032140625 0.5542288515625 0.041102978125 0.45710644843750003 0.06498980625 0.40978851718750003 0.0711172140625 0.3930263265625 0.0869650578125 0.3949989375 0.0967571203125 0.40649925937500003 0.10652530625000001 0.46618388125 0.1031100671875 0.48952223124999994 0.0940383375 0.5245052984374999 0.09355878906250001
1 1 0.0576373671875 0.8577155046874999 0.040167028125 0.7610949546875 0.0629217453125 0.5879270984375 0.0941836140625 0.44841092656250003 0.1271899265625 0.431616909375 0.1346777375 0.43671729218750005 0.1448538421875 0.4357065265625 0.1530858609375 0.44138449062499996 0.1585579546875 0.46683984843750004 0.158102284375 0.57467694375 0.13314358906249998 0.7088675953125 0.109033240625 0.8755229453125001 0.087715325 0.8941451796875001 0.0911955796875 1 0.0680031625 1 0.0576373671875
1 1 0.06906679375 0.6351790203125 0.148928434375 0.47049628125 0.1800384140625 0.45399105312500004 0.18517421875 0.4501413078125 0.1906701890625 0.44973995 0.20255822812500002 0.45484033281249997 0.21273433281249998 0.470623584375 0.213478540625 0.6326435625 0.18681654375 0.9559297171875001 0.1310125296875 1 0.1203462265625 1 0.06906679375
1 1 0.1316415828125 0.9222291140625 0.15552418437499999 0.7325560296875 0.191921859375 0.48319832187499995 0.2317347734375 0.4673025015625 0.24052659843750002 0.47136029375 0.25057468906249997 0.5203302203125 0.248231315625 0.7826321984375 0.20642656406249998 1 0.1784792859375 1 0.1572232328125 0.9917620609375 0.158093096875 1 0.15463242500000002 1 0.1316415828125
1 1 0.1786793390625 0.880427659375 0.20291582031250002 0.59626310625 0.25039231093750003 0.5611674703125 0.2604078921875 0.4742629265625 0.27003080156250003 0.4632594421875 0.2734546703125 0.4654401 0.2987907953125 0.498337984375 0.29805521874999996 0.5584239671875 0.282751940625 0.7959436453125 0.2617789453125 1 0.2307895171875 1 0.1786793390625
1 1 0.2340499828125 0.7744255124999999 0.275542 0.5994921375 0.305255575 0.44496103124999997 0.3329237671875 0.4482626140625 0.36347596718749997 0.7113947781250001 0.3252523609375 1 0.28302963281250004 1 0.2340499828125
1 1 0.28885393593750003 0.8314253640624999 0.3200820109375 0.48889475156250006 0.38951084375 0.453657634375 0.3851842703125 0.45361802500000004 0.420521003125 0.48843235937499996 0.41789446406249997 0.6356318062499999 0.4007021953125 0.9091862109375001 0.36375830625 1 0.352191928125 1 0.28885393593750003
1 1 0.35649100312500004 0.7965358234375 0.3908807328125 0.5156497796874999 0.43830057343749995 0.4542510953125 0.45010121875 0.45477360468750005 0.47267549999999997 0.5812592046875 0.453750890625 0.762521540625 0.4299336828125 1 0.4002715453125 1 0.35649100312500004
1 1 0.40986927656249994 0.9565624109374999 0.4190103328125 0.7382740437499999 0.4530703 0.561478384375 0.477435946875 0.4592750484375 0.4933273515625 0.457521740625 0.5241728718750001 0.5302207875 0.5145521546875 0.68534631875 0.49435144218750005 0.8670214765625 0.46717207343749995 1 0.45183410156250003 1 0.40986927656249994
1 1 0.4720679828125 0.9946781921875001 0.47374543437499994 0.8779986890625 0.48444654062500003 0.6709041390625 0.5176057140625 0.49357269375 0.5504376890625 0.4601978375 0.5514590421875 0.45996045625 0.57819025 0.49934108125 0.57731111875 0.9542413609375 0.519973109375 1 0.515541621875 1 0.4720679828125