1 0.7696025765625001 1 0.75 0.6275510203125 0.6989795921875 0.6377551015625 0.7087699953125 1 0.7696025765625001 1
1 0.621836734375 1 0.6071428578125 0.6326530609375001 0.5612244890625 0.6428571421875 0.5759015921875 1 0.621836734375 1
1 0.4842801984375 1 0.4744897953125 0.6377551015625 0.44387755156250003 0.6326530609375001 0.42346938749999996 0.6377551015625 0.43325979062500003 1 0.4842801984375 1
1 0.33082706562499997 1 0.3112244890625 0.6275510203125 0.2704081625 0.6326530609375001 0.28020408125 1 0.33082706562499997 1
1 0.188571428125 1 0.18367346874999999 0.6326530609375001 0.13775510156249998 0.6428571421875 0.13775510156249998 0.8724489796875 0.158163265625 0.8877551015625 0.14020408125 1 0.188571428125 1
1 0.9124379484375 1 0.8928571421875 0.6377551015625 0.8520408156249999 0.6377551015625 0.8469387749999999 0.653061225 0.8615981578125 1 0.9124379484375 1
0 0.87734375 0.27578125 0.2375 0.434375
0 0.678125 0.27578125 0.15 0.4375
0 0.53046875 0.2859375 0.1421875 0.434375
0 0.390625 0.2828125 0.134375 0.4390625
0 0.24140625 0.28125 0.15 0.440625
0 0.09140625 0.28203125 0.134375 0.425