0 0.13125 0.60625 0.03828125 0.05859375
0 0.35625 0.7828125 0.03828125 0.0984375
0 0.55078125 0.88828125 0.04140625 0.10390625
0 0.8328125 0.5078125 0.03828125 0.096875
0 0.68984375 0.465625 0.03125 0.0640625
0 0.48203125 0.43125 0.025 0.05234375
0 0.3515625 0.42109375 0.01796875 0.0203125
1 0.133419359375 0.5202150984375 0.189225296875 0.3834299015625 0.179796459375 0.373648334375 0.13670205468750002 0.4895261234375 0.1130666015625 0.40622742343749996 0.103875046875 0.4088579078125 0.133419359375 0.5202150984375
1 0.41179247500000005 0.6420941953125 0.405883609375 0.6342027421875 0.357299609375 0.7008417265625 0.3553299890625 0.6806746593749999 0.3302968140625 0.62086061875 0.34942112812500004 0.711363665625 0.3691173359375 0.716624634375 0.41179247500000005 0.6420941953125
1 0.57658406875 0.765726975 0.6205723046875 0.630695453125 0.61400686875 0.6289417734375 0.565422915625 0.7552050359375 0.543833965625 0.6461078296875 0.5358785984375001 0.647355165625 0.561483671875 0.7762489125 0.57658406875 0.765726975
1 0.355986559375 0.39135535 0.34022959531249997 0.2913969375 0.3382599734375 0.2878896140625 0.3369468765625 0.30016523125 0.3513907453125 0.40976874218750003 0.357299609375 0.40976874218750003 0.379622015625 0.32910056249999997 0.40325746718750005 0.2931505828125 0.391439740625 0.2905200984375 0.38421777968750004 0.2949042625 0.355986559375 0.39135535
1 0.8451091 0.4036309375 0.91798508125 0.284382325 0.9133892671874999 0.281751840625 0.8424829078125 0.385217546875 0.811740359375 0.28633505625 0.80112086875 0.283505484375 0.8359175671875001 0.4036309375 0.8451091 0.4036309375
1 0.698700571875 0.36943463906249996 0.6947613328125 0.35978953593749996 0.663903965625 0.2913969375 0.6547123390625 0.292273778125 0.6941047609375001 0.386971190625 0.703952865625 0.38609438125 0.7243056453125 0.3518980828125 0.7368841578125 0.30211456718749996 0.7223360265625 0.3404993046875 0.7072356296875 0.3580358921875 0.698700571875 0.36943463906249996
1 0.49385998437499995 0.3650505046875 0.48401187968750004 0.31507129843750004 0.478759590625 0.31594813906249997 0.482042259375 0.3527749234375 0.4912338421875 0.38784803125 0.497799228125 0.38784803125 0.5037080890625 0.3676809890625 0.516182390625 0.336115175 0.5414700890625 0.2936988296875 0.5352220265625001 0.2878896140625 0.516182390625 0.3185786234375 0.49385998437499995 0.3650505046875
1 0.9605800999999999 1 0.9881547953125001 0.9996004078125 0.9901244171875 0.870706628125 0.980276309375 0.899641959375 0.9697716328125001 0.97855653125 0.9310357843749999 0.9092870625 0.8621697953125 0.7197455359375 0.8588163328125 0.74707385625 0.9211876796875 0.93383829375 0.9605800999999999 1