0 0.89296875 0.4765625 0.046875 0.08125
0 0.7296875 0.49765625 0.0515625 0.0921875
0 0.61953125 0.52109375 0.0328125 0.059375
0 0.41640625 0.62578125 0.0390625 0.084375
0 0.16328125 0.55546875 0.04375 0.084375
1 0.7124629437500001 0.378748509375 0.7082057015625 0.37912097031249997 0.712662528125 0.4300627421875 0.716919771875 0.4296902828125 0.7193957875 0.45799126718750005 0.7449392421875001 0.4557565046875 0.7409776171875 0.410474928125 0.7452348578125 0.4101024671875 0.7422636390624999 0.3761412859375 0.7380063984375 0.376513746875 0.7315687578125 0.3029311828125 0.7273115156250001 0.3033036421875 0.7263211093749999 0.2919832484375 0.7178066234375 0.2927281703125 0.7168162171875 0.2814077765625 0.7125589765625 0.2817802359375 0.7073113281250001 0.2708323015625 0.6992920453125 0.2772374203125 0.7002824515625 0.2885578140625 0.7045396937499999 0.288185353125 0.70652050625 0.3108261421875 0.71077775 0.3104536828125 0.7142441703125 0.3500750625 0.709986928125 0.350447521875 0.7124629437500001 0.378748509375
1 0.8937431359374999 0.39140615625 0.8942383390625 0.397066353125 0.907010065625 0.395948971875 0.9102769015625001 0.38425611718749997 0.9145341453125001 0.38388365625 0.9061156921875 0.28766030468750003 0.910372934375 0.28728784375 0.9088873265625 0.27030725312500004 0.883839075 0.2782022125 0.8910675359375 0.3117909359375 0.8868102921875 0.3121633953125 0.8927527296875001 0.3800857609375 0.8884954875 0.380458221875 0.8894858937500001 0.3917786171875 0.8937431359374999 0.39140615625
1 0.521877446875 0.40682962343750007 0.517620203125 0.4072020828125 0.5191058125 0.42418267500000006 0.514848571875 0.4245551359375 0.5135625484374999 0.45888877812500006 0.5093053046875 0.4592612390625 0.5117813203125 0.487562225 0.5160385625 0.4871897640625 0.516533765625 0.4928499609375 0.520791009375 0.4924775 0.5202958062499999 0.48681730312499993 0.5288102890624999 0.4860723828125 0.5278198828125 0.47475198750000003 0.5320771265625 0.4743795265625 0.5310867203125 0.4630591328125 0.5353439625 0.4626866734375 0.5343535562499999 0.4513662796875 0.5386107984375 0.45099381875000005 0.5376203921875 0.43967342499999995 0.541877634375 0.4393009640625 0.5403920249999999 0.42232037343749995 0.5446492671875001 0.4219479125 0.542173253125 0.3936469265625 0.5464304953125 0.393274465625 0.5439544796875 0.3649734796875 0.5482117203125 0.36460101875 0.544250096875 0.31931944218749997 0.5399928546874999 0.3196919015625 0.5390024484375 0.3083715078125 0.53474520625 0.30874396875 0.5294975578125001 0.2977960359375 0.5252403140624999 0.2981684953125 0.5277163296875 0.32646948125 0.5234590890625 0.3268419421875 0.5269255109375 0.3664633203125 0.5226682671875 0.36683578125 0.5246490796875001 0.3894765703125 0.5203918375 0.38984903125 0.521877446875 0.40682962343750007
1 0.5683079421875 0.3001040875 0.5725651828125 0.29973162656249996 0.5735555890625 0.3110520234375 0.5778128312499999 0.3106795625 0.5788032375000001 0.32199995625 0.58306048125 0.3216274953125 0.5845460890624999 0.33860808750000004 0.5888033328125 0.3382356265625 0.595736175 0.4174783875 0.5999934171875 0.4171059265625 0.6034598390625 0.45672730625 0.60771708125 0.4563548453125 0.609202690625 0.4733354375 0.627222065625 0.48316598906249997 0.6267268625 0.4775057921875 0.63098410625 0.47713333281250003 0.626527278125 0.42619155781250007 0.622270034375 0.42656401875 0.6188036140625 0.38694263906250004 0.6145463703125 0.3873151 0.60810873125 0.3137325359375 0.6123659734375 0.31336007499999996 0.6103851609375 0.2907192875 0.614642403125 0.2903468265625 0.6116711859375 0.25638564375 0.6031567 0.2571305640625 0.5998898640625 0.26882341875 0.5871181359375 0.2699408 0.5876133390625 0.27560099843749997 0.57909885625 0.27634591875000003 0.578603653125 0.27068572031250004 0.5695939640625001 0.2657704453125 0.5686035578124999 0.25445005 0.5600890734374999 0.2551949703125 0.5610794796875 0.2665153671875 0.5568222375 0.2668878265625 0.557317440625 0.2725480234375 0.5615746828125 0.2721755625 0.5630602921875 0.2891561546875 0.5673175359375 0.28878369375 0.5683079421875 0.3001040875
1 0.387922121875 0.3957351078125 0.37940763906249997 0.396480028125 0.3813884515625 0.4191208171875 0.38564569375 0.41874835624999995 0.3866361 0.43006875000000006 0.39089334062500003 0.42969629062500003 0.391883746875 0.44101668437499997 0.396140990625 0.4406442234375 0.397131396875 0.45196461875000005 0.4013886390625 0.45159215937499997 0.40188384218750006 0.4572523546875 0.41465556875000004 0.4561349734375 0.41316995937499995 0.43915438125 0.4174272015625 0.438781921875 0.4169319984375 0.433121725 0.4211892421875 0.43274926562499993 0.4206940390625 0.42708906718749995 0.42871331875 0.4206839484375 0.4277229125 0.4093635546875 0.43198015625 0.40899109375 0.430494546875 0.39201050312499996 0.426237303125 0.39238296250000004 0.4257421015625 0.3867227671875 0.4214848578125 0.387095228125 0.42198006093749996 0.39275542343750003 0.41346557656250005 0.39350034375 0.41396077968749995 0.3991605421875 0.40544629531250004 0.3999054625 0.40594149843749994 0.4055656609375 0.393169771875 0.4066830421875 0.387922121875 0.3957351078125
1 0.14169685781250002 0.47431224531250005 0.1459541015625 0.473939784375 0.14694450781249999 0.48526017968749996 0.1682307171875 0.4833978765625 0.1677355140625 0.4777376796875 0.1719927578125 0.47736521875 0.1645647109375 0.3924622625 0.16882195312499998 0.3920898015625 0.166841140625 0.3694490125 0.1625838984375 0.3698214734375 0.16159349218750002 0.3585010796875 0.1360500390625 0.3607358421875 0.1365452421875 0.36639603906249996 0.1200114765625 0.3735460765625 0.1214970859375 0.39052666875000003 0.13050677187499998 0.3954419453125 0.132487584375 0.41808273281249997 0.136744828125 0.41771027343749995 0.14169685781250002 0.47431224531250005