1 0.7022222218749999 0 0.6933333328125 0.3288888890625 0.737777778125 0.337777778125 0.75555555625 0 0.7022222218749999 0
1 0.5866666671874999 0 0.5733333328125 0.32444444375 0.6133333328125 0.3333333328125 0.6266666671875 0 0.5866666671874999 0
1 0.462222221875 0 0.4533333328125 0.3288888890625 0.4711111109375 0.3333333328125 0.497777778125 0.3288888890625 0.5066666671875 0 0.462222221875 0
1 0.3288888890625 0 0.32 0.3333333328125 0.35555555625 0.337777778125 0.37333333281250003 0 0.3288888890625 0
1 0.20444444375 0 0.222222221875 0.1111111109375 0.20444444375 0.12444444375 0.20444444375 0.32444444375 0.24444444375000002 0.3333333328125 0.2488888890625 0 0.20444444375 0
1 0.8355555562499999 0 0.8222222218749999 0.31555555625 0.8266666671875 0.3288888890625 0.862222221875 0.3288888890625 0.8800000000000001 0 0.8355555562499999 0
0 0.84921875 0.64453125 0.20703125 0.378125
0 0.67578125 0.64375 0.13125 0.38203125
0 0.546875 0.6359375 0.1234375 0.37734375
0 0.425 0.63828125 0.1171875 0.3828125
0 0.29453125 0.6390625 0.13125 0.384375
0 0.1640625 0.6390625 0.11640625 0.37109375