0 0.8140247359374999 0.36902823906250004 0.8401416140625001 0.3758612265625 0.8525490015624999 0.306665090625 0.8253367968750001 0.30384343125 0.8140247359374999 0.36902823906250004
0 0.9388718671875 0.5599639734374999 0.966595028125 0.5655264921875001 0.9754687984375 0.4972956203125 0.9523411968750001 0.49363256875 0.9388718671875 0.5599639734374999
0 0.47369166093750004 0.5220074171875 0.5085396125 0.523333740625 0.51735169375 0.47087626875 0.47457874375 0.47898535937500003 0.47369166093750004 0.5220074171875
0 0.34704865156250003 0.348647615625 0.39127444843750003 0.36547984218749996 0.40464874531249995 0.3280033046875 0.36119682656249996 0.3092142390625 0.34704865156250003 0.348647615625
0 0.1338957875 0.322329325 0.1521457953125 0.3258199328125 0.155238425 0.3123143828125 0.1670980046875 0.2561465375 0.14443033593750002 0.249579621875 0.1338957875 0.322329325
1 0.8040853796875 0.48330742656250003 0.7893030984375 0.5167160625 0.7680802625 0.59506885625 0.7629924796875 0.6443129109375 0.7679760484375 0.647721340625 0.7884463375 0.53496605 0.8067607078125001 0.48781687968750004 0.8125019531250001 0.6398973265625 0.8202500390624999 0.6380602203125 0.8115478609375 0.48755365 0.8206412500000001 0.42157973593750003 0.8160119671875 0.42084652968749997 0.8040853796875 0.48330742656250003
1 0.35798165000000004 0.47495857812500003 0.3634227546875 0.40636336249999994 0.357312984375 0.4064170734375 0.3528940484375 0.434317140625 0.33124293125 0.47685213906249996 0.2924122109375 0.5636517609375 0.29707162187499997 0.5684754625 0.356358478125 0.43384441249999994 0.3382021625 0.5821027421875 0.35798165000000004 0.47495857812500003
1 0.6479814015625001 0.634268390625 0.6489258062500001 0.7367050578125001 0.655819465625 0.7345881609375 0.65214481875 0.6165421249999999 0.6479814015625001 0.634268390625
1 0.01949408125 0.5509841109375 0.09516545625 0.44178415312499997 0.1289177046875 0.3776730015625 0.098566003125 0.55891130625 0.1065720640625 0.5568718875 0.136291121875 0.3623034328125 0.13438089375 0.357039665625 0.1317040359375 0.3566156921875 0.088741121875 0.44076663906249997 0.0118375046875 0.5451748624999999 0.01949408125 0.5509841109375
1 0.12411870625000002 0.61814851875 0.150502121875 0.549772928125 0.14889603906249999 0.5495185499999999 0.12177500625 0.6064113421874999 0.12411870625000002 0.61814851875
1 0.18843383125 0.4904580703125 0.1855068765625 0.588190278125 0.18997884375000001 0.591580815625 0.19397000312499998 0.47975872500000005 0.18843383125 0.4904580703125