0 0.11328125 0.425 0.0546875 0.084375
0 0.27421875 0.46328125 0.059375 0.096875
0 0.38125 0.49765625 0.0375 0.0625
0 0.571875 0.62421875 0.0484375 0.0875
0 0.83203125 0.57890625 0.053125 0.0890625
1 0.30927571249999997 0.3165596125 0.30508072343750003 0.3157441890625 0.312756946875 0.2762534421875 0.31695193593750004 0.2770688640625 0.32133835 0.254502721875 0.3255333375 0.2553181453125 0.3277265453125 0.2440350734375 0.320433171875 0.23676269218749998 0.3140449765625 0.247230340625 0.3098499890625 0.2464149171875 0.3076567828125 0.2576979890625 0.29926680625 0.2560671421875 0.29707359843750003 0.26735021406250004 0.2928786109375 0.266534790625 0.278622765625 0.33987475312500004 0.2744277796875 0.3390593296875 0.267848159375 0.37290854218749997 0.27204314531249996 0.373723965625 0.26327031875 0.41885624843749997 0.288440246875 0.4237487875 0.29392326406249997 0.3955411109375 0.2981182515625 0.3963565328125 0.3079876828125 0.34558271406249996 0.30379269531249997 0.344767290625 0.30927571249999997 0.3165596125
1 0.106436834375 0.329823971875 0.10843861562499998 0.341922465625 0.1210235796875 0.34436873437500004 0.1221201828125 0.3387272 0.12631517187500002 0.339542621875 0.128508378125 0.32825955156250003 0.12431339062499999 0.327444128125 0.13747263125 0.2597457015625 0.1332776421875 0.25893027812499997 0.1440522515625 0.2258964890625 0.1199789265625 0.21536241562499997 0.11668911562499999 0.232287021875 0.1208841046875 0.2331024453125 0.102241846875 0.3290085484375 0.106436834375 0.329823971875
1 0.4730197171875 0.45962740156250004 0.47721470468750005 0.460442825 0.47502149843749997 0.47172589531250003 0.4834114734375 0.47335674218749996 0.4823148703125 0.478998278125 0.4865098578125 0.47981369999999995 0.48760646249999995 0.47417216562500003 0.49180145 0.4749875875 0.4972844671875 0.4467799109375 0.49308947812500004 0.4459644890625 0.4954741109375 0.4112998515625 0.491279125 0.410484428125 0.494568934375 0.393559821875 0.490373946875 0.3927443984375 0.49366375625 0.3758197921875 0.48946876718750004 0.3750043703125 0.49385518125 0.3524382265625 0.48966019375 0.35162280468749996 0.4973364171875 0.31213205624999996 0.4931414296875 0.3113166328125 0.49862444687499996 0.28310895468749997 0.49442945937499994 0.28229353125 0.4880412640625 0.2927611796875 0.483846275 0.29194575624999997 0.48165306875 0.303228828125 0.47745808125 0.3024134046875 0.46868525468750005 0.3475456890625 0.472880240625 0.3483611109375 0.4673972234375 0.37656879062500004 0.47159221249999994 0.3773842125 0.4661091953125 0.40559189062499995 0.47030418437500005 0.4064073125 0.4670143734375 0.4233319203125 0.47120936249999995 0.42414734374999996 0.4690161546875 0.43543041406249994 0.47321114218749993 0.4362458375 0.471017934375 0.447528909375 0.47521292343750005 0.44834433125000006 0.4730197171875 0.45962740156250004
1 0.3743417859375 0.45215574218750004 0.378536775 0.452971165625 0.377440171875 0.4586127015625 0.3964133296875 0.450591321875 0.399703140625 0.4336667171875 0.403898128125 0.434482140625 0.41157435312499996 0.394991390625 0.4157693390625 0.3958068125 0.43112178749999996 0.316825315625 0.4353167765625 0.3176407390625 0.4386065859375 0.3007161328125 0.442801575 0.30153155625 0.44499478124999997 0.290248484375 0.44918977031249996 0.2910639078125 0.45138297656250004 0.2797808375 0.45557796406250006 0.280596259375 0.4577711703125 0.2693131875 0.461966159375 0.27012861093749996 0.46525596875 0.25320400468750004 0.4694509578125 0.254019428125 0.4705475609375 0.2483778921875 0.466352571875 0.24756246875 0.4685457796875 0.2362793984375 0.460155803125 0.234648553125 0.457962596875 0.24593162343750002 0.4484760171875 0.24994231249999999 0.44737941406250004 0.25558384843750004 0.4389894390625 0.2539530015625 0.44008604218749997 0.248311465625 0.42750107656249997 0.245865196875 0.425499296875 0.233766703125 0.41710932031250003 0.23213585625 0.4105297 0.2659850703125 0.4147246875 0.26680049375000003 0.41033827343749996 0.2893666359375 0.4145332625 0.290182059375 0.4002774171875 0.363522021875 0.39608242968749996 0.3627065984375 0.38840620625 0.402197346875 0.3842112171875 0.4013819234375 0.3743417859375 0.45215574218750004
1 0.6182253671875 0.42930558437500005 0.622420353125 0.4301210078125 0.6246135609375 0.4188379359375 0.6288085484375 0.419653359375 0.6331949625 0.39708721874999997 0.6248049875 0.395456371875 0.6184167921875 0.4059240203125 0.605831828125 0.4034777515625 0.60692843125 0.397836215625 0.5985384546875 0.39620536875 0.5996350578125 0.39056383281249996 0.5912450828125 0.3889329875 0.5923416859375 0.3832914515625 0.5881466984375 0.38247602812500003 0.5870500953125 0.3881175640625 0.58285510625 0.387302140625 0.5795652953125 0.40422674843750006 0.583760284375 0.405042171875 0.581567078125 0.416325240625 0.58886045 0.4235976234375 0.5877638453125 0.4292391578125 0.591958834375 0.43005458125 0.59086223125 0.43569611718749995 0.59505721875 0.436511540625 0.5917674093749999 0.453436146875 0.604352371875 0.4558824171875 0.6054489765625 0.45024088124999995 0.6096439640625 0.4510563046875 0.611837171875 0.43977323281249997 0.616032159375 0.44058865625 0.6182253671875 0.42930558437500005
1 0.879080321875 0.38633555468749997 0.8539103953125 0.381443015625 0.8517171875 0.3927260859375 0.8475222 0.3919106625 0.8431357859374999 0.4144768046875 0.847330775 0.41529222812500005 0.8308817234375001 0.4999152609375 0.8350767109375001 0.500730684375 0.8339801078125 0.5063722203125 0.854955046875 0.5104493359375 0.857148253125 0.4991662640625 0.8613432421875 0.49998168749999994 0.8723092765624999 0.4435663328125 0.8765042640624999 0.44438175468749996 0.880890678125 0.4218156125 0.8903772562500001 0.4178049234375 0.8936670671875 0.400880315625 0.87798371875 0.39197708750000004 0.879080321875 0.38633555468749997