0 0.291166771875 0.48098576406250004 0.2906911453125 0.5055785859374999 0.321199728125 0.5052018015625 0.3205121765625 0.4783525453125 0.291166771875 0.48098576406250004
0 0.3512919484375 0.222433321875 0.37561955 0.22665656093750003 0.375658465625 0.2022713140625 0.35143786875 0.19776752343749998 0.3512919484375 0.222433321875
0 0.5121518609375 0.1402779046875 0.5410452640625001 0.1434222859375 0.541041709375 0.12025494375000001 0.5127205359375 0.1168272609375 0.5121518609375 0.1402779046875
0 0.8209304671875 0.45826537656250005 0.8519794078125 0.4542352921875 0.8531701937499999 0.42013565 0.8228430343750001 0.4276119234375 0.8209304671875 0.45826537656250005
1 0.1637532609375 0.3859467578125 0.16221725781250002 0.46510739062499995 0.1657735390625 0.484137384375 0.17064305156249998 0.483398934375 0.174096996875 0.3844909125 0.1454187078125 0.3734957390625 0.11252063593749999 0.448662553125 0.1191092609375 0.4507096609375 0.14981288125 0.386368446875 0.1637532609375 0.3859467578125
1 0.3024152671875 0.52434128125 0.268307771875 0.5994658671875001 0.2434929359375 0.668555340625 0.24709132031249997 0.6773490718749999 0.27295546875 0.6050792828125 0.2984727265625 0.55055069375 0.2996241140625 0.5869316609374999 0.3026820953125 0.6033918046875 0.301454265625 0.6905667859375 0.305209375 0.687063859375 0.3080162390625 0.5199942875 0.3024152671875 0.52434128125
1 0.32816723593749997 0.3324739421875 0.3584842265625 0.2537786515625 0.36167160468750004 0.2838711046875 0.3646635640625 0.284884078125 0.3632242953125 0.23940785781249999 0.3614418046875 0.2384370796875 0.3453096640625 0.26694637656250003 0.32774889687500003 0.3190272578125 0.32816723593749997 0.3324739421875
1 0.48862705 0.254689246875 0.4826141375 0.270832621875 0.48859095156250004 0.274856721875 0.524039075 0.17688462968750002 0.5286947578125 0.2342839765625 0.5258375375 0.281427225 0.531216696875 0.2834320984375 0.5348951484375 0.195434146875 0.5242925734375 0.169625371875 0.52072759375 0.1676838171875 0.48862705 0.254689246875
1 0.49379947343749997 0.7654226265624999 0.51090594375 0.6569976171875 0.5370656796875 0.7387046640625 0.5451958796875 0.73269368125 0.512081071875 0.64068531875 0.5076895218749999 0.6450745859375 0.48841766875000003 0.746155778125 0.48683593593749996 0.8087883859374999 0.492851496875 0.809906975 0.49379947343749997 0.7654226265624999
1 0.6193204703124999 0.309186525 0.60604285625 0.2732905984375 0.6110310890624999 0.2171365546875 0.614567075 0.23724744375 0.6504800265624999 0.3001298046875 0.6521314203124999 0.2885278375 0.6211556546875 0.239294584375 0.613957021875 0.20270244375000002 0.607210003125 0.2051923859375 0.6035922375 0.27411351875 0.613241490625 0.30988273906249997 0.6193204703124999 0.309186525
1 0.777779996875 0.45281500937499997 0.7762800875 0.426415578125 0.7668235640625001 0.4024638203125 0.7495664296875 0.359160746875 0.7381346875 0.3224207828125 0.7352668296875 0.3005161625 0.7298875828125 0.2985112515625 0.7214611203125 0.3490941140625 0.7232805953125 0.383681415625 0.7263412687499999 0.4174034984375 0.7343069140625 0.41750591249999996 0.7311103765625 0.3848633375 0.7277962046875001 0.3584005140625 0.7317678296875 0.3140217703125 0.74450675 0.3653437390625 0.757816046875 0.40033224218749996 0.7668262546875 0.4197257953125 0.7742467000000001 0.4499660703125 0.777779996875 0.45281500937499997
1 0.6840897625 0.51768224375 0.6976241984375 0.5731832828125001 0.70462678125 0.5710935234375001 0.6823997328125 0.4967272546875 0.67934435625 0.4975290890625 0.67291950625 0.5254688468750001 0.6697190640625 0.6171175484375 0.67337910625 0.6163368296875 0.6840897625 0.51768224375
1 0.8399984 0.630331978125 0.8406584562500001 0.5767523859375 0.8444346578124999 0.5032941703125 0.861694484375 0.563859184375 0.8867539875 0.6299273171875 0.8919070546875 0.617608375 0.884616053125 0.601000415625 0.8464045828125 0.4815584890625 0.8365388109375 0.486665090625 0.8354614328125001 0.5175171390625 0.8296863078125 0.6308804046875001 0.8399984 0.630331978125