0 0.26298364375 0.6552696124999999 0.2391477265625 0.6529119515625 0.237878953125 0.7151316015625 0.2621179859375 0.713830284375 0.26298364375 0.6552696124999999
0 0.127072109375 0.5056147156249999 0.10200486875 0.504590328125 0.10369879687500001 0.56547665625 0.12447507656250001 0.56547665625 0.127072109375 0.5056147156249999
0 0.5400006546875 0.47438238281249995 0.509277596875 0.4780485625 0.5088362359375 0.5251349234375 0.5451947234375 0.5121214375 0.5400006546875 0.47438238281249995
0 0.675046465625 0.6084211140625 0.6339529234375 0.5998284265625 0.6274341156250001 0.6344480375 0.668121084375 0.644858853125 0.675046465625 0.6084211140625
0 0.8663614515625 0.6669817375 0.86549573125 0.60191439375 0.8490178578125 0.6013897046875 0.8481822078125001 0.6136265187500001 0.8455851750000001 0.6643790593750001 0.8663614515625 0.6669817375
1 0.22018645781249999 0.4209043875 0.24870292031250002 0.5512942625 0.2498911203125 0.6102376390625001 0.25404975625000004 0.6102376390625001 0.2558320328125 0.5539735078125 0.26414934843750004 0.522715671875 0.2718725890625 0.4512691359375 0.2694961859375 0.40750816875 0.2646557484375 0.40521815781250003 0.2623670734375 0.5066402015625 0.2528616 0.55040116875 0.2267214953125 0.41822514218749995 0.22018645781249999 0.4209043875
1 0.6580329265625 0.5593319953125 0.6580329265625 0.5343257046875001 0.671103 0.49413704375 0.69308446875 0.41286665625 0.68833166875 0.4092943171875 0.655062490625 0.5352187984375 0.6503954984375 0.4030752234375 0.6479333781250001 0.4994955296875 0.6526860906249999 0.5602250546875001 0.6580329265625 0.5593319953125
1 0.3716802 0.4003634921875 0.356634359375 0.3109290765625 0.35088693437499996 0.313734634375 0.370492 0.4164389625 0.3716802 0.4003634921875
1 0.8568863312499999 0.39305892343750004 0.857848175 0.5672948640625 0.8602528109375 0.5716326890625 0.8626575203125 0.5716326890625 0.8886278687500001 0.4921059234375 0.9415304078125001 0.390167059375 0.9340142515625001 0.386148065625 0.8828566796875 0.4921059234375 0.8621765640625 0.55283543125 0.8636193593750001 0.390167059375 0.8568863312499999 0.39305892343750004
1 0.8330041484375 0.3419117921875 0.8193736078124999 0.4053494421875 0.820816403125 0.4053494421875 0.8366871703125 0.3518495953125 0.8330041484375 0.3419117921875
1 0.7943650984375 0.46246410937500004 0.7833648984375 0.3766069078125 0.7789752875 0.37426169374999996 0.7909985484375001 0.472585715625 0.7943650984375 0.46246410937500004