0 0.296086434375 0.511657678125 0.29860865937500003 0.5361253968749999 0.328620675 0.5320528921875 0.3246780421875 0.505486515625 0.296086434375 0.511657678125
0 0.32387977968750004 0.2477377546875 0.348361559375 0.2489804 0.3454343203125 0.224771653125 0.32102384375000004 0.22323756874999998 0.32387977968750004 0.2477377546875
0 0.472371865625 0.14669200625 0.5012207890625 0.1463103046875 0.4983998203125 0.1233155609375 0.47008022031249996 0.1233466953125 0.472371865625 0.14669200625
0 0.81526010625 0.42488347343750005 0.8453602046875 0.41711931093750004 0.8423864140624999 0.3831287203125 0.8134165359375001 0.3942259640625 0.81526010625 0.42488347343750005
1 0.158997328125 0.43277114843750003 0.1671110375 0.511529709375 0.1729290859375 0.5299871578124999 0.177636846875 0.52866386875 0.169011190625 0.4300721625 0.1394194421875 0.42263533750000004 0.1161487328125 0.501231746875 0.122888971875 0.5024649109375 0.1453141921875 0.43487968125 0.158997328125 0.43277114843750003
1 0.31244136718750004 0.55332735625 0.287973965625 0.6320284671875 0.271927978125 0.703612778125 0.2765426375 0.7119049328125 0.2932356640625 0.6370367328125 0.311744496875 0.57981994375 0.317303296875 0.6157909640625 0.322317878125 0.63175806875 0.3317098625 0.718434059375 0.3349834875 0.7145019375 0.3174309328125 0.5483336671875 0.31244136718750004 0.55332735625
1 0.3144791671875 0.35976399375 0.33477781875 0.2779782296875 0.341577759375 0.3074606484375 0.3446487078125 0.3081033828125 0.3377001703125 0.2631395984375 0.33582595312499997 0.2623921234375 0.323399278125 0.29264523750000004 0.31243170937500003 0.34646794999999997 0.3144791671875 0.35976399375
1 0.46310860624999994 0.2631049890625 0.45914778749999996 0.27985733437500004 0.465525684375 0.28312696718749997 0.488535334375 0.181585615625 0.5001027812500001 0.237993996875 0.5030210390625001 0.2851332765625 0.5085645453125001 0.2864711421875 0.5014868921875 0.1986812109375 0.4879022625 0.174349571875 0.484153834375 0.17285462499999998 0.46310860624999994 0.2631049890625
1 0.5303167906249999 0.769415815625 0.53398455625 0.659722765625 0.569694496875 0.7376512921875 0.5769735609375 0.7306993640624999 0.5331585234375 0.6433892328125 0.52936565 0.6482782640625 0.5226713859375 0.750944578125 0.52873000625 0.8133034859375 0.5347927265625 0.8136844999999999 0.5303167906249999 0.769415815625
1 0.5984987328125 0.301353453125 0.581051853125 0.26733391875 0.579137284375 0.2109924640625 0.5850667875 0.2305252359375 0.62809650625 0.2885866015625 0.62831254375 0.27687065624999996 0.5918069874999999 0.2317584359375 0.5802646015625 0.1963109109375 0.573920078125 0.1996002859375 0.5787375171875 0.2684478078125 0.5925942359375 0.30278144375 0.5984987328125 0.301353453125
1 0.7720843171875 0.42470469531250005 0.767396034375 0.39868328124999997 0.7551663625 0.376055925 0.7328979437500001 0.33516672187499996 0.7171670140625 0.3000856453125 0.7116776265625 0.27869147656250004 0.7061340296874999 0.2773535875 0.7039836328125 0.32858207500000003 0.7099825140625 0.36269176875000003 0.7170990359375 0.3957922015625 0.7249594484374999 0.394928190625 0.7178403531249999 0.362915709375 0.7113569046875 0.33705131875 0.7098727890625 0.29252090000000003 0.7286649546875 0.34191714375000004 0.746032696875 0.3750321578125 0.7572683062500001 0.3931892921875 0.768256753125 0.4223052640625 0.7720843171875 0.42470469531250005
1 0.6876670390624999 0.5004478328124999 0.7077511984375 0.5538956515625 0.7143961796875 0.5509725078125001 0.6834535640625 0.4798534484375 0.6805408421875 0.481019725 0.6776087734375 0.5095307250000001 0.685601353125 0.6008863296875 0.689112375 0.5996677078125 0.6876670390624999 0.5004478328124999
1 0.85497198125 0.5933597828125 0.8491062703125 0.5400983484374999 0.8438931578125001 0.46672824999999996 0.868263515625 0.5247507875 0.9009875703124999 0.5872900015625 0.904566353125 0.57443790625 0.8953633156249999 0.5588372484375 0.8431906203124999 0.4449152859375 0.8340916406250001 0.45117995312500003 0.8367822125 0.48193333593750004 0.8448789390625 0.5951542546875 0.85497198125 0.5933597828125