0 0.11328125 0.6125 0.04375 0.065625
0 0.3640625 0.79609375 0.0453125 0.1078125
0 0.5796875 0.90390625 0.0484375 0.1140625
0 0.871875 0.47890625 0.0453125 0.1078125
0 0.71484375 0.4375 0.0359375 0.0703125
0 0.4875 0.4078125 0.0296875 0.0578125
0 0.34609375 0.403125 0.0203125 0.0234375
1 0.15685910625 0.35732548125 0.1143984109375 0.48517899218749994 0.08552475312499999 0.39534571875 0.0756283265625 0.398559990625 0.11199554375000001 0.5187308234375 0.16748570625 0.3676216984375 0.15685910625 0.35732548125
1 0.41938231249999997 0.64091213125 0.41265583125000005 0.6325409859375 0.36235193125 0.7069709125 0.3594427390625 0.68507926875 0.3299422328125 0.6208791296875 0.354183728125 0.7187308734375 0.3758048890625 0.7237132046875 0.41938231249999997 0.64091213125
1 0.603307659375 0.7693172875000001 0.6460119171875001 0.6205671296874999 0.6388048265624999 0.618906328125 0.590768878125 0.75828043125 0.5631396546875 0.6402690921875 0.5545350609375 0.6419298546875 0.5872851015625 0.781351528125 0.603307659375 0.7693172875000001
1 0.34485420625 0.390151728125 0.351280525 0.389927315625 0.3724894171875 0.301213840625 0.39682726874999996 0.26115862500000003 0.3838745828125 0.2587422625 0.376186934375 0.2637918796875 0.34915210625 0.36992088125 0.32821319375 0.26164224062499997 0.32593768125 0.2578967828125 0.324976515625 0.2713175484375 0.34485420625 0.390151728125
1 0.8815751859375001 0.364715425 0.9562972859375 0.23205926093749998 0.9511989515625 0.2293686171875 0.8780186296875 0.3447588625 0.8408227374999999 0.23822127499999998 0.829165646875 0.2355425546875 0.8715787296874999 0.365064509375 0.8815751859375001 0.364715425
1 0.7167133609375 0.35230420625000003 0.7273905359375 0.35097514531249996 0.748224946875 0.31295475 0.7600113984375 0.258251646875 0.7456492765625 0.3006137328125 0.7298935328125 0.320288496875 0.7210446078125 0.33302843437499996 0.7163935343750001 0.3226723671875 0.680232496875 0.24934945625 0.6702692906250001 0.25065361875000003 0.7167133609375 0.35230420625000003
1 0.48477933437500004 0.3231107125 0.49610990624999995 0.36096408750000003 0.5032502390625 0.36071474062500003 0.50890946875 0.3385239109375 0.5212755203125 0.30366791718749997 0.5471643515625 0.2565066296875 0.5401481687499999 0.2504163875 0.520608490625 0.2845666890625 0.49809888750000003 0.3360327453125 0.4854873265625 0.281968228125 0.4798084328125 0.283122778125 0.48477933437500004 0.3231107125
1 1 0.9217109453125 0.9942600781250001 0.912224665625 0.912153828125 0.70838699375 0.9095461703125001 0.7382810078125 0.9844833953125001 0.9393404703125 1 0.963481134375 1 0.9217109453125