0 0.09375 0.49609375 0.0546875 0.0703125
0 0.2796875 0.25625 0.0640625 0.1109375
0 0.45234375 0.09609375 0.06875 0.11875
0 0.840625 0.4171875 0.0640625 0.1109375
0 0.70546875 0.49765625 0.0484375 0.0734375
0 0.5 0.58671875 0.0390625 0.0609375
0 0.36796875 0.63046875 0.0234375 0.025
1 0.21064955937500002 0.711528559375 0.11789933125 0.5843861984375 0.1161863 0.707146546875 0.126331428125 0.7075068453125 0.1291941765625 0.6152839453125 0.203460775 0.724066621875 0.21064955937500002 0.711528559375
1 0.3050769296875 0.361442134375 0.30190499375 0.340078128125 0.369128225 0.3965248296875 0.373179040625 0.38684556406250004 0.3100066203125 0.32071959843750003 0.29107726718750004 0.3312187390625 0.29471854999999997 0.4297344515625 0.3050769296875 0.361442134375
1 0.5022417453125 0.2304068734375 0.5848404078125 0.3485212640625 0.59115021875 0.3450215171875 0.5110237984375 0.216658215625 0.492757896875 0.209653371875 0.49962426875 0.3495397046875 0.5081395125 0.348786896875 0.5022417453125 0.2304068734375
1 0.43430945625 0.75301515625 0.4428782375 0.755695015625 0.45437151406250004 0.7499396578125 0.4207577765625 0.7188270718750001 0.376964796875 0.6411265546875 0.37087899062499996 0.642643915625 0.3842663625 0.759712778125 0.38878432812499997 0.772071903125 0.3899084859375 0.7679385890625 0.3803607390625 0.6605081796875 0.43430945625 0.75301515625
1 0.8830080203125 0.541926921875 0.9827186640625 0.630730190625 0.98677376875 0.626829378125 0.8809645421875001 0.5222080874999999 0.8714977671874999 0.52456841875 0.866636165625 0.6577463140625001 0.8768439875 0.6520927453125 0.8830080203125 0.541926921875
1 0.7507201625000001 0.604770834375 0.7707949515625 0.6190307296875 0.79567710625 0.6549950859375 0.769884115625 0.6067355156249999 0.740103575 0.576593740625 0.7297344640625 0.578215815625 0.7135823203125 0.686274371875 0.723275303125 0.6848209062499999 0.7374201046875 0.6061604171874999 0.7389900968750001 0.595173190625 0.7507201625000001 0.604770834375
1 0.5291460953125 0.6523094375 0.5641207796875001 0.69464170625 0.591644421875 0.7214932015625 0.5965815421875 0.7138804296875 0.5595985796875 0.6765041546874999 0.5386107703125 0.6470598671875 0.5273244390625 0.6277190375 0.5205624515625 0.6294049890625 0.5201400265625 0.6680404421875 0.5262556828125 0.706972296875 0.5318913656250001 0.7065304296875 0.5291460953125 0.6523094375
1 0.81908225625 0 0.806517653125 0.16347500937499998 0.8170187656250001 0.19087875468749999 0.836712540625 0 0.81908225625 0