1 0.6778676578125 1 0.71962011875 0.7360040296875 0.6724103984375 0.735435409375 0.6236062234374999 1 0.6778676578125 1
1 0.5428538406250001 1 0.591860653125 0.713580975 0.5491793953124999 0.713974909375 0.5005620234375 1 0.5428538406250001 1
1 0.446949896875 0.6827792421875001 0.4278734984375 0.6834574875 0.3724227234375 0.984052909375 0.417707334375 0.9936784515625 0.4731581109375 0.693083028125 0.446949896875 0.6827792421875001
1 0.280925903125 0.9646046609375001 0.3301724625 0.653224375 0.29298221875 0.6500524015625 0.23658194687499998 0.9551790609375 0.280925903125 0.9646046609375001
1 0.155552678125 0.9379557593750001 0.21599838125 0.6336889828125 0.17331712187499998 0.6340829171875 0.1300021859375 0.8378636687500001 0.14522836875 0.85529926875 0.11654753437500001 0.929664959375 0.155552678125 0.9379557593750001
1 0.8087658046874999 1 0.844491921875 0.7720124671875 0.8082642328125 0.764312034375 0.800848109375 0.7769348625 0.7631975875 1 0.8087658046874999 1
0 0.8765625 0.44765625 0.246875 0.4296875
0 0.72265625 0.4109375 0.2171875 0.4171875
0 0.5890625 0.39140625 0.2078125 0.4109375
0 0.46640625 0.36171875 0.2015625 0.415625
0 0.33359375 0.3328125 0.2171875 0.4203125
0 0.2 0.30546875 0.1984375 0.403125