0 0.292994915625 0.4791344640625 0.2926189375 0.5033257156250001 0.3213230109375 0.506921540625 0.322917640625 0.480552125 0.292994915625 0.4791344640625
0 0.36677112031250003 0.7562322406249999 0.3427556796875 0.7595486124999999 0.3420536875 0.783800284375 0.3659737453125 0.780204453125 0.36677112031250003 0.7562322406249999
0 0.526238134375 0.8437307765625001 0.49777960312499997 0.845829890625 0.497534065625 0.8689015687499999 0.52544081875 0.866504321875 0.526238134375 0.8437307765625001
0 0.8419829562500001 0.548872853125 0.8116552031250001 0.5438454203124999 0.8124815125 0.5740436453125 0.8419829562500001 0.5824339296875001 0.8419829562500001 0.548872853125
1 0.12275524374999999 0.527181065625 0.1162202078125 0.52896721875 0.14592486875 0.6039860546875 0.17444133125 0.5941621687499999 0.17444133125 0.49681628906249997 0.1696885703125 0.4959232296875 0.1655470140625 0.5145077765625 0.164341734375 0.5923759890625 0.150677603125 0.5914829296875 0.12275524374999999 0.527181065625
1 0.3051417640625 0.4610930546875 0.3104886 0.4655584484375 0.3134590796875 0.30123147499999997 0.3098945203125 0.29765916875 0.30811224375 0.3833949671875 0.304547684375 0.3994704375 0.3021713265625 0.435193671875 0.27900170156250004 0.38071572656249997 0.2560996 0.3087861421875 0.25226747656250004 0.3173069234375 0.2742489453125 0.38607421249999996 0.3051417640625 0.4610930546875
1 0.353263290625 0.74416521875 0.3550455703125 0.7432721250000001 0.3580160515625 0.6986180703125 0.3550455703125 0.699511125 0.35088693437499996 0.7289828140625 0.3238357859375 0.6505840593750001 0.322964553125 0.663787890625 0.33841098125 0.7155865953125 0.353263290625 0.74416521875
1 0.5071333484375 0.8191840593749999 0.5106979046875 0.8173978749999999 0.5219857015625 0.7923916171875 0.521391578125 0.7057627109375 0.5160447421875001 0.7075488640625001 0.5172329421875 0.753989103125 0.5106979046875 0.8102532671875 0.4792725046875 0.7127291359375 0.4732700515625 0.7164796890625 0.47861688750000003 0.7325551531250001 0.5071333484375 0.8191840593749999
1 0.495845596875 0.18781013124999998 0.4952515203125 0.24943274375 0.5106979046875 0.349457853125 0.5148565859375 0.353923284375 0.5505021640625001 0.26461513124999997 0.5427306140625 0.2584272015625 0.514262465625 0.3378478359375 0.5011924328124999 0.2306780328125 0.5017865125000001 0.1869170484375 0.495845596875 0.18781013124999998
1 0.60872324375 0.6834702890625 0.602782284375 0.6825772296875 0.5920886109375 0.7174074046875 0.5932768546875 0.7852815734374999 0.599811846875 0.7879608140625 0.6081291203125 0.7522375796875 0.6402101375 0.7049042453125 0.6389872984375 0.6934427375000001 0.6015941265625 0.7540237656250001 0.5974354468749999 0.7736715359375 0.5944650109375 0.7183004640624999 0.60872324375 0.6834702890625
1 0.710313134375 0.6477470546874999 0.7168481265625 0.6977596390625 0.7221950515625 0.6959734531249999 0.7257596109375 0.674539496875 0.738235559375 0.6388162625 0.7566523859375 0.5968414156249999 0.766752021875 0.573621278125 0.7691283375 0.5477219296875 0.765563778125 0.55040116875 0.7572465046875 0.5798728578125 0.7477409890625 0.59862756875 0.733482759375 0.6325646500000001 0.71922453125 0.6825772296875 0.7168481265625 0.6388162625 0.7210068078125 0.6129168796875 0.7252618109375 0.580938715625 0.7174422515625001 0.5807659515625 0.7132835703125 0.613809940625 0.710313134375 0.6477470546874999
1 0.6687266000000001 0.47270308749999995 0.6740734359375 0.5003886234375 0.677043959375 0.501281715625 0.7014017421875 0.4289421203125 0.6946022734375 0.4266474921875 0.6794202734375 0.4807408203125 0.67229115625 0.3833949671875 0.6687266000000001 0.382501875 0.6687266000000001 0.47270308749999995
1 0.8362608984375001 0.375357234375 0.8261612578124999 0.3744641421875 0.8279435375 0.48609931093750003 0.8279435375 0.5164640875 0.8374490546875 0.5218225796875 0.8790355890624999 0.40572198437500007 0.8867587374999999 0.38964651875 0.8821245531249999 0.377360015625 0.85527184375 0.44144525156250003 0.8362608984375001 0.5003886234375 0.8350726546875 0.4280490265625 0.8362608984375001 0.375357234375