0 0.165625 0.5046875 0.03671875 0.0703125
0 0.3140625 0.51171875 0.0390625 0.08046875
0 0.415625 0.5234375 0.025 0.0515625
0 0.60703125 0.6015625 0.0296875 0.07421875
0 0.82890625 0.51796875 0.03359375 0.07421875
1 0.308880309375 0.32474226875 0.3011583015625 0.32474226875 0.3011583015625 0.335051546875 0.297297296875 0.335051546875 0.297297296875 0.40206185625 0.29343629375 0.40206185625 0.29343629375 0.43298969062500003 0.297297296875 0.43298969062500003 0.297297296875 0.4742268046875 0.3204633203125 0.4742268046875 0.3204633203125 0.4484536078125 0.32432432499999997 0.4484536078125 0.32432432499999997 0.40206185625 0.3204633203125 0.40206185625 0.3204633203125 0.376288659375 0.3166023171875 0.376288659375 0.3166023171875 0.34020618593749996 0.3204633203125 0.34020618593749996 0.3204633203125 0.31958762812499997 0.32432432499999997 0.31958762812499997 0.32432432499999997 0.30927835 0.3166023171875 0.3041237109375 0.3127413125 0.3144329890625 0.308880309375 0.3144329890625 0.308880309375 0.32474226875
1 0.1428571421875 0.4226804125 0.146718146875 0.43298969062500003 0.1583011578125 0.43298969062500003 0.1583011578125 0.4278350515625 0.16216216249999998 0.4278350515625 0.16216216249999998 0.4175257734375 0.1583011578125 0.4175257734375 0.1583011578125 0.35567010312499997 0.1544401546875 0.35567010312499997 0.1583011578125 0.32474226875 0.135135134375 0.31958762812499997 0.135135134375 0.335051546875 0.1389961390625 0.335051546875 0.1389961390625 0.4226804125 0.1428571421875 0.4226804125
1 0.47104247031249996 0.335051546875 0.46718146718750003 0.335051546875 0.46718146718750003 0.376288659375 0.47104247031249996 0.376288659375 0.47104247031249996 0.40206185625 0.47490347499999996 0.40206185625 0.47490347499999996 0.4278350515625 0.478764478125 0.4278350515625 0.478764478125 0.44329896875 0.4826254828125 0.44329896875 0.4826254828125 0.453608246875 0.48648648593750005 0.453608246875 0.48648648593750005 0.463917525 0.49034749062499994 0.463917525 0.49034749062499994 0.4742268046875 0.49420849375 0.4742268046875 0.49420849375 0.4845360828125 0.5019305015625 0.4845360828125 0.5019305015625 0.489690721875 0.50579150625 0.489690721875 0.50579150625 0.4845360828125 0.5096525093750001 0.4845360828125 0.5096525093750001 0.45876288593750003 0.50579150625 0.45876288593750003 0.5019305015625 0.4278350515625 0.4980694984375 0.4278350515625 0.4980694984375 0.412371134375 0.49420849375 0.412371134375 0.49420849375 0.3969072171875 0.49034749062499994 0.3969072171875 0.49034749062499994 0.376288659375 0.48648648593750005 0.376288659375 0.48648648593750005 0.34020618593749996 0.4826254828125 0.34020618593749996 0.4826254828125 0.3144329890625 0.478764478125 0.3144329890625 0.47490347499999996 0.32474226875 0.47104247031249996 0.32474226875 0.47104247031249996 0.335051546875
1 0.4324324328125 0.298969071875 0.42471042499999995 0.298969071875 0.42471042499999995 0.29381443281249997 0.4131274125 0.29381443281249997 0.409266409375 0.2835051546875 0.40154440156250004 0.2835051546875 0.40154440156250004 0.3144329890625 0.40540540468749997 0.3144329890625 0.40540540468749997 0.335051546875 0.409266409375 0.335051546875 0.409266409375 0.40206185625 0.40540540468749997 0.40206185625 0.40540540468749997 0.4381443296875 0.40154440156250004 0.4381443296875 0.40154440156250004 0.4845360828125 0.40540540468749997 0.4845360828125 0.40540540468749997 0.489690721875 0.42084942031250006 0.47938144375 0.42084942031250006 0.463917525 0.42471042499999995 0.463917525 0.42471042499999995 0.4278350515625 0.428571428125 0.4278350515625 0.428571428125 0.35567010312499997 0.4324324328125 0.35567010312499997 0.4324324328125 0.34020618593749996 0.43629343593750003 0.34020618593749996 0.43629343593750003 0.3298969078125 0.44015444062500003 0.3298969078125 0.44015444062500003 0.31958762812499997 0.44401544375 0.31958762812499997 0.44401544375 0.30927835 0.44787644843749996 0.30927835 0.44787644843749996 0.29381443281249997 0.4517374515625 0.29381443281249997 0.4517374515625 0.28865979375 0.44787644843749996 0.28865979375 0.44787644843749996 0.278350515625 0.44015444062500003 0.278350515625 0.44015444062500003 0.28865979375 0.4324324328125 0.29381443281249997 0.4324324328125 0.298969071875
1 0.575289575 0.40721649531250004 0.5791505796875 0.40721649531250004 0.5791505796875 0.4175257734375 0.5868725875 0.4226804125 0.5868725875 0.4278350515625 0.590733590625 0.4278350515625 0.590733590625 0.43298969062500003 0.5945945953125 0.43298969062500003 0.5945945953125 0.4484536078125 0.60617760625 0.4484536078125 0.60617760625 0.44329896875 0.610038609375 0.44329896875 0.610038609375 0.43298969062500003 0.6138996140625 0.43298969062500003 0.6138996140625 0.4226804125 0.6177606171875001 0.4226804125 0.6177606171875001 0.412371134375 0.6216216218749999 0.412371134375 0.6216216218749999 0.3917525765625 0.6138996140625 0.3917525765625 0.610038609375 0.40206185625 0.5984555984375 0.40206185625 0.5984555984375 0.3969072171875 0.590733590625 0.3969072171875 0.590733590625 0.3917525765625 0.5830115828125 0.3917525765625 0.5830115828125 0.38659793750000004 0.5791505796875 0.38659793750000004 0.5791505796875 0.3917525765625 0.575289575 0.3917525765625 0.575289575 0.40721649531250004
1 0.8108108109375 0.3711340203125 0.8146718140625 0.3711340203125 0.8146718140625 0.4484536078125 0.81853281875 0.4484536078125 0.81853281875 0.453608246875 0.8378378375000001 0.453608246875 0.8378378375000001 0.44329896875 0.8416988421875 0.44329896875 0.8416988421875 0.3917525765625 0.8455598453125001 0.3917525765625 0.8455598453125001 0.3711340203125 0.8532818531249999 0.36597938124999996 0.8532818531249999 0.3505154640625 0.8378378375000001 0.345360825 0.8378378375000001 0.34020618593749996 0.8146718140625 0.34020618593749996 0.8146718140625 0.3505154640625 0.8108108109375 0.3505154640625 0.8108108109375 0.3711340203125