0 0.223903396875 0.7701856515625 0.24957661875 0.7656220265625 0.2428170921875 0.702939740625 0.217093659375 0.70354116875 0.223903396875 0.7701856515625
0 0.0612059 0.62785341875 0.0833578109375 0.62513350625 0.07827358437500001 0.5608342234375 0.0514122125 0.56302138125 0.0612059 0.62785341875
0 0.48787578906249995 0.5317121296875 0.5249344109375 0.5130480656249999 0.51444549375 0.473405871875 0.482169171875 0.4813450796875 0.48787578906249995 0.5317121296875
0 0.6286668875 0.6329812078125 0.673413590625 0.6387781015625 0.676017290625 0.5989396874999999 0.6310756125 0.595138590625 0.6286668875 0.6329812078125
0 0.8651887109375 0.636401809375 0.8876820593750001 0.6364627203125 0.8782229156250001 0.5670550640625 0.8605851812499999 0.5686516515625 0.8612995343750001 0.5818354343750001 0.8651887109375 0.636401809375
1 0.22295000156250003 0.6565394765625 0.2273839890625 0.6559950515625 0.22190305000000002 0.5956464968749999 0.2266703921875 0.561160309375 0.22553201875 0.48381240937500003 0.21725732187500002 0.43736725 0.2117959703125 0.43555417968750004 0.22266118906250001 0.5442178515625 0.2182672890625 0.5922185171875001 0.1730563921875 0.4544175859375 0.1664401484375 0.458135746875 0.2139504203125 0.59371716875 0.22295000156250003 0.6565394765625
1 0.6451068234374999 0.5233430984375 0.62279506875 0.38276570468750004 0.6328191890625 0.48610799374999997 0.6458536171875 0.5503720578125 0.6514373171875001 0.5487178921875 0.6481567734375 0.522000003125 0.6568199359375 0.4773495 0.6695950734375 0.3876387296875 0.6640589328125001 0.3844440859375 0.6451068234374999 0.5233430984375
1 0.2917350546875 0.32652000625 0.326111859375 0.43368752656250004 0.32526981250000003 0.416356190625 0.297494971875 0.322769996875 0.2917350546875 0.32652000625
1 0.888481034375 0.446702234375 0.9315131046875 0.3308602859375 0.92297204375 0.3275501765625 0.8823277234375 0.447457765625 0.8682453703125 0.5150513328125 0.8484434359374999 0.341059959375 0.8416439796875 0.3450312109375 0.8655273078124999 0.5310671140625 0.868660234375 0.5353870484375001 0.8712241625000001 0.5350722375 0.888481034375 0.446702234375
1 0.80479818125 0.3628850484375 0.8147012 0.3036455984375 0.8094705921875001 0.2935097453125 0.8032598546875 0.36307392968749996 0.80479818125 0.3628850484375
1 0.75610833125 0.33514704375000004 0.7818266796875 0.43862700937500004 0.7840882921875 0.42737188125000003 0.76109625 0.3370781171875 0.75610833125 0.33514704375000004