2 0.07109375 0.65703125 0.05703125 0.09375
2 0.2390625 0.64453125 0.0578125 0.09375
2 0.59375 0.590625 0.04765625 0.0984375
2 0.4609375 0.5890625 0.05 0.09296875
2 0.8609375 0.559375 0.0515625 0.10234375
2 0.9578125 0.5609375 0.05546875 0.1109375
2 0.81015625 0.496875 0.03828125 0.07734375
2 0.46640625 0.490625 0.0375 0.06796875
2 0.32734375 0.53046875 0.02890625 0.0609375
2 0.16015625 0.55078125 0.04453125 0.07578125
2 0.6265625 0.44375 0.02890625 0.059375
2 0.234375 0.525 0.03515625 0.0640625
0 0.840625 0.68203125 0.025 0.01484375
