0 0.15859375 0.97265625 0.0734375 0.0546875
0 0.1421875 0.8546875 0.071875 0.0734375
0 0.1296875 0.7421875 0.078125 0.0859375
0 0.1 0.58515625 0.05625 0.1078125
0 0.07890625 0.421875 0.05625 0.1234375
0 0.05546875 0.253125 0.05 0.115625
0 0.11875 0.246875 0.05625 0.1234375
0 0.1421875 0.41484375 0.0515625 0.1140625
0 0.253125 0.9578125 0.075 0.084375
0 0.2359375 0.84296875 0.0734375 0.071875
0 0.2234375 0.728125 0.0703125 0.075
0 0.16171875 0.5859375 0.0578125 0.125
0 0.1453125 0.41953125 0.0578125 0.125
0 0.34140625 0.94609375 0.084375 0.09375
0 0.321875 0.8296875 0.0734375 0.0765625
0 0.3109375 0.71953125 0.0703125 0.0765625
0 0.28671875 0.55390625 0.0515625 0.125
0 0.26171875 0.39453125 0.0578125 0.1296875
0 0.24375 0.18984375 0.0671875 0.1515625
0 0.42734375 0.92265625 0.0578125 0.1375
0 0.4109375 0.76640625 0.0578125 0.1296875
0 0.39296875 0.6125 0.0578125 0.1328125
0 0.37421875 0.45859375 0.0578125 0.1390625
0 0.35625 0.29453125 0.053125 0.1359375
0 0.31015625 0.140625 0.0578125 0.125
0 0.38125 0.12265625 0.059375 0.140625
0 0.45390625 0.0734375 0.0796875 0.103125
0 0.6265625 0.053125 0.078125 0.084375
0 0.509375 0.91875 0.059375 0.14375
0 0.57421875 0.9109375 0.0578125 0.128125
0 0.6359375 0.9 0.0578125 0.1328125
0 0.69609375 0.87734375 0.059375 0.1140625
0 0.503125 0.7890625 0.0734375 0.0828125
0 0.475 0.65390625 0.05625 0.11875
0 0.4515625 0.50390625 0.0609375 0.13125
0 0.45390625 0.334375 0.0578125 0.1390625
0 0.4671875 0.19609375 0.0796875 0.0984375
0 0.5421875 0.06015625 0.078125 0.090625
0 0.6296875 0.053125 0.0796875 0.09375
0 0.6375 0.1703125 0.0734375 0.08125
0 0.6671875 0.296875 0.0578125 0.1375
0 0.71015625 0.44296875 0.0546875 0.1203125
0 0.72578125 0.6046875 0.05 0.1328125
0 0.2234375 0.57578125 0.053125 0.1234375
0 0.2046875 0.40234375 0.0578125 0.1390625
0 0.1796875 0.2359375 0.0609375 0.1328125
0 0.590625 0.7765625 0.0765625 0.0875
0 0.67734375 0.7609375 0.0765625 0.090625
0 0.53828125 0.64453125 0.05 0.1171875
0 0.6 0.63125 0.0625 0.1203125
0 0.665625 0.61953125 0.0578125 0.1296875
0 0.5140625 0.4765625 0.0515625 0.1234375
0 0.58203125 0.46328125 0.0546875 0.125
0 0.64765625 0.45390625 0.0515625 0.1296875
0 0.5234375 0.32734375 0.059375 0.1296875
0 0.5984375 0.31484375 0.0640625 0.1328125
0 0.7546875 0.87265625 0.0625 0.1359375
0 0.55078125 0.18515625 0.0828125 0.103125