0 0.084375 0.17421875 0.078125 0.08125
0 0.10703125 0.3 0.0765625 0.078125
0 0.1296875 0.409375 0.084375 0.0921875
0 0.14921875 0.565625 0.0640625 0.109375
0 0.17890625 0.7265625 0.0671875 0.125
0 0.20859375 0.89140625 0.059375 0.115625
0 0.2703125 0.878125 0.065625 0.1234375
0 0.240625 0.71328125 0.0609375 0.1140625
0 0.178125 0.16484375 0.08125 0.096875
0 0.19921875 0.2828125 0.078125 0.0765625
0 0.22109375 0.39453125 0.075 0.0796875
0 0.20703125 0.546875 0.06875 0.125
0 0.2421875 0.7078125 0.06875 0.1265625
0 0.265625 0.15390625 0.090625 0.0984375
0 0.2828125 0.26875 0.078125 0.08125
0 0.30625 0.37578125 0.0765625 0.08125
0 0.334375 0.53828125 0.0640625 0.125
0 0.359375 0.69609375 0.06875 0.13125
0 0.4046875 0.89296875 0.0796875 0.153125
0 0.3546875 0.15 0.06875 0.1375
0 0.38671875 0.3015625 0.0703125 0.13125
0 0.4171875 0.45078125 0.06875 0.134375
0 0.44609375 0.6015625 0.0703125 0.140625
0 0.47890625 0.7609375 0.065625 0.1359375
0 0.48203125 0.91953125 0.06875 0.125
0 0.5546875 0.9140625 0.071875 0.140625
0 0.6359375 0.9359375 0.0859375 0.103125
0 0.80546875 0.90546875 0.084375 0.0890625
0 0.43203125 0.128125 0.071875 0.1453125
0 0.49453125 0.115625 0.06875 0.1296875
0 0.55703125 0.1078125 0.06875 0.1328125
0 0.61953125 0.109375 0.06875 0.115625
0 0.465625 0.25234375 0.078125 0.0859375
0 0.48125 0.3875 0.065625 0.1203125
0 0.5046875 0.53515625 0.071875 0.13125
0 0.55703125 0.69375 0.0703125 0.1390625
0 0.6125 0.81953125 0.0875 0.103125
0 0.72421875 0.92265625 0.084375 0.0921875
0 0.80859375 0.90234375 0.0859375 0.096875
0 0.7796875 0.79140625 0.0796875 0.0859375
0 0.76953125 0.6640625 0.0703125 0.1375
0 0.765625 0.5140625 0.0640625 0.121875
0 0.73125 0.3578125 0.0609375 0.1328125
0 0.26796875 0.5375 0.0640625 0.1234375
0 0.30390625 0.70625 0.0703125 0.1390625
0 0.33125 0.86953125 0.0734375 0.134375
0 0.5515625 0.23671875 0.0828125 0.0921875
0 0.63828125 0.225 0.0828125 0.09375
0 0.54296875 0.37734375 0.0609375 0.11875
0 0.60546875 0.3703125 0.071875 0.121875
0 0.6703125 0.36171875 0.06875 0.13125
0 0.57109375 0.5421875 0.0625 0.1234375
0 0.6390625 0.534375 0.0640625 0.1265625
0 0.70390625 0.521875 0.0625 0.1296875
0 0.62578125 0.67890625 0.0703125 0.1296875
0 0.69921875 0.66875 0.075 0.1328125
0 0.6765625 0.096875 0.0734375 0.1375
0 0.69453125 0.8046875 0.090625 0.1078125