0 0.15390625 0.11484375 0.05859375 0.0625
0 0.15 0.22890625 0.05703125 0.05859375
0 0.14921875 0.32890625 0.06171875 0.0703125
0 0.1375 0.46953125 0.03984375 0.09140625
0 0.134375 0.61484375 0.0390625 0.1046875
0 0.1296875 0.76484375 0.03359375 0.0984375
0 0.1859375 0.7640625 0.03828125 0.1046875
0 0.190625 0.61484375 0.03515625 0.096875
0 0.2375 0.125 0.05859375 0.07578125
0 0.23359375 0.23125 0.059375 0.0578125
0 0.2328125 0.3328125 0.05546875 0.0609375
0 0.1921875 0.46328125 0.040625 0.10546875
0 0.19296875 0.6109375 0.03984375 0.10703125
0 0.31640625 0.13125 0.06640625 0.0765625
0 0.31015625 0.23515625 0.05859375 0.06171875
0 0.31015625 0.33203125 0.05625 0.0625
0 0.3046875 0.4796875 0.03515625 0.10703125
0 0.29765625 0.621875 0.03984375 0.1109375
0 0.30078125 0.803125 0.0453125 0.1296875
0 0.39453125 0.14375 0.0390625 0.1171875
0 0.39453125 0.2828125 0.040625 0.1109375
0 0.39296875 0.41875 0.0390625 0.1140625
0 0.38984375 0.55546875 0.0390625 0.11953125
0 0.38984375 0.70078125 0.03515625 0.1171875
0 0.36328125 0.840625 0.03984375 0.10625
0 0.42734375 0.8484375 0.03984375 0.11953125
0 0.4953125 0.88515625 0.06171875 0.08515625
0 0.64921875 0.8875 0.06171875 0.06796875
0 0.46640625 0.1390625 0.0390625 0.12421875
0 0.5234375 0.13984375 0.03984375 0.109375
0 0.5796875 0.14453125 0.0390625 0.11328125
0 0.634375 0.1578125 0.0421875 0.096875
0 0.47265625 0.25390625 0.0578125 0.06640625
0 0.4609375 0.375 0.0390625 0.10078125
0 0.4546875 0.50859375 0.0421875 0.11171875
0 0.47109375 0.65703125 0.0390625 0.11796875
0 0.49609375 0.7765625 0.0625 0.08125
0 0.57421875 0.8890625 0.06171875 0.0734375
0 0.65234375 0.8875 0.0625 0.0765625
0 0.64765625 0.78359375 0.05859375 0.065625
0 0.66171875 0.6703125 0.0390625 0.1171875
0 0.6859375 0.53828125 0.03671875 0.103125
0 0.68515625 0.3953125 0.0328125 0.1140625
0 0.246875 0.46640625 0.0359375 0.10546875
0 0.246875 0.6203125 0.0390625 0.11953125
0 0.240625 0.76875 0.04296875 0.11328125
0 0.55078125 0.25703125 0.06015625 0.071875
0 0.62890625 0.2625 0.0609375 0.0734375
0 0.51640625 0.37734375 0.034375 0.1
0 0.57265625 0.3828125 0.04453125 0.10234375
0 0.63125 0.3875 0.03984375 0.1109375
0 0.51171875 0.5265625 0.03515625 0.10546875
0 0.571875 0.53203125 0.03671875 0.10703125
0 0.63046875 0.534375 0.03359375 0.1109375
0 0.53359375 0.65703125 0.040625 0.11015625
0 0.6 0.6609375 0.0453125 0.11171875
0 0.68515625 0.15703125 0.0421875 0.11640625
0 0.57109375 0.77890625 0.06484375 0.08515625
0 0.0125 0.109375 0.0234375 0.06640625
0 0.0125 0.22265625 0.0203125 0.10625