0 0.1054362109375 0.3437542375 0.097965525 0.37482362343750003 0.097920815625 0.37594918437499997 0.11342439062500001 0.37942693125 0.120490828125 0.345000659375 0.1054362109375 0.3437542375
0 0.22308510468749998 0.4571471265625 0.2524140828125 0.46119791406250005 0.25320605 0.435991484375 0.224786328125 0.431449696875 0.22308510468749998 0.4571471265625
0 0.365053778125 0.5266668921875 0.39316866875 0.5310764328124999 0.3982264953125 0.5042753203125 0.371978828125 0.4968309171875 0.365053778125 0.5266668921875
1 0.1252540453125 0.5270180546875001 0.12411478281249999 0.5033485890625 0.117016328125 0.4758121109375 0.10516364375000001 0.43945803281250007 0.102418075 0.4230152703125 0.10537922968749999 0.389273275 0.10199732187499999 0.3877381984375 0.089386621875 0.44230858125 0.083128684375 0.483448596875 0.08241405 0.5025668234375 0.0874605765625 0.49855533750000003 0.0885231 0.48486913749999994 0.0880327625 0.47070152500000007 0.0964637390625 0.4285365609375 0.0986328796875 0.4200009859375 0.1083183453125 0.46864596093750005 0.1187242421875 0.50943866875 0.123161275 0.5275877718750001 0.1252540453125 0.5270180546875001
1 0.238411653125 0.47093256875 0.23189835625000002 0.485273365625 0.21839987968750002 0.5354628625 0.22322698281250003 0.5354464890624999 0.23463716406250001 0.488572521875 0.23713512187500002 0.4932373265625 0.24190488906250002 0.5320974781250001 0.2439173953125 0.531982959375 0.24737081249999998 0.5161638828124999 0.23930332499999998 0.48282409375 0.2405856765625 0.471785284375 0.238411653125 0.47093256875
1 0.3818615234375 0.549417715625 0.384258840625 0.5358218625 0.37704425625 0.5327974109375 0.3624878859375 0.571410284375 0.35394109375 0.607578146875 0.36019191093749997 0.6055927624999999 0.366922425 0.5743826109375 0.3702972671875 0.5622733625 0.37817615 0.5421966828125 0.379545478125 0.574856084375 0.3821937921875 0.610807559375 0.38760408125 0.6117615390625 0.3836063328125 0.5817052406250001 0.3818615234375 0.549417715625
1 0.5068464968749999 0.6157020609375 0.5095498359375 0.61267408125 0.508264471875 0.5971146296875001 0.5084801703124999 0.57831520625 0.5038109140625 0.5573402046875 0.50583093125 0.54061125625 0.5059735109375 0.5257416609375001 0.4998023171875 0.5062541406250001 0.49672170624999995 0.50614903125 0.48749794843750005 0.54088329375 0.484578934375 0.562710690625 0.47925355625000005 0.580609140625 0.47287663437500005 0.5991983296875001 0.47175289062500003 0.605571390625 0.4745353203125 0.60893593125 0.482332371875 0.5772092953125 0.48825618281249994 0.5541594 0.4974049984375 0.519850009375 0.5027448859375 0.5299912625000001 0.5018513265625 0.5456045781250001 0.4999035046875 0.5566512234375 0.5056315390624999 0.5909553234375 0.5068464968749999 0.6157020609375
1 0.613238440625 0.6151862875 0.6223881578125 0.582629365625 0.6335615328124999 0.5403534265625 0.6383784296874999 0.60156065625 0.6426049375 0.5927653328125 0.6406435296875 0.5775247640625001 0.6352828046875 0.5270764531250001 0.6321272546875 0.5273962015625 0.62380069375 0.5535270640625 0.6076774203124999 0.6133295750000001 0.613238440625 0.6151862875
0 0.50625 0.4765625 0.0359375 0.034375
0 0.6229894421875 0.4989863671875 0.6531428499999999 0.5006998312500001 0.656809184375 0.4711187625 0.6235235109375 0.470068496875 0.6229894421875 0.4989863671875
0 0.7896622046874999 0.5228445374999999 0.786954353125 0.517110109375 0.7554775375 0.52689271875 0.7570214984375 0.5552059875 0.7858450921875 0.55152288125 0.7896622046874999 0.5228445374999999
1 0.7758595078125 0.565971115625 0.7723275796875 0.5649102703125 0.761674084375 0.595449709375 0.751547740625 0.628272496875 0.7468289203125 0.6567918265625 0.7488728 0.65415553125 0.75837959375 0.61764896875 0.771808603125 0.578399240625 0.7769309718749999 0.60383494375 0.784095115625 0.6546012609375 0.786725334375 0.6555031109375 0.7848261562500001 0.615302934375 0.7772161515625 0.5740957734375 0.7758595078125 0.565971115625
1 0.9316483312500001 0.567290684375 0.9278315671874999 0.586484115625 0.9159498796875001 0.6207599046875 0.9064271671874999 0.6551460062500001 0.9092074265625 0.6589982562500001 0.9165852921875001 0.633097446875 0.926216346875 0.6054544671875 0.9342724203125 0.5732548468750001 0.93809170625 0.5589520640625001 0.9386792875 0.5801446515625 0.9360716218749999 0.6059696640625 0.936289540625 0.6219012390625 0.9406703015625 0.6501628265625 0.945898646875 0.6532424031249999 0.9425868640624999 0.6352371109375 0.9391087984375 0.599781175 0.941871996875 0.5706215765625 0.9436937609375 0.5455749 0.9385035296875 0.5443540812500001 0.9316483312500001 0.567290684375
0 0.94375 0.515625 0.0359375 0.0390625