0 0.9868138249999999 0.6142791421875 0.9781328874999999 0.6151771359375 0.9723434937500001 0.6438398609375 0.9791801625 0.6448960890625 0.9868138249999999 0.6142791421875
0 0.8437091609375 0.586918184375 0.8593896781250001 0.5900702453125 0.8598084546875 0.589020678125 0.8656321046875 0.557499221875 0.851276234375 0.5524862749999999 0.8437091609375 0.586918184375
0 0.6824610609375 0.6050153734375 0.7110917265625 0.61329480625 0.7200269125000001 0.5890541734375 0.6920319203124999 0.5815963562500001 0.6824610609375 0.6050153734375
0 0.5244489140625 0.61149460625 0.552109503125 0.618948965625 0.5579310359375 0.5887806921875 0.5307478031249999 0.5848704062500001 0.5244489140625 0.61149460625
1 0.9228913828125 0.7354750296875 0.9405928640625 0.7181182015625 0.9647516078124999 0.68925670625 0.9684795359375 0.6878139562500001 0.9740003828124999 0.6656710515625 0.9643619687499999 0.6772126546874999 0.9416538062500001 0.7097809578125001 0.9180122562499999 0.7311253859375 0.9228913828125 0.7354750296875
1 0.8219165234375 0.71242265625 0.8290708859375 0.694613534375 0.8401247984375001 0.65436075 0.8508233234375 0.599205203125 0.8470855625 0.5992290375 0.836022221875 0.6313555671875 0.8267785015625 0.645298634375 0.8010227437499999 0.673761934375 0.7832425656249999 0.6960899 0.77252344375 0.7173111140625 0.7742155000000001 0.7186887265624999 0.7857121625000001 0.7038737765625 0.811950840625 0.670752103125 0.8407353093750001 0.6301412984375 0.8392427796874999 0.6388488 0.8297687453125 0.6809291171875 0.82352890625 0.6937096265625 0.8189140281249999 0.706683925 0.8219165234375 0.71242265625
1 0.6631576046875 0.674273240625 0.6834227765625001 0.6406179671875 0.6876263171875 0.6373651437500001 0.6789683390625 0.6849780796875 0.6834014093749999 0.6869666078125001 0.6914933796875 0.6354620546875 0.691362340625 0.619659478125 0.6890143484375 0.6195519390625 0.6856833734375 0.6301904578124999 0.6646407046875 0.6574394875 0.6613533796875 0.673345515625 0.6631576046875 0.674273240625
1 0.5125571515625 0.6617924125 0.496599278125 0.687696846875 0.501965221875 0.6890347265625001 0.5190906984375 0.65717716875 0.533694684375 0.62781304375 0.5327380671874999 0.649429396875 0.530894296875 0.6619041953125 0.5243323531249999 0.6932520140625 0.529270359375 0.6976267125 0.536187475 0.6609938515625 0.5385762671875 0.6196637921875 0.530704821875 0.61948529375 0.5273545421875 0.63292253125 0.5125571515625 0.6617924125
1 0.43316393125 0.55859219375 0.42755989687499996 0.5937683765624999 0.423590240625 0.6173096 0.4177982171875 0.6495666890625 0.42173211874999994 0.6476215265625 0.4233025625 0.6413228203125 0.42503283593749996 0.6216834375 0.42744803750000004 0.6031068562499999 0.4336818671875 0.5819142296875001 0.439390575 0.546318121875 0.4365142140625 0.54515494375 0.42287567031249995 0.56048720625 0.41693113593750003 0.5741696703125 0.4119536609375 0.590323328125 0.3990887546875 0.6076325421875 0.3916057546875 0.6249455796875 0.384065984375 0.6386763109375 0.3853151734375 0.6425559203125 0.39654408750000003 0.6203786109375 0.415829040625 0.5912895687499999 0.41855114687499995 0.5803718 0.424108846875 0.5657008765625 0.43316393125 0.55859219375
1 0.2701159265625 0.5758230625 0.2995554015625 0.5217116953125001 0.29255835937499997 0.5650149 0.287671209375 0.5985857625000001 0.2935446421875 0.59915814375 0.3031502875 0.5377726015625 0.306168871875 0.510426115625 0.30339718125 0.508843025 0.2778535828125 0.5528742656250001 0.2698223125 0.5660364296875 0.2701159265625 0.5758230625
0 0.4421875 0.515625 0.0375 0.0359375
0 0.2977476953125 0.47737366718749996 0.3261816140625 0.48813172031249996 0.337506159375 0.46141756093749997 0.3064623015625 0.448771253125 0.2977476953125 0.47737366718749996
0 0.1799335484375 0.4848445375 0.1929223375 0.45953392656250003 0.16796846875 0.437701603125 0.16313483281250002 0.441848653125 0.154927759375 0.4696855953125 0.1799335484375 0.4848445375
1 0.15364106718749998 0.4938957390625 0.129804584375 0.5285402359375 0.11163212656249999 0.5645969171874999 0.11441977968749999 0.5648459515625001 0.141752021875 0.5212606546874999 0.1568563125 0.5000496 0.15317040625 0.5415022609375 0.146997865625 0.57883794375 0.14780055625 0.5820890578125 0.1551133078125 0.554029153125 0.15921083125 0.5198154078125 0.16189053281250002 0.48747824062499995 0.158208559375 0.4870062296875 0.15364106718749998 0.4938957390625
1 0 0.5163044484375 0.0016814671875 0.5153304890625 0.0069729515625 0.4799311546875 0.010049678125 0.443668446875 0.0143815625 0.42452213437499997 0.017448279687500002 0.4007039234375 0.0121757046875 0.399700503125 0.0041851046875 0.42182218125000004 0 0.43860771875 0 0.44150033281249995 0.0026627 0.433424940625 0.0118623625 0.41424760000000005 0.0095311 0.42891391875 0.0037840546875 0.461710278125 0.001347440625 0.49097556249999996 0 0.500467178125 0 0.5163044484375
0 0.02890625 0.37421875 0.03125 0.0390625