0 0.0092277609375 0.5130597265625 0.00006417343750000001 0.513897896875 0 0.5432898921875 0.010418071875 0.5395111234375001 0.0092277609375 0.5130597265625
0 0.135400375 0.5668022546875 0.13450764375 0.534892615625 0.1200641734375 0.5355581828125 0.11992638124999999 0.5365720734375 0.12171184374999999 0.565542665625 0.135400375 0.5668022546875
0 0.27198817656249996 0.48366928124999997 0.2450641734375 0.4826667875 0.2425280625 0.5059220375 0.2687148015625 0.5063419062500001 0.27198817656249996 0.48366928124999997
0 0.40917111874999995 0.4433623921875 0.383278459375 0.44287230781250003 0.384769840625 0.470653525 0.409468709375 0.46813434374999996 0.40917111874999995 0.4433623921875
1 0.0032762265625000003 0.444202128125 0.006251998437500001 0.431606225 0.0017883453125 0.4307664875 0.000002884375 0.4412630796875 0 0.49710492031250003 0.000598034375 0.4992042328125 0.008930190624999999 0.4819898375 0.021725990625 0.44840075312499994 0.037795143749999996 0.4244685375 0.032564173437499996 0.4217157484375 0.020833259375 0.4408432109375 0.00595441875 0.471493246875 0.0029786453125 0.47359255781250004 0.0032762265625000003 0.444202128125
1 0.12290214375 0.47485215 0.1255803375 0.5256556296875 0.12885369062500002 0.524815890625 0.13153188124999998 0.49416587187500005 0.136590675 0.4798905109375 0.15295742031249998 0.4492404890625 0.1636701875 0.42572812656250003 0.1684314125 0.4047349609375 0.16664595 0.403895246875 0.1598016734375 0.41943017656250003 0.1440301125 0.45427885 0.12766336875 0.4962651828125 0.12706822812500002 0.48828778906250003 0.1261754984375 0.4492404890625 0.12885369062500002 0.4366445875 0.1300641734375 0.42423438750000003 0.1261754984375 0.4198500453125 0.123794875 0.43706444062500005 0.12290214375 0.47485215
1 0.2609778171875 0.47275283593750006 0.26306087031250003 0.47233296874999997 0.263656009375 0.4622562453125 0.2761542390625 0.4337055375 0.2755591 0.4190103234375 0.2737736375 0.4185904546875 0.26335841718749997 0.4525993921875 0.2603826765625 0.4563781640625 0.2575641734375 0.41264865312500004 0.25324083124999996 0.411872634375 0.25740689375 0.45889734375 0.2609778171875 0.47275283593750006
1 0.3949927703125 0.4392796609375 0.40193622500000004 0.4377121671875 0.40193622500000004 0.42517225156249994 0.4086019484375 0.3965655515625 0.41693412187499995 0.37031008593750003 0.41193480937500004 0.37031008593750003 0.40388040781249995 0.4020517609375 0.3974924171875 0.43105033906249995 0.393604071875 0.41184857968750005 0.392493125 0.40048428124999996 0.3913932296875 0.371504515625 0.386105134375 0.3687426140625 0.388049315625 0.40244363906249997 0.3949927703125 0.4392796609375
1 0.49414539843750005 0.41263232031249997 0.496089559375 0.42948284374999995 0.4952563453125 0.4494683421875 0.49803374375000004 0.481993759375 0.5008111203125 0.4823856359375 0.50942100625 0.465926990625 0.5116429203124999 0.45260331875000004 0.5124761343750001 0.43732029062500005 0.5199750734374999 0.41929416249999996 0.5227524515625 0.40244363906249997 0.526363065625 0.3887281046875 0.52441888125 0.385593115625 0.519419590625 0.40753798750000003 0.5088655421875 0.43732029062500005 0.5088655421875 0.4475089859375 0.5071991125 0.4616163828125 0.5008111203125 0.46984570468750003 0.49803374375000004 0.4377121671875 0.4963673125 0.41615917343750003 0.49439322968750005 0.3865491796875 0.4913680203125 0.38911996718749997 0.4913680203125 0.39499805625 0.49414539843750005 0.41263232031249997
1 0.614406140625 0.40361925625 0.6194054312499999 0.45965702343750003 0.62273829375 0.48434499375 0.6255156921875 0.48512873437500004 0.6382916734374999 0.44084714218750004 0.6424577515625 0.4275234859375 0.6400598953125 0.41898923593750004 0.6260711546875 0.47298069531250003 0.62273829375 0.43340157343749997 0.619683184375 0.402835515625 0.614406140625 0.40361925625
0 0.50234375 0.51015625 0.02890625 0.02734375
0 0.637353390625 0.5115402437500001 0.6100598953125 0.508316928125 0.60596891875 0.534268840625 0.6359646703124999 0.5385794484375 0.637353390625 0.5115402437500001
0 0.7643088796875 0.4870088109375 0.7390598953125 0.479167890625 0.7332021796875 0.5042512109375 0.7598650703125001 0.5179667609374999 0.76319793125 0.513264290625 0.7643088796875 0.4870088109375
1 0.749588734375 0.4439028359375 0.7543102953124999 0.4729013984375 0.75764315625 0.47250953593749995 0.7601428015625 0.46545583125 0.7734742484375 0.4297954265625 0.78152866875 0.39413503437499997 0.7790290234375 0.39452689687500003 0.764586609375 0.438808503125 0.755976725 0.4607533609375 0.75014421875 0.4235254734375 0.7473932296875 0.389370053125 0.745978140625 0.3866894515625 0.745700409375 0.41294491562499996 0.749588734375 0.4439028359375
1 0.9019224546875 0.5043768562500001 0.9007598296875001 0.49098029062500004 0.89862835625 0.46090634531249997 0.8943653843750001 0.4346599984375 0.8918463671874999 0.41032745156250006 0.8887460359375 0.4133348484375 0.8918463671874999 0.4455959796875 0.897078184375 0.47813051093750003 0.89746573125 0.4959014703125 0.89998475 0.5175000296875 0.9048290203124999 0.517226628125 0.9071542718750001 0.49453447656250005 0.9092857578125001 0.4680147375 0.9180054546875 0.43684720625000006 0.923818584375 0.42126343750000006 0.9186464390625 0.423193528125 0.91025461875 0.447783171875 0.9075418187500001 0.46199994687499996 0.9057978796875 0.4855122953125 0.9019224546875 0.5043768562500001
0 0.9 0.54375 0.02890625 0.03046875