0 0.009375 0.825 0.01875 0.06875
0 0.09453125 0.8453125 0.05625 0.059375
0 0.04296875 0.83125 0.05625 0.0609375
0 0.0109375 0.72734375 0.021875 0.0765625
0 0.0359375 0.7328125 0.0484375 0.0859375
0 0.0765625 0.74375 0.0515625 0.09375
0 0.1171875 0.75 0.05 0.096875
0 0.15234375 0.85859375 0.0609375 0.0703125
0 0.20390625 0.87109375 0.0546875 0.0671875
0 0.2484375 0.884375 0.0421875 0.05625
0 0.2921875 0.89296875 0.0578125 0.071875
0 0.3421875 0.9 0.0625 0.0765625
0 0.390625 0.9109375 0.0546875 0.0671875
0 0.41484375 0.81796875 0.05 0.096875
0 0.37265625 0.8015625 0.0515625 0.0953125
0 0.33046875 0.79609375 0.0515625 0.096875
0 0.28515625 0.78828125 0.05 0.1
0 0.240625 0.7796875 0.0515625 0.096875
0 0.19921875 0.76796875 0.0515625 0.1015625
0 0.15703125 0.76015625 0.05 0.0953125
0 0.06015625 0.634375 0.059375 0.075
0 0.11328125 0.6453125 0.053125 0.0671875
0 0.1671875 0.65390625 0.0578125 0.0703125
0 0.21953125 0.6671875 0.05625 0.071875
0 0.2765625 0.6734375 0.0609375 0.071875
0 0.33359375 0.68359375 0.05625 0.0671875
0 0.3875 0.7078125 0.0578125 0.0640625
0 0.0375 0.52890625 0.0484375 0.0984375
0 0.071875 0.5375 0.0453125 0.0953125
0 0.11015625 0.5421875 0.0453125 0.0984375
0 0.1453125 0.54765625 0.0484375 0.0953125
0 0.18359375 0.55390625 0.0484375 0.096875
0 0.22109375 0.5609375 0.05 0.0984375
0 0.25859375 0.56953125 0.0484375 0.090625
0 0.29453125 0.57421875 0.05 0.09375
0 0.3328125 0.58046875 0.0453125 0.0890625
0 0.40625 0.596875 0.05 0.09375
0 0.4484375 0.60390625 0.046875 0.096875
0 0.3859375 0.4953125 0.053125 0.0984375
0 0.3484375 0.4765625 0.046875 0.0890625
0 0.31015625 0.4734375 0.0453125 0.0875
0 0.2703125 0.465625 0.0484375 0.0875
0 0.234375 0.46171875 0.0421875 0.084375
0 0.20078125 0.44921875 0.0453125 0.0890625
0 0.165625 0.440625 0.0421875 0.078125
0 0.13046875 0.43359375 0.0453125 0.0921875
0 0.0890625 0.4328125 0.0421875 0.0859375
0 0.18671875 0.340625 0.040625 0.075
0 0.2234375 0.346875 0.040625 0.0734375
0 0.3234375 0.365625 0.0515625 0.059375
0 0.37265625 0.3734375 0.05 0.059375
0 0.4203125 0.37734375 0.0453125 0.05625
0 0.5078125 0.92890625 0.059375 0.0609375
0 0.5703125 0.940625 0.059375 0.0640625
0 0.63203125 0.9484375 0.0578125 0.071875
0 0.52421875 0.84296875 0.059375 0.065625
0 0.58671875 0.859375 0.0609375 0.06875
0 0.64375 0.8734375 0.0609375 0.071875
0 0.5390625 0.765625 0.0625 0.0625
0 0.60078125 0.78359375 0.0578125 0.065625
0 0.65859375 0.79375 0.05625 0.0578125
0 0.553125 0.66875 0.046875 0.0859375
0 0.59453125 0.67578125 0.046875 0.090625
0 0.6359375 0.68125 0.0484375 0.0875
0 0.67734375 0.6890625 0.0484375 0.090625
0 0.5734375 0.5578125 0.0546875 0.1
0 0.615625 0.5609375 0.0484375 0.0953125
0 0.6546875 0.56875 0.0484375 0.09375
0 0.69609375 0.5734375 0.05 0.09375
0 0.59296875 0.44609375 0.05 0.096875
0 0.63515625 0.45234375 0.05 0.1046875
0 0.67421875 0.459375 0.046875 0.0953125
0 0.77890625 0.4203125 0.05 0.0984375
0 0.828125 0.42578125 0.0484375 0.09375
0 0.8890625 0.40859375 0.0671875 0.08125
0 0.95078125 0.41796875 0.0625 0.071875
0 0.9890625 0.425 0.021875 0.078125
0 0.69375 0.9515625 0.046875 0.090625
0 0.71484375 0.85078125 0.05 0.09375
0 0.7359375 0.74453125 0.0484375 0.0921875
0 0.75625 0.6421875 0.05 0.10625
0 0.775 0.53515625 0.0453125 0.0890625
0 0.74921875 0.9609375 0.0515625 0.078125
0 0.7921875 0.9625 0.05625 0.075
0 0.8359375 0.96875 0.053125 0.0625
0 0.88125 0.97109375 0.05625 0.0578125
0 0.7703125 0.88515625 0.059375 0.0671875
0 0.83125 0.89609375 0.0625 0.0703125
0 0.89609375 0.90703125 0.0609375 0.0640625
0 0.7796875 0.78984375 0.05 0.09375
0 0.8234375 0.79140625 0.046875 0.0890625
0 0.86953125 0.8015625 0.053125 0.09375
0 0.9171875 0.80859375 0.0515625 0.0984375
0 0.79609375 0.68359375 0.053125 0.0984375
0 0.8453125 0.68671875 0.046875 0.0890625
0 0.890625 0.6953125 0.0515625 0.0921875
0 0.93828125 0.6984375 0.0515625 0.0953125
0 0.8328125 0.5796875 0.05 0.084375
0 0.88359375 0.5859375 0.05 0.09375
0 0.9359375 0.5984375 0.0546875 0.096875
0 0.97890625 0.6 0.040625 0.096875
0 0.9796875 0.50625 0.040625 0.06875
0 0.93359375 0.4984375 0.0625 0.0671875
0 0.87265625 0.4890625 0.065625 0.075
0 0.72421875 0.4453125 0.0625 0.1234375
0 0.6359375 0.23125 0.0625 0.1234375
0 0.7046875 0.24140625 0.0640625 0.13125