0 0.06796875 0.9703125 0.0515625 0.059375
0 0.1765625 0.965625 0.0484375 0.0546875
0 0.121875 0.96484375 0.0484375 0.0546875
0 0.05625 0.87265625 0.03125 0.075
0 0.090625 0.86953125 0.0359375 0.0828125
0 0.134375 0.87109375 0.0359375 0.090625
0 0.175 0.8671875 0.0359375 0.0953125
0 0.23671875 0.965625 0.053125 0.0640625
0 0.290625 0.9640625 0.046875 0.0625
0 0.33671875 0.96640625 0.034375 0.0515625
0 0.3828125 0.9640625 0.0484375 0.0671875
0 0.43359375 0.959375 0.0515625 0.0703125
0 0.48359375 0.9578125 0.0453125 0.0609375
0 0.484375 0.86015625 0.0359375 0.09375
0 0.43984375 0.8546875 0.0375 0.09375
0 0.39609375 0.859375 0.0375 0.09375
0 0.35 0.86328125 0.034375 0.0984375
0 0.3046875 0.865625 0.0359375 0.09375
0 0.26015625 0.86484375 0.0359375 0.0984375
0 0.2171875 0.86640625 0.0359375 0.0921875
0 0.09140625 0.76640625 0.05 0.0703125
0 0.146875 0.7640625 0.04375 0.0625
0 0.20078125 0.76015625 0.0484375 0.065625
0 0.25546875 0.76015625 0.046875 0.065625
0 0.3125 0.753125 0.0515625 0.065625
0 0.37109375 0.7484375 0.046875 0.0609375
0 0.43125 0.75859375 0.05 0.059375
0 0.04296875 0.66875 0.0328125 0.0953125
0 0.07890625 0.66875 0.03125 0.09375
0 0.1171875 0.66328125 0.0296875 0.0984375
0 0.15390625 0.6609375 0.034375 0.09375
0 0.19296875 0.6578125 0.034375 0.0953125
0 0.23125 0.65546875 0.034375 0.0953125
0 0.26953125 0.653125 0.034375 0.0890625
0 0.3078125 0.65078125 0.0359375 0.090625
0 0.3453125 0.646875 0.0328125 0.0875
0 0.42109375 0.6453125 0.0359375 0.090625
0 0.46484375 0.64140625 0.0328125 0.0953125
0 0.37734375 0.55 0.0375 0.096875
0 0.3359375 0.53984375 0.0328125 0.0859375
0 0.296875 0.546875 0.03125 0.0859375
0 0.25625 0.54921875 0.034375 0.084375
0 0.21953125 0.55390625 0.0296875 0.0828125
0 0.18359375 0.55 0.0296875 0.0890625
0 0.14765625 0.55 0.0296875 0.078125
0 0.1109375 0.55078125 0.0296875 0.090625
0 0.0703125 0.5609375 0.0296875 0.084375
0 0.14296875 0.446875 0.0296875 0.0734375
0 0.18046875 0.44375 0.0296875 0.071875
0 0.28359375 0.43828125 0.04375 0.0546875
0 0.334375 0.4328125 0.04375 0.053125
0 0.3828125 0.42578125 0.0390625 0.0515625
0 0.603125 0.946875 0.0515625 0.0546875
0 0.6671875 0.94296875 0.0515625 0.0578125
0 0.73046875 0.93515625 0.0484375 0.065625
0 0.5984375 0.85859375 0.0515625 0.059375
0 0.6640625 0.85859375 0.0515625 0.0625
0 0.72265625 0.85859375 0.0515625 0.065625
0 0.59375 0.778125 0.0546875 0.0546875
0 0.659375 0.78046875 0.05 0.059375
0 0.71875 0.77734375 0.05 0.0515625
0 0.58359375 0.67890625 0.034375 0.084375
0 0.62578125 0.67734375 0.03125 0.0890625
0 0.66796875 0.671875 0.034375 0.0859375
0 0.7109375 0.66953125 0.034375 0.0890625
0 0.5765625 0.565625 0.0390625 0.0984375
0 0.61875 0.55859375 0.0328125 0.09375
0 0.659375 0.55625 0.034375 0.0921875
0 0.70078125 0.55078125 0.034375 0.0921875
0 0.56796875 0.45078125 0.0359375 0.0953125
0 0.61171875 0.44609375 0.034375 0.103125
0 0.6515625 0.44375 0.0328125 0.0921875
0 0.7453125 0.3796875 0.0359375 0.096875
0 0.7953125 0.3734375 0.0359375 0.0921875
0 0.85 0.340625 0.05625 0.075
0 0.9125 0.334375 0.053125 0.065625
0 0.97109375 0.33046875 0.0484375 0.0734375
0 0.79140625 0.9234375 0.0328125 0.0890625
0 0.78671875 0.81875 0.0359375 0.090625
0 0.78203125 0.709375 0.034375 0.090625
0 0.77734375 0.60390625 0.0328125 0.10625
0 0.76953125 0.49375 0.03125 0.0875
0 0.85078125 0.92890625 0.0375 0.096875
0 0.89453125 0.925 0.040625 0.1
0 0.93984375 0.921875 0.0390625 0.0921875
0 0.9828125 0.91953125 0.034375 0.1015625
0 0.85 0.8390625 0.05 0.0609375
0 0.9125 0.83515625 0.0546875 0.0640625
0 0.97578125 0.82890625 0.0484375 0.0578125
0 0.8359375 0.74296875 0.034375 0.0921875
0 0.88046875 0.734375 0.034375 0.0875
0 0.92734375 0.7328125 0.0390625 0.0921875
0 0.9765625 0.72734375 0.0375 0.0953125
0 0.8265625 0.634375 0.0390625 0.0953125
0 0.87578125 0.625 0.0328125 0.0875
0 0.92265625 0.6234375 0.0359375 0.0890625
0 0.96953125 0.6140625 0.0375 0.0921875
0 0.8375 0.52265625 0.0375 0.0828125
0 0.88828125 0.5171875 0.0359375 0.0921875
0 0.94296875 0.51640625 0.0390625 0.0953125
0 0.98671875 0.50703125 0.0265625 0.0953125
0 0.97265625 0.41328125 0.05 0.0640625
0 0.91640625 0.41875 0.0546875 0.0609375
0 0.85390625 0.4234375 0.05625 0.0671875
0 0.696875 0.4171875 0.04375 0.1203125
0 0.5578125 0.228125 0.04375 0.1203125
0 0.62890625 0.221875 0.0421875 0.1296875