0 0.13125 0.084375 0.04453125 0.05390625
0 0.228125 0.0859375 0.04140625 0.04609375
0 0.1796875 0.08828125 0.04140625 0.046875
0 0.12421875 0.171875 0.025 0.065625
0 0.15546875 0.17421875 0.02890625 0.07265625
0 0.19375 0.171875 0.03046875 0.07890625
0 0.2296875 0.1734375 0.028125 0.0828125
0 0.28125 0.084375 0.0453125 0.05546875
0 0.32890625 0.084375 0.0390625 0.05390625
0 0.3703125 0.08046875 0.0296875 0.0453125
0 0.4109375 0.08125 0.04140625 0.0578125
0 0.45625 0.08359375 0.04453125 0.06015625
0 0.5015625 0.08359375 0.0390625 0.053125
0 0.5046875 0.1703125 0.02890625 0.0828125
0 0.46484375 0.1765625 0.0296875 0.08125
0 0.4265625 0.1734375 0.0296875 0.08203125
0 0.38515625 0.171875 0.02734375 0.0859375
0 0.34453125 0.17109375 0.02890625 0.0828125
0 0.30546875 0.17265625 0.02890625 0.08671875
0 0.2671875 0.17265625 0.02890625 0.08125
0 0.1578125 0.265625 0.0421875 0.06015625
0 0.2078125 0.265625 0.0375 0.05390625
0 0.25625 0.26796875 0.040625 0.05625
0 0.3046875 0.265625 0.03984375 0.05703125
0 0.35546875 0.2703125 0.04453125 0.05703125
0 0.4078125 0.27265625 0.040625 0.05234375
0 0.46015625 0.26171875 0.0421875 0.05
0 0.11875 0.35390625 0.0265625 0.084375
0 0.15 0.35234375 0.02421875 0.08203125
0 0.184375 0.35546875 0.02265625 0.0859375
0 0.2171875 0.35703125 0.02734375 0.08203125
0 0.25234375 0.35859375 0.02734375 0.0828125
0 0.2859375 0.359375 0.02734375 0.084375
0 0.3203125 0.359375 0.028125 0.078125
0 0.35390625 0.36171875 0.0296875 0.0796875
0 0.38828125 0.36328125 0.02578125 0.07578125
0 0.45546875 0.3625 0.02890625 0.07890625
0 0.49375 0.36484375 0.02578125 0.0828125
0 0.41953125 0.4484375 0.0296875 0.084375
0 0.3828125 0.4578125 0.02734375 0.07578125
0 0.34765625 0.453125 0.025 0.07578125
0 0.31171875 0.453125 0.028125 0.07421875
0 0.27890625 0.45 0.0234375 0.07265625
0 0.24765625 0.4546875 0.02421875 0.07734375
0 0.21484375 0.45546875 0.02421875 0.06796875
0 0.1828125 0.45546875 0.02421875 0.0796875
0 0.146875 0.4484375 0.0234375 0.07421875
0 0.21484375 0.546875 0.02421875 0.0640625
0 0.24765625 0.5484375 0.02421875 0.0625
0 0.33984375 0.55078125 0.0375 0.04765625
0 0.384375 0.55390625 0.03671875 0.046875
0 0.428125 0.55859375 0.0328125 0.04453125
0 0.6078125 0.08984375 0.04453125 0.046875
0 0.6640625 0.09140625 0.04453125 0.05
0 0.7203125 0.0953125 0.04140625 0.05625
0 0.60625 0.16796875 0.04453125 0.05078125
0 0.6640625 0.165625 0.04375 0.053125
0 0.71640625 0.1640625 0.04375 0.05703125
0 0.6046875 0.2390625 0.046875 0.04765625
0 0.66171875 0.23515625 0.04296875 0.0515625
0 0.715625 0.2359375 0.0421875 0.04375
0 0.5984375 0.32734375 0.02734375 0.0734375
0 0.6359375 0.328125 0.02578125 0.07734375
0 0.6734375 0.33125 0.02890625 0.075
0 0.71171875 0.33203125 0.02734375 0.078125
0 0.5953125 0.428125 0.03203125 0.0859375
0 0.6328125 0.43359375 0.0265625 0.08125
0 0.66953125 0.43359375 0.02734375 0.08046875
0 0.70703125 0.4375 0.028125 0.08046875
0 0.59140625 0.53046875 0.028125 0.0828125
0 0.63046875 0.5328125 0.02734375 0.090625
0 0.66640625 0.53359375 0.02578125 0.08125
0 0.7515625 0.58828125 0.028125 0.08515625
0 0.7953125 0.5921875 0.028125 0.08046875
0 0.84609375 0.61953125 0.0484375 0.06484375
0 0.9015625 0.62265625 0.04609375 0.05703125
0 0.95625 0.625 0.046875 0.0625
0 0.775 0.10390625 0.0265625 0.078125
0 0.77421875 0.196875 0.02890625 0.07890625
0 0.7734375 0.29453125 0.02734375 0.0796875
0 0.77265625 0.38828125 0.02578125 0.09296875
0 0.76953125 0.4859375 0.02578125 0.0765625
0 0.828125 0.0984375 0.0296875 0.084375
0 0.8671875 0.1 0.0328125 0.0875
0 0.90703125 0.1015625 0.03203125 0.08125
0 0.9484375 0.1015625 0.03203125 0.08828125
0 0.83046875 0.178125 0.04296875 0.053125
0 0.8859375 0.17890625 0.04609375 0.05546875
0 0.94453125 0.18203125 0.0453125 0.05
0 0.8203125 0.2625 0.028125 0.08125
0 0.86015625 0.26953125 0.02734375 0.0765625
0 0.9015625 0.26953125 0.03203125 0.08046875
0 0.9453125 0.27265625 0.0296875 0.08359375
0 0.98671875 0.27265625 0.0265625 0.0796875
0 0.815625 0.36015625 0.03125 0.08359375
0 0.859375 0.36640625 0.02734375 0.07578125
0 0.90078125 0.36640625 0.03046875 0.078125
0 0.94375 0.3734375 0.03046875 0.08125
0 0.98515625 0.3734375 0.0265625 0.0734375
0 0.82890625 0.45859375 0.03046875 0.071875
0 0.87421875 0.46171875 0.028125 0.08046875
0 0.92265625 0.46015625 0.03203125 0.0828125
0 0.9671875 0.46796875 0.03046875 0.08359375
0 0.95703125 0.5515625 0.05078125 0.05546875
0 0.9015625 0.54765625 0.04765625 0.05234375
0 0.84609375 0.5453125 0.0484375 0.05859375
0 0.7078125 0.55625 0.03515625 0.10546875
0 0.58984375 0.728125 0.03515625 0.10546875
0 0.65234375 0.73125 0.034375 0.11328125